43.538901 2.004917
42.469017 1.989544
40.975828 1.968090
38.604867 1.934024
38.324766 1.929999
35.969801 1.896163
34.069673 1.868861
32.101732 1.840586
32.283885 1.843203
31.878772 1.837382
30.404650 1.816202
30.553672 1.818343
28.529767 1.789263
28.783645 1.792911
28.484130 1.788607
27.119049 1.768994
25.204231 1.741481
25.053607 1.739317
25.035208 1.739053
23.911609 1.722909
23.830747 1.721747
22.841809 1.707538
22.669794 1.705066
23.490903 1.716864
23.490903 1.716864
23.483670 1.716760
22.901622 1.708397
23.390698 1.715424
23.390698 1.715424
23.390698 1.715424
23.420252 1.715849
22.709569 1.705638
22.955039 1.709165
22.847731 1.707623
22.847731 1.707623
22.652727 1.704821
21.703215 1.691178
21.432878 1.687294
21.328614 1.685796
21.326830 1.685770
21.404857 1.686891
21.460059 1.687684
21.460059 1.687684
21.542969 1.688876
21.569427 1.689256
20.616658 1.675566
21.358139 1.686220
20.200282 1.669584
19.468063 1.659063
19.465406 1.659025
19.429035 1.658502
19.126439 1.654155
18.344261 1.642916
17.910486 1.636684
18.234567 1.641340
18.330657 1.642721
19.319317 1.656926
19.354349 1.657429
19.474244 1.659152
18.610999 1.646749
17.766774 1.634619
18.316110 1.642512
18.306388 1.642372
18.252531 1.641598
18.026400 1.638349
18.049758 1.638685
18.151519 1.640147
18.236338 1.641366
18.245045 1.641491
18.190361 1.640705
18.105567 1.639487
18.172078 1.640442
18.172078 1.640442
18.652596 1.647346
18.545246 1.645804
18.535193 1.645660
18.535193 1.645660
18.535193 1.645660
18.650896 1.647322
18.509287 1.645287
18.490764 1.645021
19.824826 1.664189
19.831006 1.664278
19.829054 1.664250
19.829054 1.664250
19.408179 1.658203
18.895351 1.650834
18.895351 1.650834
18.594396 1.646510
18.673100 1.647641
18.664745 1.647521
18.657371 1.647415
18.701160 1.648044
18.393194 1.643619
18.255391 1.641639
18.232791 1.641315
18.507300 1.645259
18.384959 1.643501
18.396196 1.643662
18.396196 1.643662
18.378676 1.643411
18.061594 1.638855
18.061647 1.638856
18.061647 1.638856
18.979994 1.652051
19.074757 1.653412
19.097198 1.653735
19.093512 1.653682
19.089635 1.653626
19.085250 1.653563
19.085250 1.653563
18.773677 1.649086
18.776052 1.649120
18.664426 1.647516
18.169089 1.640399
18.284795 1.642062
18.280461 1.642000
17.601648 1.632246
17.935585 1.637044
17.820923 1.635397
18.251569 1.641584
18.296224 1.642226
18.436143 1.644236
18.321886 1.642595
18.321637 1.642591
17.781316 1.634828
17.144657 1.625680
17.299355 1.627903
17.306007 1.627998
17.306002 1.627998
17.474420 1.630418
17.384943 1.629133
17.585033 1.632008
17.585033 1.632008
18.763790 1.648944
18.763790 1.648944
17.990034 1.637827
17.990034 1.637827
17.990034 1.637827
18.083833 1.639174
17.898336 1.636509
17.898336 1.636509
17.890469 1.636396
17.762522 1.634558
17.740463 1.634241
17.731015 1.634105
16.873333 1.621782
16.860850 1.621602
16.834609 1.621225
16.969392 1.623162
16.969392 1.623162
16.975771 1.623254
16.975771 1.623254
16.991532 1.623480
16.997188 1.623561
16.997188 1.623561
16.996056 1.623545
15.457799 1.601443
15.472138 1.601649
15.477538 1.601727
15.365630 1.600119
15.249007 1.598443
15.734047 1.605412
15.544996 1.602696
15.544996 1.602696
15.544996 1.602696
15.544996 1.602696
15.536246 1.602570
15.318252 1.599438
15.303256 1.599223
15.297651 1.599142
15.297651 1.599142
15.285685 1.598970
14.684114 1.590327
14.759785 1.591414
14.769879 1.591559
14.858556 1.592833
15.066947 1.595827
15.064169 1.595787
15.064169 1.595787
15.046947 1.595540
15.039995 1.595440
15.032940 1.595339
15.159870 1.597162
15.166134 1.597252
15.231506 1.598192
15.177495 1.597416
14.881065 1.593156
14.830640 1.592432
14.927945 1.593830
14.999939 1.594864
14.998036 1.594837
14.911007 1.593587
14.865613 1.592934
14.865613 1.592934
14.865613 1.592934
15.219759 1.598023
15.229330 1.598160
15.499204 1.602038
15.280892 1.598901
15.052876 1.595625
15.052876 1.595625
15.062466 1.595763
15.067844 1.595840
14.996646 1.594817
14.933196 1.593905
14.615515 1.589341
14.603505 1.589168
14.734510 1.591051
14.734510 1.591051
14.631594 1.589572
14.547492 1.588364
17.108025 1.625154
17.559929 1.631647
17.568259 1.631766
17.281182 1.627642
17.337332 1.628448
17.276631 1.627576
17.225125 1.626836
17.279055 1.627611
17.228852 1.626890
17.228852 1.626890
17.267058 1.627439
17.257421 1.627300
17.631832 1.632680
17.631832 1.632680
17.633170 1.632699
17.633170 1.632699
17.644047 1.632855
17.610692 1.632376
17.608479 1.632344
17.613394 1.632415
17.564816 1.631717
17.576748 1.631888
17.546753 1.631457
17.472382 1.630389
17.472382 1.630389
17.463933 1.630268
17.463933 1.630268
17.327626 1.628309
17.313000 1.628099
15.970967 1.608816
15.950456 1.608522
16.147816 1.611357
16.346773 1.614216
16.317599 1.613797
16.317599 1.613797
16.369067 1.614536
15.882062 1.607539
15.068319 1.595847
15.315991 1.599406
15.393936 1.600525
15.409557 1.600750
15.409557 1.600750
15.425995 1.600986
15.800806 1.606371
15.913741 1.607994
15.887031 1.607610
15.903713 1.607850
16.007856 1.609346
16.007856 1.609346
16.007856 1.609346
15.975304 1.608879
15.945992 1.608458
15.600523 1.603494
15.846760 1.607032
15.864448 1.607286
15.821630 1.606671
15.821630 1.606671
15.940277 1.608375
17.043212 1.624223
16.895059 1.622094
16.881142 1.621894
15.589936 1.603342
15.522154 1.602368
15.512177 1.602224
15.763387 1.605834
15.680161 1.604638
15.612388 1.603664
15.411135 1.600773
15.200811 1.597751
14.820955 1.592293
14.828616 1.592403
14.828616 1.592403
14.825373 1.592356
14.645363 1.589770
14.619812 1.589403
14.478444 1.587372
14.570781 1.588698
14.570781 1.588698
14.675250 1.590199
14.648012 1.589808
14.654250 1.589898
14.606049 1.589205
14.608370 1.589238
14.655746 1.589919
14.343119 1.585427
14.343119 1.585427
14.343119 1.585427
14.316968 1.585051
14.341519 1.585404
14.588584 1.588954
14.516562 1.587919
14.527748 1.588080
14.530686 1.588122
14.541199 1.588273
14.539009 1.588242
14.692697 1.590450
14.692697 1.590450
14.634277 1.589611
14.421177 1.586549
14.438106 1.586792
14.438106 1.586792
14.438106 1.586792
14.438106 1.586792
15.611909 1.603657
15.588326 1.603319
15.579118 1.603186
16.661970 1.618745
17.372085 1.628948
17.180538 1.626196
17.083729 1.624805
17.071526 1.624629
17.046755 1.624273
17.177547 1.626153
16.522714 1.616744
16.544068 1.617051
16.629874 1.618284
16.532154 1.616880
16.440000 1.615555
16.392507 1.614873
16.369031 1.614536
16.315385 1.613765
14.586027 1.588917
14.659669 1.589975
14.659669 1.589975
14.468746 1.587232
14.480198 1.587397
14.370660 1.585823
14.385879 1.586042
14.357717 1.585637
14.367260 1.585774
14.232445 1.583837
14.171217 1.582957
13.825196 1.577986
13.588087 1.574579
13.786437 1.577429
13.767154 1.577152
13.738579 1.576741
13.795710 1.577562
13.885726 1.578855
13.838239 1.578173
13.821365 1.577931
13.798349 1.577600
15.272772 1.598785
15.298455 1.599154
15.304099 1.599235
15.315968 1.599405
15.318610 1.599443
15.254822 1.598527
15.254822 1.598527
15.079446 1.596007
13.724520 1.576539
13.725164 1.576548
13.620241 1.575041
13.580475 1.574469
13.580475 1.574469
13.582754 1.574502
13.574151 1.574379
13.753859 1.576961
13.719594 1.576468
13.715919 1.576415
12.920089 1.564981
12.924376 1.565042
12.774902 1.562895
13.076024 1.567221
13.093836 1.567477
13.093836 1.567477
13.098909 1.567550
13.006041 1.566216
13.005240 1.566204
12.913406 1.564885
12.957415 1.565517
12.936272 1.565213
13.275744 1.570091
13.499059 1.573300
13.659642 1.575607
13.444317 1.572513
13.514602 1.573523
13.513542 1.573508
12.940956 1.565281
12.929474 1.565116
12.929474 1.565116
12.981090 1.565857
12.938441 1.565245
12.938441 1.565245
12.937235 1.565227
12.926444 1.565072
12.951229 1.565428
12.728177 1.562223
12.842058 1.563860
13.494707 1.573237
13.447300 1.572556
13.428461 1.572285
13.687268 1.576004
13.466151 1.572827
13.628513 1.575160
13.713156 1.576376
13.721730 1.576499
13.923542 1.579399
13.428190 1.572281
13.642980 1.575367
13.535953 1.573830
13.538494 1.573866
13.545877 1.573972
13.545877 1.573972
14.331190 1.585256
14.347976 1.585497
14.374455 1.585877
14.379963 1.585957
14.499168 1.587669
14.424093 1.586591
14.424093 1.586591
14.423718 1.586585
14.447444 1.586926
14.447444 1.586926
14.447444 1.586926
14.449011 1.586949
14.576795 1.588785
14.576795 1.588785
14.599919 1.589117
14.742565 1.591166
14.758071 1.591389
14.761634 1.591440
14.761634 1.591440
14.754185 1.591333
14.727286 1.590947
14.525673 1.588050
14.261295 1.584252
14.257671 1.584199
14.298040 1.584779
14.565763 1.588626
14.565763 1.588626
15.079479 1.596007
15.235741 1.598253
16.868317 1.621710
17.100041 1.625039
17.100041 1.625039
16.824801 1.621084
16.205167 1.612181
16.072754 1.610279
16.076407 1.610331
15.632636 1.603955
15.603049 1.603530
15.356865 1.599993
15.357060 1.599996
15.548313 1.602744
15.522732 1.602376
15.511211 1.602211
15.482133 1.601793
15.448432 1.601308
15.364124 1.600097
15.397078 1.600571
15.397078 1.600571
15.480431 1.601768
15.723850 1.605266
15.696462 1.604872
15.711641 1.605090
15.671678 1.604516
15.657931 1.604319
15.616009 1.603716
15.613206 1.603676
15.628197 1.603891
15.640775 1.604072
15.656944 1.604304
15.423565 1.600951
15.485111 1.601835
15.485111 1.601835
15.473518 1.601669
15.473518 1.601669
15.593683 1.603395
15.561803 1.602937
15.545538 1.602704
15.753890 1.605697
16.152556 1.611425
16.098359 1.610647
16.090740 1.610537
14.820393 1.592285
14.820152 1.592281
14.820152 1.592281
14.485566 1.587474
14.480250 1.587397
14.485222 1.587469
14.492930 1.587580
14.375191 1.585888
14.458553 1.587086
13.902330 1.579094
13.887085 1.578875
13.805398 1.577701
13.927540 1.579456
13.968244 1.580041
13.968244 1.580041
13.902663 1.579099
14.031058 1.580943
14.043632 1.581124
14.056828 1.581314
14.046011 1.581158
13.877230 1.578733
13.839981 1.578198
13.845948 1.578284
13.861628 1.578509
13.954474 1.579843
14.080266 1.581650
13.937643 1.579601
13.937643 1.579601
13.709876 1.576329
14.162836 1.582837
14.727268 1.590947
14.727268 1.590947
14.697727 1.590522
13.912650 1.579242
13.613937 1.574950
13.611195 1.574911
13.869944 1.578629
13.661553 1.575634
13.038633 1.566684
13.038633 1.566684
13.520035 1.573601
13.497468 1.573277
13.499932 1.573312
13.725500 1.576553
13.892114 1.578947
13.895843 1.579001
13.895843 1.579001
13.800396 1.577629
13.471292 1.572901
13.317734 1.570694
13.296729 1.570392
13.184712 1.568783
13.254442 1.569785
13.254442 1.569785
13.145623 1.568221
13.214674 1.569213
13.137191 1.568100
13.011898 1.566300
13.486643 1.573121
13.506142 1.573401
13.475819 1.572966
13.480379 1.573031
13.480852 1.573038
13.598003 1.574721
13.565815 1.574259
13.576891 1.574418
13.566803 1.574273
13.569569 1.574313
13.684891 1.575970
14.366406 1.585762
14.366406 1.585762
14.528402 1.588089
14.559919 1.588542
14.560211 1.588546
14.566449 1.588636
14.571028 1.588702
14.653840 1.589892
14.628370 1.589526
14.844677 1.592634
14.844677 1.592634
14.876806 1.593095
14.761688 1.591441
14.631175 1.589566
14.631175 1.589566
14.846000 1.592653
14.910632 1.593581
13.970015 1.580066
13.609226 1.574882
14.840676 1.592576
14.842984 1.592609
15.325159 1.599537
15.745214 1.605573
15.745214 1.605573
15.810328 1.606508
15.867401 1.607328
15.566995 1.603012
15.642072 1.604091
15.642453 1.604096
15.651365 1.604224
15.654452 1.604269
15.656176 1.604293
15.656176 1.604293
15.541792 1.602650
15.397107 1.600571
15.344104 1.599809
15.413302 1.600804
15.410852 1.600769
15.414752 1.600825
14.687547 1.590376
14.747598 1.591239
14.746406 1.591222
14.746406 1.591222
14.833754 1.592477
14.620160 1.589408
14.743038 1.591173
14.737876 1.591099
14.737953 1.591100
14.544539 1.588321
14.201466 1.583392
14.215609 1.583595
14.177651 1.583050
14.095668 1.581872
13.763976 1.577106
13.763976 1.577106
13.763976 1.577106
13.767999 1.577164
14.125512 1.582301
13.933224 1.579538
13.933224 1.579538
13.857090 1.578444
13.858765 1.578468
13.858853 1.578469
13.978244 1.580185
13.808101 1.577740
13.743580 1.576813
13.424102 1.572223
13.412276 1.572053
13.531559 1.573767
13.743958 1.576818
13.538686 1.573869
13.578542 1.574442
13.589474 1.574599
13.398305 1.571852
13.612067 1.574923
13.655226 1.575543
13.646768 1.575422
13.755262 1.576981
13.755893 1.576990
13.765088 1.577122
13.737316 1.576723
13.806571 1.577718
13.743206 1.576808
13.681755 1.575925
13.719385 1.576465
13.724347 1.576537
13.935582 1.579572
14.254406 1.584153
14.860653 1.592863
14.900178 1.593431
14.511934 1.587853
14.499470 1.587674
14.500622 1.587690
14.424846 1.586601
14.451062 1.586978
13.205841 1.569087
13.202683 1.569041
13.204180 1.569063
13.105190 1.567640
13.058256 1.566966
13.050959 1.566861
13.050163 1.566850
13.341998 1.571043
13.341647 1.571038
13.341647 1.571038
13.416089 1.572107
13.814913 1.577838
13.891688 1.578941
13.898800 1.579043
13.833050 1.578098
14.163229 1.582842
14.159817 1.582793
14.661188 1.589997
14.707223 1.590659
14.489345 1.587528
14.521081 1.587984
14.544847 1.588326
14.896555 1.593379
15.222674 1.598065
15.207843 1.597852
15.207843 1.597852
14.882338 1.593175
14.809382 1.592127
14.809382 1.592127
15.007185 1.594969
15.004988 1.594937
15.005233 1.594941
15.143092 1.596921
15.125380 1.596667
15.125380 1.596667
15.127384 1.596696
14.910720 1.593583
14.919082 1.593703
14.457922 1.587077
14.921100 1.593732
14.921100 1.593732
14.919702 1.593712
14.447013 1.586920
14.536961 1.588212
14.536961 1.588212
14.558377 1.588520
14.513407 1.587874
14.493482 1.587588
14.492807 1.587578
14.599748 1.589114
14.599380 1.589109
14.582983 1.588874
14.587824 1.588943
14.533664 1.588165
15.416550 1.600850
15.421148 1.600916
15.421148 1.600916
15.429034 1.601030
15.703023 1.604966
15.703023 1.604966
15.203526 1.597790
15.170434 1.597314
15.160689 1.597174
15.314872 1.599389
15.419657 1.600895
15.517927 1.602307
13.277554 1.570117
13.274415 1.570072
13.276682 1.570104
13.300519 1.570447
13.300894 1.570452
13.087149 1.567381
13.014421 1.566336
13.014421 1.566336
13.023983 1.566474
13.388473 1.571711
13.409266 1.572009
13.409266 1.572009
13.531108 1.573760
13.533472 1.573794
13.503011 1.573356
13.454923 1.572665
14.264453 1.584297
14.264453 1.584297
14.253874 1.584145
14.309340 1.584942
14.451028 1.586978
14.433126 1.586720
13.636520 1.575275
13.677334 1.575861
13.677334 1.575861
13.707046 1.576288
13.344670 1.571081
13.342965 1.571057
13.430470 1.572314
13.430470 1.572314
13.430470 1.572314
13.236470 1.569527
13.467030 1.572839
14.272662 1.584415
14.203230 1.583417
14.243178 1.583991
14.234242 1.583863
14.261144 1.584249
14.140616 1.582518
14.150377 1.582658
14.146424 1.582601
14.146424 1.582601
14.147074 1.582610
14.138285 1.582484
14.145094 1.582582
14.215379 1.583592
14.203190 1.583417
14.294187 1.584724
14.385377 1.586034
14.379169 1.585945
14.385337 1.586034
14.382462 1.585992
14.229749 1.583798
14.228641 1.583782
14.228637 1.583782
13.900714 1.579071
13.885917 1.578858
13.873583 1.578681
14.208657 1.583495
14.208674 1.583495
14.044465 1.581136
14.148831 1.582636
14.108468 1.582056
14.213302 1.583562
14.213167 1.583560
13.802761 1.577663
13.716745 1.576427
13.708698 1.576312
13.708698 1.576312
13.707848 1.576300
13.804370 1.577686
13.785828 1.577420
13.770678 1.577202
13.764448 1.577113
13.758911 1.577033
13.830587 1.578063
13.705680 1.576268
13.700085 1.576188
13.624399 1.575100
13.584583 1.574528
13.692009 1.576072
13.646700 1.575421
13.463994 1.572796
13.502359 1.573347
13.499437 1.573305
13.465424 1.572816
13.472211 1.572914
13.484758 1.573094
13.426457 1.572256
13.261689 1.569889
14.032385 1.580962
13.982672 1.580248
13.988903 1.580338
13.778148 1.577310
13.128331 1.567973
13.110484 1.567716
12.941889 1.565294
11.933075 1.550799
12.021942 1.552076
12.054044 1.552537
12.053520 1.552530
12.047240 1.552440
12.041537 1.552358
12.079547 1.552904
12.002325 1.551794
12.007850 1.551874
12.014319 1.551967
12.014319 1.551967
11.921458 1.550632
13.011621 1.566296
12.212894 1.554820
12.110487 1.553348
12.109440 1.553333
12.107956 1.553312
12.103859 1.553253
12.042432 1.552371
12.044442 1.552399
12.051594 1.552502
12.276834 1.555738
12.309533 1.556208
12.324546 1.556424
12.158073 1.554032
12.170056 1.554204
12.176335 1.554294
11.975165 1.551404
11.888295 1.550156
11.888295 1.550156
11.883814 1.550091
11.792908 1.548785
11.766219 1.548402
11.684978 1.547235
11.798960 1.548872
11.797318 1.548849
11.776964 1.548556
11.770832 1.548468
11.772846 1.548497
11.731518 1.547903
11.516165 1.544809
11.491181 1.544450
11.549737 1.545291
11.610972 1.546171
11.394143 1.543056
11.351593 1.542444
11.224037 1.540612
11.189806 1.540120
11.189806 1.540120
11.228325 1.540673
10.525702 1.530578
10.534877 1.530710
10.987699 1.537216
10.937996 1.536502
11.024905 1.537751
10.978521 1.537084
10.997067 1.537351
10.984029 1.537163
10.972350 1.536995
10.972350 1.536995
11.007130 1.537495
10.863275 1.535428
10.681374 1.532815
10.675995 1.532737
11.117945 1.539087
10.702544 1.533119
10.651411 1.532384
10.564855 1.531140
10.548355 1.530903
10.527834 1.530609
10.537417 1.530746
10.548822 1.530910
10.505738 1.530291
10.505738 1.530291
10.514827 1.530422
10.511963 1.530381
10.012956 1.523211
10.019182 1.523300
10.004591 1.523091
9.936507 1.522112
9.995165 1.522955
10.004680 1.523092
10.004680 1.523092
10.288014 1.527163
10.339864 1.527908
10.352484 1.528089
10.332852 1.527807
10.331479 1.527787
10.331393 1.527786
10.178665 1.525592
10.660557 1.532516
10.809145 1.534650
10.807006 1.534620
10.708191 1.533200
10.703477 1.533132
10.859668 1.535376
10.959842 1.536816
10.972660 1.537000
10.875191 1.535599
10.795544 1.534455
10.795544 1.534455
10.966757 1.536915
10.966757 1.536915
11.275924 1.541357
11.478032 1.544261
11.397423 1.543103
11.383664 1.542905
11.421681 1.543452
11.718582 1.547717
11.722275 1.547770
11.722275 1.547770
11.674492 1.547084
11.663316 1.546923
11.866259 1.549839
11.875006 1.549965
11.635522 1.546524
11.887813 1.550149
11.767267 1.548417
11.882676 1.550075
11.920994 1.550626
11.924654 1.550678
11.944497 1.550963
11.944497 1.550963
11.856317 1.549696
11.424221 1.543488
11.508853 1.544704
11.545791 1.545235
11.557688 1.545406
11.734360 1.547944
11.653610 1.546784
11.653610 1.546784
11.664280 1.546937
11.736098 1.547969
11.787788 1.548712
11.709472 1.547587
11.607501 1.546121
11.772604 1.548494
11.771461 1.548477
11.777929 1.548570
11.774395 1.548519
11.730691 1.547891
11.658616 1.546856
11.871393 1.549913
11.871393 1.549913
11.878771 1.550019
11.897164 1.550283
11.972155 1.551361
12.077984 1.552881
11.996673 1.551713
11.993862 1.551673
11.993862 1.551673
11.792794 1.548784
11.815293 1.549107
11.584367 1.545789
11.531369 1.545028
11.538181 1.545125
11.943190 1.550945
11.932437 1.550790
11.932437 1.550790
11.934236 1.550816
11.905770 1.550407
11.989462 1.551609
11.989462 1.551609
11.989462 1.551609
11.990025 1.551618
11.846124 1.549550
11.900532 1.550332
11.853659 1.549658
11.862070 1.549779
12.716870 1.562061
12.763834 1.562736
12.173292 1.554251
12.174234 1.554264
12.162742 1.554099
12.049162 1.552467
12.059314 1.552613
11.998204 1.551735
11.949823 1.551040
12.030851 1.552204
11.937606 1.550864
11.815817 1.549115
11.829794 1.549315
12.282493 1.555820
12.283126 1.555829
12.257153 1.555456
12.258847 1.555480
12.175911 1.554288
12.171243 1.554221
12.050317 1.552484
12.050317 1.552484
12.032935 1.552234
12.125037 1.553557
11.979186 1.551462
12.153652 1.553969
12.230639 1.555075
12.217980 1.554893
12.155289 1.553992
12.210464 1.554785
12.504253 1.559006
12.515200 1.559163
12.463009 1.558413
12.384505 1.557286
12.357209 1.556893
12.356664 1.556885
12.349804 1.556787
12.349804 1.556787
12.292856 1.555969
11.902392 1.550358
11.830343 1.549323
11.517537 1.544829
11.669834 1.547017
11.672412 1.547054
11.674775 1.547088
11.844320 1.549524
11.903749 1.550378
11.910761 1.550479
11.884969 1.550108
11.942465 1.550934
11.897327 1.550286
11.901070 1.550339
11.892503 1.550216
11.866764 1.549847
11.869615 1.549887
11.869615 1.549887
11.965353 1.551263
12.018085 1.552021
12.041822 1.552362
12.045562 1.552416
12.043011 1.552379
12.038523 1.552314
12.080094 1.552912
11.888543 1.550159
11.823636 1.549227
11.869363 1.549884
11.728917 1.547866
11.728917 1.547866
11.759946 1.548312
11.576575 1.545677
11.596724 1.545967
11.566612 1.545534
11.218945 1.540539
11.279349 1.541406
11.232324 1.540731
12.880009 1.564405
13.026354 1.566508
13.031268 1.566578
13.118232 1.567828
13.171860 1.568598
13.251285 1.569740
13.424131 1.572223
13.444376 1.572514
13.546382 1.573980
13.523737 1.573654
13.615205 1.574968
13.659449 1.575604
13.659449 1.575604
13.388705 1.571714
13.376966 1.571545
13.587120 1.574565
13.685222 1.575974
13.685570 1.575979
13.618648 1.575018
13.568203 1.574293
13.550908 1.574045
13.342625 1.571052
13.301934 1.570467
13.380302 1.571593
13.331752 1.570896
13.323571 1.570778
13.596056 1.574693
13.655795 1.575552
13.589022 1.574592
13.498581 1.573293
13.605371 1.574827
13.452805 1.572635
13.459641 1.572733
13.424524 1.572229
13.474880 1.572952
14.050130 1.581217
14.293655 1.584716
14.058587 1.581339
14.056003 1.581302
13.980558 1.580218
13.926607 1.579443
13.377432 1.571552
13.425553 1.572243
13.434110 1.572366
13.173301 1.568619
13.119796 1.567850
13.189836 1.568857
13.200932 1.569016
13.458593 1.572718
13.404208 1.571937
13.405022 1.571948
13.405577 1.571956
13.005140 1.566203
13.005328 1.566206
13.007941 1.566243
13.019082 1.566403
13.087743 1.567390
13.087532 1.567387
13.229815 1.569431
13.178361 1.568692
13.197362 1.568965
13.196710 1.568955
13.196710 1.568955
13.264657 1.569932
13.299875 1.570438
13.242119 1.569608
13.263824 1.569920
13.258131 1.569838
13.216989 1.569247
13.220669 1.569300
13.494095 1.573228
13.596604 1.574701
13.620084 1.575038
13.575856 1.574403
13.607330 1.574855
13.620181 1.575040
13.647939 1.575439
13.628366 1.575157
13.650489 1.575475
13.731838 1.576644
14.028249 1.580903
14.047981 1.581187
13.977044 1.580167
13.984674 1.580277
14.046418 1.581164
14.039428 1.581064
13.934050 1.579550
13.804056 1.577682
13.862310 1.578519
13.818226 1.577885
14.173647 1.582992
14.149890 1.582651
14.183305 1.583131
14.243441 1.583995
14.269302 1.584367
13.773154 1.577238
13.738738 1.576743
13.733352 1.576666
13.667694 1.575723
13.580569 1.574471
13.515235 1.573532
13.577828 1.574431
13.760768 1.577060
13.755606 1.576986
13.768576 1.577172
13.746835 1.576860
13.741330 1.576781
13.758990 1.577034
13.755192 1.576980
13.865153 1.578560
13.768147 1.577166
13.695070 1.576116
13.625884 1.575122
13.804702 1.577691
13.797023 1.577581
12.278691 1.555765
12.278691 1.555765
12.280084 1.555785
12.280084 1.555785
12.375684 1.557159
12.255945 1.555438
12.333056 1.556546
12.334663 1.556569
12.334663 1.556569
12.230427 1.555072
12.327667 1.556469
12.369080 1.557064
12.395372 1.557442
12.400983 1.557522
12.400841 1.557520
12.400841 1.557520
12.302318 1.556105
12.311162 1.556232
12.310814 1.556227
12.268088 1.555613
12.229474 1.555058
12.229474 1.555058
12.298283 1.556047
12.352408 1.556824
12.502368 1.558979
12.458116 1.558343
12.549255 1.559653
12.578371 1.560071
12.430838 1.557951
12.423375 1.557844
12.436217 1.558029
12.501466 1.558966
12.497278 1.558906
12.409185 1.557640
12.425744 1.557878
12.444572 1.558149
12.467380 1.558476
12.430871 1.557952
12.431422 1.557960
12.431422 1.557960
12.625898 1.560754
12.513124 1.559134
12.489636 1.558796
12.491148 1.558818
12.497619 1.558911
12.662478 1.561279
12.663360 1.561292
12.668764 1.561370
12.667479 1.561351
13.010979 1.566287
12.985685 1.565923
12.985685 1.565923
13.121234 1.567871
13.222227 1.569322
13.431070 1.572323
13.466307 1.572829
13.455880 1.572679
13.839185 1.578187
13.797033 1.577581
13.526362 1.573692
13.536531 1.573838
13.536531 1.573838
13.536284 1.573834
13.535373 1.573821
13.535373 1.573821
13.654829 1.575538
13.634832 1.575250
14.182717 1.583122
14.270603 1.584385
13.735219 1.576693
13.779835 1.577334
13.779835 1.577334
13.674719 1.575823
13.668886 1.575740
13.958031 1.579894
13.958031 1.579894
13.950505 1.579786
15.710440 1.605073
15.752720 1.605681
15.752720 1.605681
15.526026 1.602423
15.532042 1.602510
15.533903 1.602537
15.542275 1.602657
15.535909 1.602565
15.531383 1.602500
15.531985 1.602509
15.319044 1.599449
16.281721 1.613281
16.256988 1.612926
16.072479 1.610275
16.077830 1.610352
16.005960 1.609319
16.005960 1.609319
15.753086 1.605686
15.753086 1.605686
15.717009 1.605167
15.691924 1.604807
15.560158 1.602914
15.541528 1.602646
15.693211 1.604826
15.639002 1.604047
15.639002 1.604047
15.639002 1.604047
15.641994 1.604090
15.500356 1.602055
15.497719 1.602017
15.489286 1.601895
15.489286 1.601895
15.489286 1.601895
13.793653 1.577532
13.755595 1.576986
14.031342 1.580948
14.011621 1.580664
13.909759 1.579201
14.588078 1.588947
14.581113 1.588847
14.563054 1.588587
13.946044 1.579722
14.023569 1.580836
13.728478 1.576596
13.757703 1.577016
13.759936 1.577048
13.435983 1.572393
13.479864 1.573024
13.372279 1.571478
13.556141 1.574120
13.570643 1.574328
13.545362 1.573965
13.359546 1.571295
13.400352 1.571881
13.492660 1.573208
13.492660 1.573208
13.449661 1.572590
13.545940 1.573973
13.555773 1.574114
13.520346 1.573605
13.515476 1.573535
13.504271 1.573374
13.624944 1.575108
13.577557 1.574427
13.542106 1.573918
13.780470 1.577343
13.776112 1.577280
13.743960 1.576818
13.737104 1.576720
13.737104 1.576720
13.722561 1.576511
13.730174 1.576620
14.171023 1.582954
14.247684 1.584056
14.268562 1.584356
14.247730 1.584057
14.247648 1.584055
14.292836 1.584705
14.242590 1.583983
14.159899 1.582795
14.176833 1.583038
14.181827 1.583110
14.121780 1.582247
14.113998 1.582135
14.129027 1.582351
14.136873 1.582464
14.716072 1.590786
14.663472 1.590030
14.679923 1.590266
14.704395 1.590618
14.796483 1.591941
14.796859 1.591947
14.797391 1.591954
14.807958 1.592106
14.218694 1.583639
14.188725 1.583209
14.177223 1.583044
13.968428 1.580044
13.963284 1.579970
13.946330 1.579726
13.912367 1.579238
13.948302 1.579754
13.948302 1.579754
14.080093 1.581648
14.082097 1.581677
14.065143 1.581433
14.078387 1.581623
14.083456 1.581696
14.062492 1.581395
14.042743 1.581111
14.047823 1.581184
14.028015 1.580900
14.037113 1.581030
14.032266 1.580961
13.973284 1.580113
13.968927 1.580051
13.956068 1.579866
13.956068 1.579866
13.977982 1.580181
13.953076 1.579823
13.953075 1.579823
14.256935 1.584189
14.408791 1.586371
14.412654 1.586426
14.527254 1.588073
14.561218 1.588561
14.560791 1.588555
14.536114 1.588200
14.538413 1.588233
14.539624 1.588251
14.540096 1.588257
14.528534 1.588091
14.523571 1.588020
14.524502 1.588033
14.510483 1.587832
14.507177 1.587784
14.475538 1.587330
14.560777 1.588555
14.560867 1.588556
14.752878 1.591315
14.910543 1.593580
14.654089 1.589895
14.663740 1.590034
14.719893 1.590841
14.708975 1.590684
14.643657 1.589745
14.643657 1.589745
14.448771 1.586945
14.448337 1.586939
14.431028 1.586690
14.490403 1.587543
14.524713 1.588036
14.452238 1.586995
14.456271 1.587053
14.525987 1.588055
14.527889 1.588082
14.851986 1.592739
14.850960 1.592724
14.848048 1.592682
14.842711 1.592605
14.703220 1.590601
14.644666 1.589760
14.574379 1.588750
14.622618 1.589443
14.410720 1.586398
14.449406 1.586954
14.471494 1.587272
14.464132 1.587166
14.293752 1.584718
14.246866 1.584044
14.190305 1.583232
14.185877 1.583168
14.186771 1.583181
14.189923 1.583226
14.088804 1.581773
14.242450 1.583981
14.203196 1.583417
14.249721 1.584085
14.203204 1.583417
14.153913 1.582709
14.103784 1.581988
13.872418 1.578664
13.826671 1.578007
13.798310 1.577599
13.804491 1.577688
13.804859 1.577693
13.355275 1.571234
13.294637 1.570362
13.286976 1.570252
13.287631 1.570262
13.225693 1.569372
13.224359 1.569353
13.224920 1.569361
13.224110 1.569349
13.219439 1.569282
13.120962 1.567867
13.130188 1.568000
12.757858 1.562650
12.758464 1.562659
12.758464 1.562659
12.299160 1.556059
12.307600 1.556181
12.296234 1.556017
11.587381 1.545832
11.586529 1.545820
11.696681 1.547403
11.696681 1.547403
11.788711 1.548725
11.808251 1.549006
11.813627 1.549083
11.766248 1.548402
11.769222 1.548445
11.766947 1.548412
12.177271 1.554308
12.182759 1.554387
12.077880 1.552880
12.069782 1.552764
11.952305 1.551076
11.926450 1.550704
12.078138 1.552884
11.781701 1.548624
11.335072 1.542207
11.803028 1.548931
11.051389 1.538131
11.046868 1.538066
11.679943 1.547162
11.720999 1.547752
11.622187 1.546332
11.733471 1.547931
11.756799 1.548267
11.652976 1.546775
11.582524 1.545763
11.597760 1.545981
11.704432 1.547514
11.697939 1.547421
11.697939 1.547421
11.675827 1.547103
11.664148 1.546935
11.247266 1.540945
11.302430 1.541738
10.701092 1.533098
10.717248 1.533330
10.640522 1.532228
10.754910 1.533871
10.643727 1.532274
10.710303 1.533230
10.637487 1.532184
10.739049 1.533643
10.687508 1.532903
10.691404 1.532959
10.694668 1.533006
10.664513 1.532572
10.660987 1.532522
10.854914 1.535308
10.728483 1.533492
10.749080 1.533787
10.773333 1.534136
10.773333 1.534136
10.779638 1.534227
10.772701 1.534127
10.780807 1.534243
10.772201 1.534120
10.754071 1.533859
10.683722 1.532848
10.812029 1.534692
10.829993 1.534950
10.797305 1.534480
10.946583 1.536625
10.940367 1.536536
10.787467 1.534339
10.785372 1.534309
10.848282 1.535213
10.836859 1.535049
10.752915 1.533843
10.752915 1.533843
10.752915 1.533843
10.599595 1.531640
10.605542 1.531725
10.609427 1.531781
10.609427 1.531781
10.610647 1.531798
10.794502 1.534440
10.811330 1.534682
10.700698 1.533092
10.703642 1.533135
10.704353 1.533145
10.700464 1.533089
10.420920 1.529072
10.302979 1.527378
10.298382 1.527312
10.372813 1.528381
10.395384 1.528706
10.152325 1.525213
10.114558 1.524671
10.112545 1.524642
10.117530 1.524713
10.117530 1.524713
10.229350 1.526320
10.226060 1.526273
10.197963 1.525869
10.421544 1.529081
10.456780 1.529588
10.487072 1.530023
10.482989 1.529964
10.452479 1.529526
10.447829 1.529459
10.367840 1.528310
10.405157 1.528846
10.398858 1.528755
10.482747 1.529961
10.558864 1.531054
10.535468 1.530718
10.530371 1.530645
10.491770 1.530090
10.409613 1.528910
10.422381 1.529093
10.436123 1.529291
10.441620 1.529370
10.473501 1.529828
10.500535 1.530216
10.791765 1.534401
10.807271 1.534624
10.591230 1.531519
10.625800 1.532016
10.590933 1.531515
10.691264 1.532957
10.593340 1.531550
10.577171 1.531317
10.575408 1.531292
10.679105 1.532782
10.883844 1.535724
10.889685 1.535808
11.136593 1.539355
11.148376 1.539525
11.128202 1.539235
11.281288 1.541434
11.157504 1.539656
11.117579 1.539082
11.031413 1.537844
11.037064 1.537925
11.054047 1.538169
11.113177 1.539019
11.113177 1.539019
11.217117 1.540512
11.223011 1.540597
11.232764 1.540737
11.234663 1.540764
11.218290 1.540529
11.201010 1.540281
11.203710 1.540320
11.204566 1.540332
11.068708 1.538380
11.031895 1.537851
10.995924 1.537334
10.995924 1.537334
10.995924 1.537334
11.000463 1.537399
10.994084 1.537308
11.079802 1.538539
11.165806 1.539775
11.122626 1.539155
11.147810 1.539516
11.005501 1.537472
10.936144 1.536475
10.935233 1.536462
10.986915 1.537205
10.990553 1.537257
10.980549 1.537113
10.982931 1.537147
10.979574 1.537099
10.979574 1.537099
11.277125 1.541374
11.261499 1.541150
11.271500 1.541294
11.264313 1.541190
11.350784 1.542433
11.112821 1.539014
11.169409 1.539827
11.169409 1.539827
10.815096 1.534736
10.815096 1.534736
10.811750 1.534688
10.811750 1.534688
10.913711 1.536153
10.844712 1.535162
11.286070 1.541503
11.292015 1.541588
11.305127 1.541777
11.401783 1.543166
11.410154 1.543286
11.372392 1.542743
11.396894 1.543095
11.395848 1.543080
11.395848 1.543080
11.372676 1.542747
11.326591 1.542085
11.326591 1.542085
11.328963 1.542119
11.361656 1.542589
11.297001 1.541660
11.260824 1.541140
11.231835 1.540724
11.231835 1.540724
11.231835 1.540724
11.242603 1.540878
11.280224 1.541419
11.280224 1.541419
11.280719 1.541426
11.239679 1.540836
11.237940 1.540811
11.185101 1.540052
10.840873 1.535106
10.881473 1.535690
10.904140 1.536015
10.995751 1.537332
11.235429 1.540775
11.295647 1.541641
11.311202 1.541864
11.876953 1.549993
11.744964 1.548096
11.676937 1.547119
11.790912 1.548757
11.482031 1.544319
11.482031 1.544319
11.452073 1.543888
11.516654 1.544816
11.406077 1.543227
11.471362 1.544165
11.458997 1.543988
11.345427 1.542356
11.360621 1.542574
11.360639 1.542574
11.374511 1.542774
11.374511 1.542774
11.374511 1.542774
11.377234 1.542813
11.358315 1.542541
11.630952 1.546458
11.625109 1.546374
11.696729 1.547403
11.185271 1.540055
11.137920 1.539374
11.142459 1.539440
10.903296 1.536003
11.461334 1.544021
11.419661 1.543422
11.389922 1.542995
11.397147 1.543099
11.371872 1.542736
11.419980 1.543427
11.359014 1.542551
11.524560 1.544930
11.598296 1.545989
11.495393 1.544511
11.568173 1.545556
11.694571 1.547372
12.068230 1.552741
12.063309 1.552671
11.686484 1.547256
11.630017 1.546445
11.630306 1.546449
11.632019 1.546474
11.974418 1.551393
11.913158 1.550513
11.913682 1.550521
11.365806 1.542649
11.234297 1.540759
11.397277 1.543101
11.233153 1.540743
11.208521 1.540389
11.328829 1.542117
11.181898 1.540006
11.209305 1.540400
11.185421 1.540057
11.119132 1.539104
11.021341 1.537699
10.994617 1.537315
10.983439 1.537155
10.998558 1.537372
11.014823 1.537606
11.018655 1.537661
11.018655 1.537661
11.019821 1.537678
11.122549 1.539154
11.160630 1.539701
11.188864 1.540106
11.188518 1.540101
11.173063 1.539879
11.153111 1.539593
11.140985 1.539418
11.144007 1.539462
11.144007 1.539462
11.221313 1.540573
11.212369 1.540444
11.253214 1.541031
11.253799 1.541039
11.253799 1.541039
11.189484 1.540115
11.174053 1.539894
11.309713 1.541843
11.392902 1.543038
11.384695 1.542920
11.216349 1.540501
11.197908 1.540236
11.199194 1.540255
11.197535 1.540231
11.189587 1.540117
11.072535 1.538435
11.077967 1.538513
11.051823 1.538137
10.845662 1.535175
10.860249 1.535385
10.860740 1.535392
10.844467 1.535158
10.831304 1.534969
10.679985 1.532795
10.764766 1.534013
10.766822 1.534042
10.802007 1.534548
10.798991 1.534505
10.807554 1.534628
10.914789 1.536168
10.770703 1.534098
10.762628 1.533982
10.749689 1.533796
10.745620 1.533738
10.700251 1.533086
10.571652 1.531238
10.510127 1.530354
10.509415 1.530344
10.446837 1.529445
10.361589 1.528220
10.347838 1.528022
10.311039 1.527494
10.321107 1.527638
10.318138 1.527596
10.382106 1.528515
10.551854 1.530954
10.766707 1.534041
10.774844 1.534158
11.207526 1.540374
11.190502 1.540130
11.127598 1.539226
11.158309 1.539667
11.157224 1.539652
11.029543 1.537817
11.660744 1.546886
11.724803 1.547807
11.726788 1.547835
11.480441 1.544296
11.824737 1.549243
11.808657 1.549012
11.816406 1.549123
11.816406 1.549123
11.808853 1.549014
11.755131 1.548243
11.764204 1.548373
11.794085 1.548802
11.723914 1.547794
11.578924 1.545711
12.010544 1.551912
12.023109 1.552093
11.972005 1.551359
11.962031 1.551215
12.129115 1.553616
12.129115 1.553616
12.125621 1.553566
12.274064 1.555699
12.303815 1.556126
12.307525 1.556179
12.316146 1.556303
11.957136 1.551145
11.989528 1.551610
11.985788 1.551557
11.803521 1.548938
11.802279 1.548920
11.704920 1.547521
11.823857 1.549230
11.894278 1.550242
11.891350 1.550200
11.880720 1.550047
11.922214 1.550643
11.922845 1.550652
11.883111 1.550081
12.068516 1.552745
11.624376 1.546364
11.721546 1.547760
11.720055 1.547739
11.724361 1.547800
11.556412 1.545387
11.519065 1.544851
11.572358 1.545616
11.573528 1.545633
11.557078 1.545397
11.542113 1.545182
11.550871 1.545308
11.568208 1.545557
11.726959 1.547838
11.726959 1.547838
11.707383 1.547557
11.629891 1.546443
11.632348 1.546478
11.602788 1.546054
11.429407 1.543563
11.470146 1.544148
11.523436 1.544914
11.796794 1.548841
11.962950 1.551229
12.112088 1.553371
12.093294 1.553101
12.243623 1.555261
12.246147 1.555298
11.994110 1.551676
11.987661 1.551584
11.943833 1.550954
11.877662 1.550003
11.927358 1.550717
11.891703 1.550205
11.823215 1.549221
11.833035 1.549362
11.775023 1.548528
11.828390 1.549295
11.754339 1.548231
11.754339 1.548231
11.730872 1.547894
11.748769 1.548151
11.744947 1.548096
11.717323 1.547699
11.632733 1.546484
11.625962 1.546387
11.416828 1.543382
11.292280 1.541592
11.293142 1.541605
11.201104 1.540282
11.203180 1.540312
11.115631 1.539054
11.104192 1.538890
11.073106 1.538443
10.913581 1.536151
10.914839 1.536169
10.914839 1.536169
10.926257 1.536333
10.932130 1.536418
10.931332 1.536406
10.927884 1.536357
10.925871 1.536328
10.927697 1.536354
10.962044 1.536847
10.965942 1.536903
11.013224 1.537583
10.937568 1.536496
11.125767 1.539200
11.171341 1.539855
11.161434 1.539712
11.128173 1.539234
11.170429 1.539841
11.167309 1.539797
11.646570 1.546683
11.674352 1.547082
11.698624 1.547431
11.533058 1.545052
11.514045 1.544779
11.492214 1.544465
11.461476 1.544023
11.500475 1.544584
11.440302 1.543719
11.479285 1.544279
11.475024 1.544218
11.454877 1.543928
11.442322 1.543748
11.428383 1.543548
11.502364 1.544611
11.475816 1.544229
11.488230 1.544408
11.488230 1.544408
11.483456 1.544339
11.633351 1.546493
11.474456 1.544210
11.652677 1.546770
11.466540 1.544096
11.941428 1.550919
11.936544 1.550849
11.852231 1.549638
11.838680 1.549443
11.844753 1.549530
11.843206 1.549508
11.863403 1.549798
11.824655 1.549241
11.824655 1.549241
11.824655 1.549241
11.833658 1.549371
11.322051 1.542020
11.360503 1.542572
11.566076 1.545526
11.646985 1.546689
11.650212 1.546735
11.650212 1.546735
11.664251 1.546937
11.689332 1.547297
11.689332 1.547297
11.743371 1.548074
11.735442 1.547960
11.702105 1.547481
11.618171 1.546275
11.727891 1.547851
11.620493 1.546308
11.566283 1.545529
11.642494 1.546624
11.663839 1.546931
11.658566 1.546855
11.595885 1.545954
11.576441 1.545675
11.628563 1.546424
11.611252 1.546175
11.634119 1.546504
11.627954 1.546415
11.593825 1.545925
11.582663 1.545765
11.568305 1.545558
11.480520 1.544297
11.482222 1.544321
11.473263 1.544193
11.441756 1.543740
11.348397 1.542399
11.280864 1.541428
11.280864 1.541428
11.303257 1.541750
11.262574 1.541165
11.285064 1.541489
11.315232 1.541922
11.338067 1.542250
11.354227 1.542482
11.223245 1.540600
11.299204 1.541692
11.290406 1.541565
11.299750 1.541700
11.186282 1.540069
11.761500 1.548334
11.761702 1.548337
11.761702 1.548337
11.750330 1.548174
11.743458 1.548075
11.721682 1.547762
11.737355 1.547987
11.746023 1.548112
11.747219 1.548129
11.747219 1.548129
11.761246 1.548330
11.751078 1.548184
11.750360 1.548174
11.583055 1.545770
11.540441 1.545158
11.521348 1.544884
11.465822 1.544086
11.508399 1.544697
11.672139 1.547050
11.669195 1.547008
11.640904 1.546601
11.507749 1.544688
11.507749 1.544688
11.367381 1.542671
11.509788 1.544717
11.555893 1.545380
11.545688 1.545233
11.775348 1.548533
11.734864 1.547951
11.748680 1.548150
11.218393 1.540531
11.212047 1.540439
11.167241 1.539796
11.167315 1.539797
11.212386 1.540444
11.383120 1.542897
11.387807 1.542965
11.371478 1.542730
11.403625 1.543192
11.407238 1.543244
11.194863 1.540193
11.202773 1.540306
11.425702 1.543509
11.503521 1.544627
11.600894 1.546026
11.570675 1.545592
11.551231 1.545313
11.525819 1.544948
11.471183 1.544163
11.513609 1.544772
11.560201 1.545442
11.618668 1.546282
11.558639 1.545419
11.690118 1.547308
12.110091 1.553343
12.337716 1.556613
11.544809 1.545221
11.548325 1.545271
11.506454 1.544670
11.519084 1.544851
11.533520 1.545058
11.556130 1.545383
11.574110 1.545642
11.599047 1.546000
11.599047 1.546000
11.667437 1.546983
11.724289 1.547799
11.820461 1.549181
11.696653 1.547402
11.675488 1.547098
11.665739 1.546958
11.653250 1.546779
11.678903 1.547147
11.665243 1.546951
11.663131 1.546921
11.663692 1.546929
11.693565 1.547358
11.693565 1.547358
11.693565 1.547358
11.703552 1.547501
11.743641 1.548077
11.750751 1.548180
11.733201 1.547927
11.738375 1.548002
11.674755 1.547088
11.785230 1.548675
11.789976 1.548743
11.608049 1.546129
11.516091 1.544808
11.490111 1.544435
11.495234 1.544508
11.465491 1.544081
11.484445 1.544353
11.453342 1.543906
11.441176 1.543732
11.479741 1.544286
11.478375 1.544266
11.394013 1.543054
11.394013 1.543054
11.391882 1.543023
11.375669 1.542790
11.374866 1.542779
11.378228 1.542827
11.367162 1.542668
11.351750 1.542447
11.341319 1.542297
11.214006 1.540468
11.686512 1.547257
11.658256 1.546851
11.643634 1.546641
11.738254 1.548000
11.679702 1.547159
11.707004 1.547551
11.833428 1.549368
11.811895 1.549058
11.799849 1.548885
11.830690 1.549328
11.844817 1.549531
11.843789 1.549516
11.843789 1.549516
11.841747 1.549487
11.851025 1.549620
11.858681 1.549730
11.892427 1.550215
12.074269 1.552828
11.815737 1.549113
11.812467 1.549066
11.868532 1.549872
11.869414 1.549885
11.869414 1.549885
11.678678 1.547144
11.696793 1.547404
11.857013 1.549706
11.815583 1.549111
11.567242 1.545543
11.566699 1.545535
11.567659 1.545549
11.548388 1.545272
11.706491 1.547544
11.677427 1.547126
11.708813 1.547577
11.712353 1.547628
11.706066 1.547538
11.810806 1.549043
11.759557 1.548306
11.742005 1.548054
11.683286 1.547210
11.760678 1.548322
11.760678 1.548322
11.758836 1.548296
11.758836 1.548296
11.755395 1.548246
11.728715 1.547863
11.727270 1.547842
11.745102 1.548098
11.781845 1.548626
11.825576 1.549255
11.841151 1.549479
11.821517 1.549196
11.802809 1.548928
11.860607 1.549758
11.882513 1.550073
11.973548 1.551381
11.973163 1.551375
12.041431 1.552356
12.133843 1.553684
12.135597 1.553709
12.113313 1.553389
11.941430 1.550919
11.935893 1.550840
12.026599 1.552143
12.028287 1.552167
12.028896 1.552176
12.019450 1.552040
12.020829 1.552060
12.012428 1.551939
12.009337 1.551895
12.008645 1.551885
12.128569 1.553608
12.137528 1.553737
12.117988 1.553456
12.832776 1.563726
12.836782 1.563784
12.863025 1.564161
12.859653 1.564113
12.859288 1.564107
12.883992 1.564462
12.899388 1.564683
12.778856 1.562952
12.781051 1.562983
12.787051 1.563069
12.709343 1.561953
12.786176 1.563057
12.922014 1.565009
12.945487 1.565346
12.945487 1.565346
12.898489 1.564671
13.040683 1.566714
12.985920 1.565927
12.994357 1.566048
12.985405 1.565919
12.973429 1.565747
12.964723 1.565622
12.982239 1.565874
13.122434 1.567888
12.341515 1.556668
12.319217 1.556347
12.318495 1.556337
11.949218 1.551031
11.974705 1.551397
11.828157 1.549292
11.753735 1.548223
11.772305 1.548489
11.784929 1.548671
11.713625 1.547646
11.732130 1.547912
11.844019 1.549520
11.830717 1.549329
11.830717 1.549329
11.849615 1.549600
12.022941 1.552091
12.081149 1.552927
12.080791 1.552922
12.014583 1.551970
11.902865 1.550365
11.902865 1.550365
12.085535 1.552990
12.090565 1.553062
12.121584 1.553508
12.146644 1.553868
12.328993 1.556488
12.331300 1.556521
12.288756 1.555910
12.290913 1.555941
12.383009 1.557264
12.321427 1.556379
12.313076 1.556259
12.310662 1.556225
12.321769 1.556384
12.300014 1.556072
12.264043 1.555555
12.266903 1.555596
12.287839 1.555897
12.314308 1.556277
12.293951 1.555984
12.294450 1.555992
12.280461 1.555791
12.197490 1.554598
12.206921 1.554734
12.295168 1.556002
12.289740 1.555924
11.995067 1.551690
12.089709 1.553050
11.913682 1.550521
11.958549 1.551165
12.040398 1.552341
12.064485 1.552687
12.050762 1.552490
12.018755 1.552030
12.019241 1.552037
12.019241 1.552037
12.046167 1.552424
12.628015 1.560784
12.632661 1.560851
12.829010 1.563672
12.788947 1.563097
12.908834 1.564819
12.908834 1.564819
12.933984 1.565181
13.072887 1.567176
13.052392 1.566882
12.721057 1.562121
12.729964 1.562249
12.730720 1.562260
12.769780 1.562821
12.745376 1.562471
12.890107 1.564550
12.890107 1.564550
12.888672 1.564529
12.875205 1.564336
12.883313 1.564452
13.016873 1.566371
13.140492 1.568148
13.408307 1.571996
13.408307 1.571996
13.351660 1.571182
13.404180 1.571936
13.388831 1.571716
13.566492 1.574268
13.615185 1.574968
13.556395 1.574123
13.286177 1.570241
13.292480 1.570331
13.260512 1.569872
13.246392 1.569669
13.164368 1.568491
13.255744 1.569804
13.341252 1.571032
13.350752 1.571169
13.238308 1.569553
13.258478 1.569843
13.258478 1.569843
13.288642 1.570276
13.288658 1.570277
13.240041 1.569578
13.246567 1.569672
13.185182 1.568790
13.186270 1.568805
13.186270 1.568805
13.197552 1.568967
13.189341 1.568850
13.329690 1.570866
13.288470 1.570274
13.033053 1.566604
13.179749 1.568712
13.198365 1.568979
13.176427 1.568664
13.141005 1.568155
13.116513 1.567803
13.113413 1.567759
13.115301 1.567786
13.117298 1.567814
13.134624 1.568063
13.043747 1.566758
13.057228 1.566951
13.087055 1.567380
13.180231 1.568719
12.749683 1.562532
12.816142 1.563487
12.816142 1.563487
12.765815 1.562764
12.758443 1.562658
12.685619 1.561612
12.614689 1.560593
13.366052 1.571389
13.328095 1.570843
13.324950 1.570798
13.343037 1.571058
13.360225 1.571305
13.341642 1.571038
13.341642 1.571038
13.298062 1.570412
13.399944 1.571875
14.220365 1.583663
14.191192 1.583244
14.198659 1.583352
14.176216 1.583029
14.148699 1.582634
14.148699 1.582634
14.148699 1.582634
14.167323 1.582901
14.056156 1.581304
14.183044 1.583127
14.183044 1.583127
12.407139 1.557611
12.397926 1.557478
12.423594 1.557847
12.423594 1.557847
12.447641 1.558193
12.210443 1.554785
12.210487 1.554785
12.225101 1.554995
12.225101 1.554995
12.225101 1.554995
12.231699 1.555090
12.273803 1.555695
12.323674 1.556411
12.323674 1.556411
12.323674 1.556411
12.273539 1.555691
12.430136 1.557941
12.455806 1.558310
12.455806 1.558310
12.472885 1.558555
12.606924 1.560481
12.606924 1.560481
12.602190 1.560413
12.656981 1.561200
12.656981 1.561200
12.594005 1.560296
12.694805 1.561744
12.681437 1.561552
12.665735 1.561326
12.677665 1.561498
11.971337 1.551349
12.253340 1.555401
12.224760 1.554990
12.203751 1.554688
12.191708 1.554515
12.341327 1.556665
12.342219 1.556678
12.357994 1.556905
11.454976 1.543930
11.261761 1.541154
11.261761 1.541154
11.152181 1.539579
11.319436 1.541982
11.567053 1.545540
11.610966 1.546171
11.339651 1.542273
11.310351 1.541852
11.309165 1.541835
11.235079 1.540770
11.243023 1.540885
11.130281 1.539265
11.157347 1.539654
11.209306 1.540400
11.227413 1.540660
11.240414 1.540847
11.238340 1.540817
11.238340 1.540817
11.238340 1.540817
11.304400 1.541766
11.247810 1.540953
11.137361 1.539366
11.216753 1.540507
11.258504 1.541107
11.263384 1.541177
11.340176 1.542280
11.333967 1.542191
11.295037 1.541632
11.248366 1.540961
11.378421 1.542830
11.443114 1.543759
11.869166 1.549881
11.848205 1.549580
11.848205 1.549580
12.014271 1.551966
12.021835 1.552075
12.048034 1.552451
12.365571 1.557013
12.378459 1.557199
12.393651 1.557417
12.609995 1.560525
12.507656 1.559055
12.605652 1.560463
12.597962 1.560352
12.592313 1.560271
12.566115 1.559895
12.535655 1.559457
12.338498 1.556624
12.324018 1.556416
12.354856 1.556860
12.445099 1.558156
12.428024 1.557911
12.444218 1.558143
12.753644 1.562589
12.924784 1.565048
12.839725 1.563826
12.852261 1.564006
12.376726 1.557174
12.384053 1.557279
12.375076 1.557150
12.796645 1.563207
12.796645 1.563207
12.740621 1.562402
12.669982 1.561387
12.651820 1.561126
12.640373 1.560962
12.630580 1.560821
12.632670 1.560851
12.632930 1.560855
12.652158 1.561131
13.557889 1.574145
13.569408 1.574310
13.507565 1.573422
13.386273 1.571679
13.411168 1.572037
13.402363 1.571910
13.406494 1.571970
13.382981 1.571632
13.324329 1.570789
13.326693 1.570823
13.574070 1.574377
13.594106 1.574665
13.604323 1.574812
12.841672 1.563854
12.679864 1.561529
12.685795 1.561614
12.695926 1.561760
12.755379 1.562614
12.727139 1.562209
12.751022 1.562552
12.759915 1.562679
12.680427 1.561537
12.829308 1.563677
12.471677 1.558538
12.303846 1.556127
12.295250 1.556003
12.298203 1.556046
12.298203 1.556046
12.326054 1.556446
12.320232 1.556362
12.059386 1.552614
12.069177 1.552755
12.115399 1.553419
12.170311 1.554208
12.066725 1.552720
12.066725 1.552720
12.117273 1.553446
12.086416 1.553003
12.178560 1.554326
12.194186 1.554551
12.104470 1.553262
12.204694 1.554702
12.204694 1.554702
12.294314 1.555990
12.593783 1.560292
12.602897 1.560423
12.562350 1.559841
12.480187 1.558660
12.453620 1.558279
12.442705 1.558122
12.375097 1.557150
12.373835 1.557132
12.452164 1.558258
12.395548 1.557444
12.399326 1.557498
12.358010 1.556905
12.136674 1.553725
12.143694 1.553825
12.151969 1.553944
12.151197 1.553933
12.138913 1.553757
12.212612 1.554816
12.149180 1.553904
12.158000 1.554031
12.158000 1.554031
12.285635 1.555865
12.315739 1.556297
12.173934 1.554260
12.125930 1.553570
11.851960 1.549634
12.180344 1.554352
12.134419 1.553692
12.139243 1.553762
12.136259 1.553719
12.211507 1.554800
12.259837 1.555494
12.570159 1.559953
12.571155 1.559967
12.538378 1.559496
12.690466 1.561682
12.702106 1.561849
12.665669 1.561325
12.646496 1.561050
12.654451 1.561164
12.672687 1.561426
12.441850 1.558109
12.429209 1.557928
12.439576 1.558077
12.429938 1.557938
12.492601 1.558839
12.283026 1.555827
12.353283 1.556837
12.347496 1.556754
12.514298 1.559150
12.648700 1.561081
12.651143 1.561117
12.666097 1.561331
12.507176 1.559048
12.554615 1.559730
12.560665 1.559817
12.604464 1.560446
12.604464 1.560446
12.649943 1.561099
12.626130 1.560757
12.594371 1.560301
12.611678 1.560550
12.732430 1.562285
12.732430 1.562285
12.843624 1.563882
12.892702 1.564587
12.025586 1.552128
11.966464 1.551279
12.040437 1.552342
12.098336 1.553174
12.118661 1.553466
12.114497 1.553406
12.517741 1.559200
12.515628 1.559170
12.459994 1.558370
12.467770 1.558482
12.451363 1.558246
12.427809 1.557908
12.497634 1.558911
12.467335 1.558476
12.430613 1.557948
12.439173 1.558071
12.388127 1.557338
12.322647 1.556397
12.312863 1.556256
12.310803 1.556227
12.329175 1.556491
12.338370 1.556623
12.333306 1.556550
12.275311 1.555717
12.145745 1.553855
12.039789 1.552333
12.053312 1.552527
11.997304 1.551722
11.948824 1.551026
11.953561 1.551094
11.911899 1.550495
12.041145 1.552352
11.874223 1.549954
12.087884 1.553024
12.098041 1.553170
12.108098 1.553314
12.241262 1.555227
12.247745 1.555321
12.264705 1.555564
12.254312 1.555415
12.411854 1.557678
12.531545 1.559398
12.633723 1.560866
12.624592 1.560735
12.658312 1.561220
12.742514 1.562429
12.735643 1.562331
12.847966 1.563945
12.851321 1.563993
12.836998 1.563787
12.849138 1.563961
12.827856 1.563656
12.781998 1.562997
12.669359 1.561378
12.867336 1.564223
12.821034 1.563558
12.823081 1.563587
12.833000 1.563730
12.817387 1.563505
12.853336 1.564022
12.937548 1.565232
13.050979 1.566862
12.995425 1.566063
13.016681 1.566369
12.913177 1.564882
12.874159 1.564321
12.840892 1.563843
12.789766 1.563108
12.725357 1.562183
12.725357 1.562183
12.704569 1.561884
12.941890 1.565294
12.763531 1.562731
12.765032 1.562753
12.958426 1.565532
13.003134 1.566174
12.666643 1.561339
12.665845 1.561328
12.665845 1.561328
12.811333 1.563418
12.589271 1.560228
12.630566 1.560821
12.625734 1.560752
12.336455 1.556595
12.311750 1.556240
12.303585 1.556123
12.308011 1.556186
12.277215 1.555744
12.191737 1.554516
12.168270 1.554179
12.167613 1.554169
12.187489 1.554455
12.179607 1.554341
12.179607 1.554341
12.170060 1.554204
12.103713 1.553251
12.110693 1.553351
12.085903 1.552995
12.092838 1.553095
10.456819 1.529588
10.447511 1.529454
10.457284 1.529595
10.433088 1.529247
10.507951 1.530323
10.504993 1.530280
10.491360 1.530085
10.516399 1.530444
10.483586 1.529973
10.618821 1.531916
10.631981 1.532105
10.625851 1.532017
10.634060 1.532135
10.623742 1.531987
9.858692 1.520994
9.947461 1.522270
9.907544 1.521696
9.899414 1.521579
9.824973 1.520510
9.824973 1.520510
9.887224 1.521404
9.889218 1.521433
9.915744 1.521814
9.630798 1.517720
9.630798 1.517720
9.741755 1.519314
9.774916 1.519791
9.774916 1.519791
9.654330 1.518058
9.610317 1.517426
9.586812 1.517088
9.590993 1.517148
9.583671 1.517043
9.916970 1.521832
9.831175 1.520599
10.443813 1.529401
10.451727 1.529515
10.406386 1.528864
10.465647 1.529715
10.463795 1.529688
10.482884 1.529963
10.325981 1.527708
10.282671 1.527086
9.968959 1.522579
9.958767 1.522432
9.959175 1.522438
9.891256 1.521462
9.994404 1.522944
9.879194 1.521289
9.946522 1.522256
9.941562 1.522185
9.990860 1.522893
10.015684 1.523250
9.923906 1.521931
9.945285 1.522238
9.967713 1.522561
9.967713 1.522561
10.093253 1.524364
10.097402 1.524424
10.091690 1.524342
10.085298 1.524250
10.088109 1.524291
10.004415 1.523088
10.066507 1.523980
10.066507 1.523980
10.186136 1.525699
10.186136 1.525699
10.195863 1.525839
10.205259 1.525974
10.237075 1.526431
10.201882 1.525925
10.112168 1.524636
10.101977 1.524490
10.130877 1.524905
9.998487 1.523003
10.003335 1.523072
10.006278 1.523115
10.012993 1.523211
9.999166 1.523013
10.010254 1.523172
10.008709 1.523150
10.019429 1.523304
10.003486 1.523075
10.012279 1.523201
9.984140 1.522797
10.003427 1.523074
10.002903 1.523066
9.972009 1.522622
9.995735 1.522963
10.009378 1.523159
9.837216 1.520686
9.925871 1.521959
9.844972 1.520797
9.742418 1.519324
9.170356 1.511104
9.177570 1.511208
9.021271 1.508962
9.020890 1.508957
9.020890 1.508957
9.063084 1.509563
9.072679 1.509701
9.068903 1.509646
9.055957 1.509460
8.960154 1.508084
8.952096 1.507968
8.971237 1.508243
8.997830 1.508625
8.980819 1.508381
8.968301 1.508201
8.967421 1.508188
8.972291 1.508258
8.993845 1.508568
9.004902 1.508727
9.000967 1.508670
9.063083 1.509563
9.063009 1.509562
9.066599 1.509613
9.063302 1.509566
9.040854 1.509243
9.113555 1.510288
8.912476 1.507399
8.886957 1.507032
8.900170 1.507222
8.877004 1.506889
8.877157 1.506891
8.892066 1.507106
8.972184 1.508257
8.917181 1.507466
8.942976 1.507837
8.973715 1.508279
8.974129 1.508285
9.011325 1.508819
8.967055 1.508183
8.917187 1.507467
8.912438 1.507398
8.850209 1.506504
9.107068 1.510195
9.113311 1.510284
9.113311 1.510284
9.147139 1.510771
9.147139 1.510771
9.153117 1.510856
9.146718 1.510764
9.155213 1.510887
8.981321 1.508388
8.970402 1.508231
8.959342 1.508072
9.209564 1.511667
9.187641 1.511352
9.181410 1.511263
9.139525 1.510661
9.154974 1.510883
9.154974 1.510883
9.173040 1.511143
9.220942 1.511831
9.232531 1.511997
9.234073 1.512020
9.258440 1.512370
9.271490 1.512557
9.264659 1.512459
9.252268 1.512281
9.271489 1.512557
9.276705 1.512632
9.261492 1.512414
9.253766 1.512303
9.246763 1.512202
9.182060 1.511272
9.122072 1.510410
9.160707 1.510965
9.077388 1.509768
9.077388 1.509768
9.076999 1.509763
9.030331 1.509092
9.044294 1.509293
9.057279 1.509479
9.059461 1.509511
9.048056 1.509347
9.049237 1.509364
9.040772 1.509242
9.041965 1.509259
9.046202 1.509320
9.110813 1.510249
9.166877 1.511054
9.337634 1.513508
9.311584 1.513133
9.382948 1.514159
9.282849 1.512720
9.429301 1.514825
9.433601 1.514886
9.432788 1.514875
9.451264 1.515140
9.297686 1.512934
9.339463 1.513534
9.319681 1.513250
9.345992 1.513628
9.573341 1.516894
9.576770 1.516944
9.573328 1.516894
9.531482 1.516293
9.639333 1.517842
9.634269 1.517770
9.676146 1.518371
9.502713 1.515879
9.472195 1.515441
9.449600 1.515116
9.625240 1.517640
9.605491 1.517356
9.574771 1.516915
9.591884 1.517161
9.591884 1.517161
9.599743 1.517274
9.446971 1.515079
9.424894 1.514761
9.400059 1.514405
9.529560 1.516265
10.667331 1.532613
10.670186 1.532654
10.694795 1.533007
10.688524 1.532917
10.665007 1.532579
10.673918 1.532708
10.388562 1.528607
10.448204 1.529464
10.396691 1.528724
10.262429 1.526795
10.280082 1.527049
10.288223 1.527166
10.401142 1.528788
10.381631 1.528508
10.420493 1.529066
10.442885 1.529388
10.455438 1.529568
10.449494 1.529483
10.530705 1.530650
10.484917 1.529992
10.922663 1.536282
11.124317 1.539179
11.124317 1.539179
11.199807 1.540264
11.058600 1.538235
11.057045 1.538212
10.810322 1.534667
10.798792 1.534502
10.742855 1.533698
10.861142 1.535398
10.847723 1.535205
10.834090 1.535009
10.806190 1.534608
10.806190 1.534608
10.823864 1.534862
10.815168 1.534737
10.583462 1.531408
10.081419 1.524194
9.928003 1.521990
9.909849 1.521729
10.135600 1.524973
10.085200 1.524249
10.108611 1.524585
10.183211 1.525657
10.181571 1.525633
10.176052 1.525554
10.181567 1.525633
10.071812 1.524056
10.157735 1.525291
10.149371 1.525171
10.127744 1.524860
10.146892 1.525135
10.203916 1.525954
10.203148 1.525943
10.214731 1.526110
10.215808 1.526125
10.221138 1.526202
10.347579 1.528019
10.353656 1.528106
10.347315 1.528015
10.329020 1.527752
10.351737 1.528078
10.259691 1.526756
10.325066 1.527695
10.333198 1.527812
10.391699 1.528653
10.398069 1.528744
10.280618 1.527057
10.182039 1.525640
10.193835 1.525810
10.099588 1.524455
10.080314 1.524179
10.234902 1.526400
10.089866 1.524316
10.089866 1.524316
10.044603 1.523665
10.136547 1.524986
10.178549 1.525590
10.064334 1.523949
10.111117 1.524621
10.167224 1.525427
10.167354 1.525429
10.286251 1.527137
10.332679 1.527805
10.332679 1.527805
10.082899 1.524216
10.075113 1.524104
10.081747 1.524199
10.130261 1.524896
10.131078 1.524908
10.131078 1.524908
10.144451 1.525100
10.054099 1.523802
10.032504 1.523492
10.221035 1.526200
10.236724 1.526426
10.223545 1.526236
10.253882 1.526672
10.253882 1.526672
10.260283 1.526764
10.346743 1.528007
10.340549 1.527918
10.339706 1.527906
10.505081 1.530282
10.445601 1.529427
10.538560 1.530763
10.528412 1.530617
10.346977 1.528010
10.306443 1.527428
10.336362 1.527857
10.365390 1.528275
10.412024 1.528945
10.333257 1.527813
10.334123 1.527825
10.281039 1.527063
10.281973 1.527076
10.281123 1.527064
10.451958 1.529518
10.440190 1.529349
10.457250 1.529594
10.439319 1.529337
10.446171 1.529435
10.436529 1.529297
10.429756 1.529199
10.059718 1.523883
10.067578 1.523996
10.054481 1.523807
10.026567 1.523406
10.004417 1.523088
10.113519 1.524656
10.084439 1.524238
10.081510 1.524196
10.019831 1.523309
9.995049 1.522953
9.851199 1.520887
9.848981 1.520855
9.818043 1.520410
9.746207 1.519378
9.782104 1.519894
9.782725 1.519903
9.775973 1.519806
9.177094 1.511201
9.182651 1.511281
9.224180 1.511877
9.262686 1.512431
9.275844 1.512620
9.279359 1.512670
9.265819 1.512476
9.265819 1.512476
9.300191 1.512970
9.270123 1.512538
9.295930 1.512908
9.295405 1.512901
9.211284 1.511692
9.221291 1.511836
9.236725 1.512058
9.267057 1.512494
9.267345 1.512498
9.268196 1.512510
9.268196 1.512510
9.276996 1.512636
9.159315 1.510945
9.165386 1.511033
9.184938 1.511314
9.191734 1.511411
9.176891 1.511198
9.236801 1.512059
9.207409 1.511636
9.287360 1.512785
9.259434 1.512384
9.148238 1.510786
9.475836 1.515493
9.448947 1.515107
9.360168 1.513831
9.268367 1.512512
9.278255 1.512654
9.540731 1.516426
9.633972 1.517765
9.587880 1.517103
9.603124 1.517322
9.623987 1.517622
9.613463 1.517471
9.610030 1.517421
9.714184 1.518918
9.671845 1.518310
9.689118 1.518558
9.690825 1.518582
9.580380 1.516995
9.570842 1.516858
9.521003 1.516142
9.507087 1.515942
9.495982 1.515783
9.592863 1.517175
9.701478 1.518735
9.698600 1.518694
9.837999 1.520697
9.819360 1.520429
9.812385 1.520329
9.817711 1.520405
9.811079 1.520310
9.820356 1.520443
9.815872 1.520379
9.809085 1.520281
9.803190 1.520197
9.848583 1.520849
9.804726 1.520219
9.811766 1.520320
9.860845 1.521025
9.864101 1.521072
9.894653 1.521511
9.766377 1.519668
9.762833 1.519617
9.691642 1.518594
9.639367 1.517843
9.627816 1.517677
9.671441 1.518304
9.721078 1.519017
9.437859 1.514948
9.458401 1.515243
9.459162 1.515254
9.405169 1.514478
9.414850 1.514617
9.418438 1.514669
9.381085 1.514132
9.319993 1.513254
9.298726 1.512949
9.298495 1.512945
9.298495 1.512945
9.299417 1.512958
9.397277 1.514365
9.377090 1.514075
9.385774 1.514199
9.376228 1.514062
9.342180 1.513573
9.348177 1.513659
9.346279 1.513632
9.368412 1.513950
9.370260 1.513976
9.388469 1.514238
9.361023 1.513844
9.391284 1.514278
9.439773 1.514975
9.439773 1.514975
9.613709 1.517474
9.779929 1.519863
9.798049 1.520123
9.798049 1.520123
9.789265 1.519997
9.789265 1.519997
9.641447 1.517873
9.635290 1.517784
9.567074 1.516804
9.564281 1.516764
9.569677 1.516842
9.564449 1.516766
9.474665 1.515476
9.449387 1.515113
9.448880 1.515106
10.035843 1.523540
10.118103 1.524721
9.959812 1.522447
9.920222 1.521878
9.912016 1.521760
9.381625 1.514140
9.356494 1.513779
9.358921 1.513813
9.459714 1.515262
9.456363 1.515214
9.456363 1.515214
9.436954 1.514935
9.218642 1.511798
9.231584 1.511984
9.242519 1.512141
9.264465 1.512456
9.256553 1.512343
9.539114 1.516402
9.509913 1.515983
9.552050 1.516588
9.563126 1.516747
9.563126 1.516747
9.563126 1.516747
9.513978 1.516041
9.540782 1.516426
9.469568 1.515403
9.336543 1.513492
9.327935 1.513368
9.309012 1.513096
9.312614 1.513148
9.347448 1.513649
9.812939 1.520337
9.839028 1.520712
9.849761 1.520866
9.901652 1.521611
9.860757 1.521024
9.687005 1.518527
9.677957 1.518397
9.679273 1.518416
9.609053 1.517407
9.610958 1.517435
9.577656 1.516956
9.565804 1.516786
9.629787 1.517705
11.738408 1.548002
11.738408 1.548002
11.465585 1.544082
11.454867 1.543928
11.503704 1.544630
11.503704 1.544630
11.517183 1.544824
11.509371 1.544711
11.503932 1.544633
11.503932 1.544633
11.539291 1.545141
11.552717 1.545334
11.574604 1.545649
11.537241 1.545112
11.159166 1.539680
11.063334 1.538303
10.932171 1.536418
10.935189 1.536462
10.883170 1.535714
10.883170 1.535714
10.883170 1.535714
10.792677 1.534414
11.155214 1.539623
11.120895 1.539130
11.111856 1.539000
11.146002 1.539491
11.087107 1.538644
11.083492 1.538592
11.087178 1.538645
11.051279 1.538130
8.733589 1.504829
8.815875 1.506011
8.732238 1.504809
8.806024 1.505869
8.871395 1.506809
8.850640 1.506510
8.829548 1.506207
8.866735 1.506742
8.871338 1.506808
9.088042 1.509921
9.088042 1.509921
9.116523 1.510331
8.973426 1.508275
8.972072 1.508255
8.915089 1.507436
8.928780 1.507633
8.913898 1.507419
9.424163 1.514751
9.431115 1.514851
9.431115 1.514851
9.339211 1.513530
9.326790 1.513352
9.345248 1.513617
9.352031 1.513714
9.332781 1.513438
9.332781 1.513438
9.348026 1.513657
9.321194 1.513271
9.305965 1.513053
9.414087 1.514606
9.447022 1.515079
9.445848 1.515062
9.402365 1.514438
9.347806 1.513654
9.346233 1.513631
9.296285 1.512913
9.084467 1.509870
9.080099 1.509807
9.755170 1.519507
9.549242 1.516548
9.600186 1.517280
9.574110 1.516905
9.575377 1.516924
9.577318 1.516951
8.755231 1.505140
8.747450 1.505028
8.989298 1.508503
9.001924 1.508684
9.001630 1.508680
8.889602 1.507070
8.889602 1.507070
8.890989 1.507090
8.888896 1.507060
8.928097 1.507623
9.062553 1.509555
9.043420 1.509280
8.705090 1.504419
8.711957 1.504518
8.699386 1.504337
8.604498 1.502974
8.586807 1.502720
8.664756 1.503840
8.656106 1.503715
8.649329 1.503618
8.603121 1.502954
8.790632 1.505648
8.810127 1.505928
8.758887 1.505192
8.754237 1.505125
8.756859 1.505163
8.724778 1.504702
8.739279 1.504910
8.706914 1.504445
8.708039 1.504461
8.820609 1.506079
8.818870 1.506054
8.811743 1.505951
8.806352 1.505874
8.833639 1.506266
8.817684 1.506037
8.818916 1.506055
8.750334 1.505069
8.756106 1.505152
8.756106 1.505152
8.743680 1.504974
8.743254 1.504967
9.145638 1.510749
9.141124 1.510684
9.505827 1.515924
9.494307 1.515759
9.505810 1.515924
9.477386 1.515516
9.481382 1.515573
9.488943 1.515682
9.487630 1.515663
9.482665 1.515591
9.480696 1.515563
9.703987 1.518771
9.723369 1.519050
9.719983 1.519001
9.721622 1.519025
9.619381 1.517556
9.634429 1.517772
9.641958 1.517880
9.625679 1.517646
9.625679 1.517646
9.665478 1.518218
9.693371 1.518619
10.029490 1.523448
10.024635 1.523379
10.028418 1.523433
10.028418 1.523433
10.060903 1.523900
10.060903 1.523900
10.080410 1.524180
10.061088 1.523902
10.081453 1.524195
10.142146 1.525067
10.142146 1.525067
10.329592 1.527760
10.379335 1.528475
10.379335 1.528475
10.379335 1.528475
10.399319 1.528762
10.399319 1.528762
10.541823 1.530810
10.558892 1.531055
9.963391 1.522499
9.963391 1.522499
9.963391 1.522499
9.963391 1.522499
9.983562 1.522788
9.891400 1.521464
9.891400 1.521464
9.891400 1.521464
9.835157 1.520656
9.835157 1.520656
9.818693 1.520420
9.782705 1.519902
9.809690 1.520290
9.673013 1.518326
9.681284 1.518445
9.542220 1.516447
9.558880 1.516686
9.575753 1.516929
9.645031 1.517924
9.649868 1.517994
9.646208 1.517941
9.610125 1.517423
9.610125 1.517423
9.528655 1.516252
9.532927 1.516314
9.518505 1.516106
9.416266 1.514637
9.297469 1.512930
9.278434 1.512657
9.269829 1.512533
9.232398 1.511996
9.232181 1.511992
9.236157 1.512050
9.236157 1.512050
9.284443 1.512743
9.328518 1.513377
9.263779 1.512446
9.281926 1.512707
9.254432 1.512312
9.191211 1.511404
9.165974 1.511041
9.168279 1.511074
9.203068 1.511574
9.195327 1.511463
9.196410 1.511478
9.200659 1.511540
9.236850 1.512060
9.605915 1.517362
9.626469 1.517658
9.802620 1.520189
9.730056 1.519146
9.627096 1.517667
9.573698 1.516899
9.596266 1.517224
9.588539 1.517113
9.588539 1.517113
9.583365 1.517038
9.578708 1.516971
9.502166 1.515872
9.269401 1.512527
9.631891 1.517736
9.860139 1.521015
10.751223 1.533818
10.759206 1.533933
10.364888 1.528267
10.282728 1.527087
10.288371 1.527168
10.363113 1.528242
10.482538 1.529958
10.923362 1.536292
10.927742 1.536354
10.929363 1.536378
10.935982 1.536473
10.937231 1.536491
10.964538 1.536883
10.841535 1.535116
10.834908 1.535021
10.834205 1.535011
10.768743 1.534070
10.780680 1.534241
10.670353 1.532656
10.667447 1.532615
10.658000 1.532479
10.637325 1.532182
10.758228 1.533919
10.716072 1.533313
10.710902 1.533239
10.709489 1.533219
10.709489 1.533219
10.636292 1.532167
10.647865 1.532333
10.513769 1.530406
10.726779 1.533467
10.726779 1.533467
10.740427 1.533663
10.740427 1.533663
10.801279 1.534537
10.833617 1.535002
10.804047 1.534577
10.805280 1.534595
10.818929 1.534791
10.750262 1.533804
10.794890 1.534446
10.700184 1.533085
10.747098 1.533759
10.640727 1.532231
10.657617 1.532473
10.657617 1.532473
10.537060 1.530741
10.564398 1.531134
10.538423 1.530761
10.538423 1.530761
10.529053 1.530626
10.507233 1.530313
10.510689 1.530362
10.528350 1.530616
10.536553 1.530734
10.118907 1.524733
10.116880 1.524704
10.098748 1.524443
10.028395 1.523433
10.287823 1.527160
10.297029 1.527292
10.282788 1.527088
10.271307 1.526923
10.250376 1.526622
10.250376 1.526622
10.259335 1.526751
10.238049 1.526445
10.034663 1.523523
10.020444 1.523318
9.960856 1.522462
10.031873 1.523483
10.029626 1.523450
10.038631 1.523580
10.036918 1.523555
10.036918 1.523555
10.036918 1.523555
10.037375 1.523562
10.040713 1.523610
10.034834 1.523525
10.017350 1.523274
9.960241 1.522453
9.961241 1.522468
9.993343 1.522929
10.002198 1.523056
9.997239 1.522985
9.995485 1.522960
9.996261 1.522971
10.006340 1.523116
10.007177 1.523128
9.983913 1.522793
9.934219 1.522079
9.957751 1.522418
10.152051 1.525209
10.215690 1.526124
10.228694 1.526310
10.244869 1.526543
10.246530 1.526567
10.630735 1.532087
10.577758 1.531326
10.577758 1.531326
10.604663 1.531712
10.584813 1.531427
10.951044 1.536689
10.975753 1.537044
11.086955 1.538642
11.248194 1.540959
11.324542 1.542056
11.394779 1.543065
11.397226 1.543100
11.382920 1.542895
11.395641 1.543077
11.362861 1.542606
11.362861 1.542606
11.357161 1.542524
11.285120 1.541489
11.297829 1.541672
11.272461 1.541307
10.955408 1.536752
10.947787 1.536643
10.881001 1.535683
10.873501 1.535575
10.880229 1.535672
10.683676 1.532848
10.683676 1.532848
10.684255 1.532856
10.710893 1.533239
10.671370 1.532671
10.880850 1.535681
10.884887 1.535739
10.894007 1.535870
10.749150 1.533788
10.749150 1.533788
10.742972 1.533700
10.791391 1.534395
10.762588 1.533982
10.760051 1.533945
10.797592 1.534484
10.848771 1.535220
10.857001 1.535338
10.866403 1.535473
10.812061 1.534692
10.419806 1.529056
10.901834 1.535982
10.847691 1.535204
11.066636 1.538350
11.051291 1.538130
11.050115 1.538113
11.063130 1.538300
11.058929 1.538239
11.092247 1.538718
11.234255 1.540759
11.243841 1.540896
11.243841 1.540896
11.243841 1.540896
11.333018 1.542178
11.611993 1.546186
11.607647 1.546123
11.607647 1.546123
11.599256 1.546003
11.599256 1.546003
11.599256 1.546003
11.514156 1.544780
11.413094 1.543328
11.411416 1.543304
11.319451 1.541983
11.310012 1.541847
11.310012 1.541847
11.604461 1.546078
11.412329 1.543317
11.410447 1.543290
11.444463 1.543779
11.449878 1.543857
11.449878 1.543857
11.206362 1.540358
11.171919 1.539863
11.171919 1.539863
10.803097 1.534564
10.803097 1.534564
10.836952 1.535050
10.671997 1.532680
10.701068 1.533098
10.631423 1.532097
10.631423 1.532097
10.631423 1.532097
10.656934 1.532463
10.686849 1.532893
10.727417 1.533476
10.740301 1.533661
10.719947 1.533369
10.729651 1.533508
10.295844 1.527275
10.388945 1.528613
10.388945 1.528613
10.434468 1.529267
10.424766 1.529128
10.419002 1.529045
10.372799 1.528381
10.424736 1.529127
10.460029 1.529634
10.457327 1.529596
10.425737 1.529142
10.430631 1.529212
10.419533 1.529052
10.409871 1.528914
10.470755 1.529788
10.402654 1.528810
10.295557 1.527271
10.264680 1.526828
10.259652 1.526755
10.202156 1.525929
10.182131 1.525641
10.149004 1.525165
10.153781 1.525234
10.244567 1.526539
10.250941 1.526630
10.397324 1.528733
10.360817 1.528209
10.414934 1.528986
9.999259 1.523014
10.006850 1.523123
10.033734 1.523509
10.124633 1.524815
10.127238 1.524853
10.121532 1.524771
10.121547 1.524771
10.117294 1.524710
10.273219 1.526950
10.279107 1.527035
10.343140 1.527955
10.342026 1.527939
10.173467 1.525517
10.173478 1.525517
10.063389 1.523935
10.074439 1.524094
10.499099 1.530196
10.280594 1.527056
10.341441 1.527930
10.593905 1.531558
10.109358 1.524596
10.108311 1.524581
10.097519 1.524426
10.183396 1.525660
10.139422 1.525028
10.078955 1.524159
9.841519 1.520747
9.903554 1.521639
9.851844 1.520896
9.859194 1.521001
9.893965 1.521501
9.900627 1.521597
9.891635 1.521468
9.905489 1.521667
9.822942 1.520481
9.814783 1.520363
9.936691 1.522115
9.922775 1.521915
9.897862 1.521557
9.964936 1.522521
9.956228 1.522396
10.070448 1.524037
10.083275 1.524221
9.646817 1.517950
9.677617 1.518393
9.677617 1.518393
9.678269 1.518402
9.555924 1.516644
9.520690 1.516138
9.508575 1.515964
9.619176 1.517553
9.629403 1.517700
9.648765 1.517978
9.631230 1.517726
9.634379 1.517771
9.642732 1.517891
9.660642 1.518149
9.659578 1.518133
9.659578 1.518133
9.445527 1.515058
9.575426 1.516924
9.564919 1.516773
9.426295 1.514781
9.427679 1.514801
9.427440 1.514798
9.419029 1.514677
9.410357 1.514552
9.384047 1.514174
9.525725 1.516210
9.525725 1.516210
9.666319 1.518230
9.640000 1.517852
9.646948 1.517952
9.646948 1.517952
9.794961 1.520079
9.806301 1.520241
9.746583 1.519383
9.756791 1.519530
9.756807 1.519530
9.790907 1.520020
9.807558 1.520260
9.815397 1.520372
9.738877 1.519273
9.746598 1.519384
9.761814 1.519602
9.832714 1.520621
9.826603 1.520533
9.775683 1.519802
9.769671 1.519715
9.774235 1.519781
9.789837 1.520005
9.892989 1.521487
9.878478 1.521279
9.888233 1.521419
9.780292 1.519868
9.765603 1.519657
9.754143 1.519492
9.681322 1.518446
9.672065 1.518313
9.761139 1.519593
9.715638 1.518939
9.722865 1.519043
9.709611 1.518852
9.715189 1.518932
9.711561 1.518880
9.731173 1.519162
9.803445 1.520200
9.793784 1.520062
9.757366 1.519538
9.684135 1.518486
9.609265 1.517410
9.584638 1.517057
9.591711 1.517158
9.602289 1.517310
9.593094 1.517178
9.594055 1.517192
9.348304 1.513661
9.357639 1.513795
9.346159 1.513630
9.375572 1.514053
9.323093 1.513299
9.364120 1.513888
9.412314 1.514581
9.461498 1.515287
9.452652 1.515160
9.458892 1.515250
9.789606 1.520002
9.767828 1.519689
9.770814 1.519732
9.815549 1.520374
9.866436 1.521105
9.849709 1.520865
9.849281 1.520859
10.114096 1.524664
10.123614 1.524801
10.120975 1.524763
10.131594 1.524915
10.088272 1.524293
10.060469 1.523893
10.043591 1.523651
10.048863 1.523727
9.991986 1.522909
9.918964 1.521860
9.931169 1.522036
9.966473 1.522543
9.937550 1.522127
10.450728 1.529501
9.671904 1.518310
9.931315 1.522038
9.919635 1.521870
9.953352 1.522354
9.953352 1.522354
10.172019 1.525496
10.149758 1.525176
10.136850 1.524991
9.844576 1.520791
9.942782 1.522202
9.971368 1.522613
9.953206 1.522352
10.005845 1.523109
10.009125 1.523156
9.962525 1.522486
9.961062 1.522465
9.919274 1.521865
9.858373 1.520990
9.897707 1.521555
9.915512 1.521811
9.921021 1.521890
9.892065 1.521474
9.841911 1.520753
9.841911 1.520753
9.934324 1.522081
9.899022 1.521574
9.880266 1.521304
9.895849 1.521528
9.877717 1.521268
9.941480 1.522184
9.962157 1.522481
9.981615 1.522760
9.981615 1.522760
10.006932 1.523124
10.006932 1.523124
9.979511 1.522730
10.215068 1.526115
10.282702 1.527086
10.291602 1.527214
10.291602 1.527214
10.693970 1.532996
10.701446 1.533103
10.683745 1.532849
10.699397 1.533074
10.667040 1.532609
10.667040 1.532609
10.699576 1.533076
10.707967 1.533197
10.567053 1.531172
10.702378 1.533116
10.685258 1.532870
10.685258 1.532870
10.682679 1.532833
10.685948 1.532880
10.685948 1.532880
10.737191 1.533617
10.712433 1.533261
10.735231 1.533588
10.667760 1.532619
10.667760 1.532619
10.664221 1.532568
10.668409 1.532628
10.709084 1.533213
10.718317 1.533345
10.832077 1.534980
10.825725 1.534889
10.810240 1.534666
10.828971 1.534935
10.861300 1.535400
10.911822 1.536126
10.965567 1.536898
10.963966 1.536875
10.961997 1.536847
11.061708 1.538279
11.061216 1.538272
11.026874 1.537779
11.035378 1.537901
11.035378 1.537901
11.039168 1.537955
11.057518 1.538219
11.057719 1.538222
11.022413 1.537715
10.986627 1.537201
11.095249 1.538761
11.059472 1.538247
11.051204 1.538128
11.040849 1.537980
11.049525 1.538104
11.023536 1.537731
11.203091 1.540311
10.927937 1.536357
10.924867 1.536313
10.953536 1.536725
11.014738 1.537604
11.041859 1.537994
11.037133 1.537926
11.048283 1.538086
10.890701 1.535822
10.862216 1.535413
10.882697 1.535707
10.882697 1.535707
10.884455 1.535733
10.840744 1.535105
10.823526 1.534857
10.793039 1.534419
10.772589 1.534125
10.772676 1.534126
10.776412 1.534180
10.796657 1.534471
10.539413 1.530775
10.444944 1.529418
10.344967 1.527981
10.344967 1.527981
10.349583 1.528047
10.420016 1.529059
10.301434 1.527356
10.267227 1.526864
10.194285 1.525816
10.217399 1.526148
10.213280 1.526089
10.140994 1.525050
10.372160 1.528372
10.372160 1.528372
10.372160 1.528372
10.069466 1.524023
10.069466 1.524023
10.088140 1.524291
10.069206 1.524019
10.320153 1.527625
10.326234 1.527712
10.347464 1.528017
10.351930 1.528081
10.036302 1.523546
10.047488 1.523707
9.968763 1.522576
9.962157 1.522481
9.891034 1.521459
9.822784 1.520478
9.953076 1.522350
9.956592 1.522401
9.948022 1.522278
9.947677 1.522273
9.975282 1.522669
9.998240 1.522999
9.995672 1.522962
9.894678 1.521511
9.922032 1.521904
9.926585 1.521970
9.926585 1.521970
9.923162 1.521921
9.925675 1.521957
9.860111 1.521015
9.919210 1.521864
9.913088 1.521776
9.875867 1.521241
10.044524 1.523664
10.176426 1.525559
10.173689 1.525520
10.168032 1.525439
10.162245 1.525356
10.160302 1.525328
10.173736 1.525521
10.173736 1.525521
10.175084 1.525540
10.170465 1.525474
10.170465 1.525474
10.172358 1.525501
10.160381 1.525329
10.198939 1.525883
9.796439 1.520100
9.851329 1.520888
9.864061 1.521071
9.860544 1.521021
9.839004 1.520711
9.839004 1.520711
9.839004 1.520711
9.903637 1.521640
9.903637 1.521640
9.906912 1.521687
9.951598 1.522329
10.008625 1.523148
9.920140 1.521877
9.876704 1.521253
9.882689 1.521339
9.885132 1.521374
10.083907 1.524230
10.083907 1.524230
10.058192 1.523861
10.061855 1.523913
10.152675 1.525218
10.157061 1.525281
10.134625 1.524959
10.154172 1.525240
10.125339 1.524825
10.046585 1.523694
10.077411 1.524137
10.082777 1.524214
10.037718 1.523566
9.990249 1.522884
9.943870 1.522218
9.744780 1.519358
9.712691 1.518896
9.721514 1.519023
9.725388 1.519079
9.721940 1.519029
9.721565 1.519024
9.716636 1.518953
9.761698 1.519601
9.672945 1.518325
9.672945 1.518325
9.677733 1.518394
9.628461 1.517686
9.576647 1.516942
9.559559 1.516696
9.512066 1.516014
9.521351 1.516147
9.521351 1.516147
9.521351 1.516147
9.567096 1.516805
9.584255 1.517051
9.574849 1.516916
9.566183 1.516791
9.558661 1.516683
9.547223 1.516519
9.547223 1.516519
9.372841 1.514013
9.382544 1.514153
9.382405 1.514151
9.396721 1.514357
9.445117 1.515052
9.445117 1.515052
9.433358 1.514883
9.476861 1.515508
9.477906 1.515523
9.470631 1.515419
9.474041 1.515468
9.474041 1.515468
9.312856 1.513152
9.378273 1.514091
9.384995 1.514188
9.399084 1.514391
9.334251 1.513459
9.281761 1.512705
9.285873 1.512764
9.288466 1.512801
9.307201 1.513070
9.301939 1.512995
9.301939 1.512995
9.301939 1.512995
9.308375 1.513087
9.279818 1.512677
9.295289 1.512899
9.288728 1.512805
9.347000 1.513642
9.355320 1.513762
9.340270 1.513545
9.280815 1.512691
9.278417 1.512657
9.466778 1.515363
9.462812 1.515306
9.570565 1.516854
9.545958 1.516501
9.314430 1.513174
9.398143 1.514377
9.339203 1.513530
9.294439 1.512887
9.363949 1.513886
9.380400 1.514122
9.381229 1.514134
9.371266 1.513991
9.337069 1.513499
9.362726 1.513868
9.354964 1.513757
9.396669 1.514356
9.412258 1.514580
9.332764 1.513438
9.229999 1.511961
9.294198 1.512883
9.365343 1.513906
9.364760 1.513897
9.413255 1.514594
9.457178 1.515225
9.583121 1.517035
9.617345 1.517527
9.617345 1.517527
9.666705 1.518236
9.743136 1.519334
9.665828 1.518223
9.670537 1.518291
9.676989 1.518383
9.655674 1.518077
9.678299 1.518402
9.727436 1.519108
9.968946 1.522578
9.979013 1.522723
9.975363 1.522671
9.975363 1.522671
9.967942 1.522564
9.967942 1.522564
10.029220 1.523444
10.031352 1.523475
10.038474 1.523577
10.038474 1.523577
10.087684 1.524284
10.113703 1.524658
10.131264 1.524911
10.174714 1.525535
10.183300 1.525658
10.171278 1.525486
10.181139 1.525627
10.181139 1.525627
10.166856 1.525422
10.162374 1.525358
10.169486 1.525460
10.166731 1.525420
10.160018 1.525324
10.270829 1.526916
10.273081 1.526948
10.278885 1.527032
10.383572 1.528536
10.386854 1.528583
10.368799 1.528324
10.386301 1.528575
10.584998 1.531430
10.582023 1.531387
10.420924 1.529072
10.417277 1.529020
10.425445 1.529137
10.444301 1.529408
10.527451 1.530603
10.505073 1.530282
10.494412 1.530128
10.686197 1.532884
10.661990 1.532536
10.632607 1.532114
10.772101 1.534118
10.771693 1.534112
10.764988 1.534016
10.766844 1.534043
10.778190 1.534206
10.871398 1.535545
10.786144 1.534320
10.776099 1.534176
13.585595 1.574543
13.480783 1.573037
13.450590 1.572603
10.620889 1.531946
10.629286 1.532066
10.725253 1.533445
10.727052 1.533471
10.752603 1.533838
10.762280 1.533977
10.745986 1.533743
10.741479 1.533678
10.766730 1.534041
10.751312 1.533820
10.868007 1.535496
10.868007 1.535496
10.851718 1.535262
10.655977 1.532450
10.655977 1.532450
10.655977 1.532450
10.655977 1.532450
10.560238 1.531074
10.561690 1.531095
10.578316 1.531334
10.574307 1.531276
10.611908 1.531817
10.615937 1.531874
10.609167 1.531777
10.609167 1.531777
10.602777 1.531685
10.737785 1.533625
10.748117 1.533774
10.758336 1.533920
10.815281 1.534739
10.815281 1.534739
10.819394 1.534798
10.828477 1.534928
10.798710 1.534501
10.799759 1.534516
10.814024 1.534721
10.838834 1.535077
11.060937 1.538268
11.087159 1.538645
11.078445 1.538520
11.062807 1.538295
10.984101 1.537164
10.912564 1.536136
10.907952 1.536070
10.963694 1.536871
10.635945 1.532162
10.658699 1.532489
10.671914 1.532679
10.957361 1.536780
10.969389 1.536953
10.970369 1.536967
10.908210 1.536074
10.774561 1.534154
10.654282 1.532425
10.762325 1.533978
10.762325 1.533978
10.762325 1.533978
10.772456 1.534123
10.700016 1.533083
10.729515 1.533506
10.710765 1.533237
10.715422 1.533304
10.693781 1.532993
10.694177 1.532999
10.690309 1.532943
10.716651 1.533322
10.994982 1.537321
11.008407 1.537514
11.177041 1.539936
11.177041 1.539936
11.198044 1.540238
11.208345 1.540386
11.519036 1.544850
11.493266 1.544480
11.503106 1.544621
11.680953 1.547177
11.680953 1.547177
11.699533 1.547444
11.685478 1.547242
11.840405 1.549468
11.984298 1.551535
11.997427 1.551724
12.490692 1.558811
12.478283 1.558633
12.461652 1.558394
12.499798 1.558942
12.471118 1.558530
12.482613 1.558695
12.437443 1.558046
12.560701 1.559817
12.892930 1.564591
12.985537 1.565921
13.011617 1.566296
13.370455 1.571452
13.368969 1.571430
13.411835 1.572046
13.441354 1.572470
13.670300 1.575760
13.667476 1.575719
13.678440 1.575877
13.674783 1.575824
13.456398 1.572687
13.402629 1.571914
13.370142 1.571447
13.268305 1.569984
13.287240 1.570256
13.293345 1.570344
12.713352 1.562010
12.706690 1.561915
12.702788 1.561859
12.699692 1.561814
12.728075 1.562222
12.658063 1.561216
13.090870 1.567435
13.074446 1.567199
13.057326 1.566953
13.070969 1.567149
12.702011 1.561847
12.702011 1.561847
12.712308 1.561995
12.689069 1.561662
12.675885 1.561472
12.523728 1.559286
12.521677 1.559256
12.963030 1.565598
12.968577 1.565678
12.955461 1.565489
12.888317 1.564524
12.866972 1.564218
12.897056 1.564650
12.899673 1.564688
12.896547 1.564643
12.894782 1.564617
12.898421 1.564670
13.005928 1.566214
12.989804 1.565983
12.851551 1.563996
12.850901 1.563987
12.823767 1.563597
12.642016 1.560985
12.646222 1.561046
12.649343 1.561091
12.663319 1.561292
12.415761 1.557735
12.419220 1.557784
12.537980 1.559491
12.531510 1.559398
12.136798 1.553726
12.152232 1.553948
12.042123 1.552366
12.299781 1.556068
12.248429 1.555330
11.970542 1.551338
11.967225 1.551290
11.974432 1.551394
11.974432 1.551394
12.089452 1.553046
12.093248 1.553101
12.431155 1.557956
12.428551 1.557918
12.531419 1.559396
12.439533 1.558076
12.515168 1.559163
12.408816 1.557635
12.418596 1.557775
12.383936 1.557277
12.365726 1.557016
12.357600 1.556899
12.339763 1.556643
12.241592 1.555232
12.256291 1.555443
12.448794 1.558209
12.451340 1.558246
12.440274 1.558087
12.171876 1.554230
12.169963 1.554203
12.792602 1.563149
12.791671 1.563136
13.069322 1.567125
12.838055 1.563802
12.945745 1.565349
12.948306 1.565386
12.916960 1.564936
12.923031 1.565023
13.088379 1.567399
13.077015 1.567236
13.131195 1.568014
13.114391 1.567773
13.137200 1.568100
13.141878 1.568168
13.155481 1.568363
13.158751 1.568410
13.837826 1.578167
13.834148 1.578114
14.285686 1.584602
14.233774 1.583856
14.214034 1.583572
14.064101 1.581418
14.096236 1.581880
13.806280 1.577714
13.736329 1.576709
13.732263 1.576650
13.658082 1.575584
13.652443 1.575503
14.139848 1.582507
14.131362 1.582385
14.044474 1.581136
14.033451 1.580978
14.089621 1.581785
13.421697 1.572188
14.694629 1.590478
14.738378 1.591106
14.760497 1.591424
14.771347 1.591580
14.748073 1.591246
14.783019 1.591748
14.732536 1.591022
14.680718 1.590278
14.732022 1.591015
14.684440 1.590331
14.695740 1.590494
14.678372 1.590244
14.707946 1.590669
14.645969 1.589779
14.934850 1.593929
14.928784 1.593842
14.957800 1.594259
14.957800 1.594259
14.239217 1.583934
14.239217 1.583934
14.213775 1.583569
13.951697 1.579803
13.931043 1.579506
13.929048 1.579478
13.942302 1.579668
13.915429 1.579282
13.915429 1.579282
13.862454 1.578521
13.921723 1.579372
13.409071 1.572007
13.151638 1.568308
13.143943 1.568197
13.140828 1.568152
13.115579 1.567790
13.095817 1.567506
13.089938 1.567421
13.203719 1.569056
13.245356 1.569654
13.753973 1.576962
13.753973 1.576962
13.753973 1.576962
13.753973 1.576962
13.754107 1.576964
13.769108 1.577180
13.791321 1.577499
13.824522 1.577976
13.813867 1.577823
13.792612 1.577517
13.753956 1.576962
13.746219 1.576851
13.802898 1.577665
13.787384 1.577442
13.331487 1.570892
13.343535 1.571065
13.386762 1.571686
13.376329 1.571536
13.476481 1.572975
13.555766 1.574114
13.543793 1.573942
13.460706 1.572749
13.485880 1.573110
13.669394 1.575747
13.412946 1.572062
13.605336 1.574827
13.573703 1.574372
13.580623 1.574472
13.526950 1.573700
13.419337 1.572154
13.433521 1.572358
13.431639 1.572331
13.424435 1.572227
13.554467 1.574096
13.409206 1.572009
13.391038 1.571748
13.365850 1.571386
13.381802 1.571615
13.444307 1.572513
13.328905 1.570855
13.265362 1.569942
13.257258 1.569825
13.047653 1.566814
12.982790 1.565882
12.979276 1.565831
12.944513 1.565332
13.199521 1.568996
13.222430 1.569325
13.289138 1.570283
13.282588 1.570189
13.416602 1.572115
13.424858 1.572233
13.434815 1.572377
13.303656 1.570492
13.328766 1.570853
13.327416 1.570833
13.301940 1.570467
13.335287 1.570946
13.348808 1.571141
13.426790 1.572261
13.424106 1.572223
13.426325 1.572255
13.080555 1.567286
13.245902 1.569662
13.256811 1.569819
13.337153 1.570973
13.472027 1.572911
13.469330 1.572872
12.934820 1.565193
12.671451 1.561408
12.678199 1.561505
12.645496 1.561035
12.656041 1.561187
12.624202 1.560730
12.469003 1.558500
12.438881 1.558067
11.810679 1.549041
11.780501 1.548607
11.812212 1.549063
11.892389 1.550215
11.874657 1.549960
11.878156 1.550010
11.686096 1.547251
11.683976 1.547220
11.664176 1.546936
11.662950 1.546918
11.640283 1.546592
11.441495 1.543736
11.390775 1.543007
11.240233 1.540844
11.446353 1.543806
11.441363 1.543734
11.441363 1.543734
11.292104 1.541590
11.266463 1.541221
11.582799 1.545766
11.566668 1.545535
11.547039 1.545253
11.549513 1.545288
11.525398 1.544942
11.315493 1.541926
11.123323 1.539165
10.481642 1.529945
10.669948 1.532650
10.373436 1.528390
10.254041 1.526675
10.315684 1.527560
10.301540 1.527357
10.310005 1.527479
10.284762 1.527116
10.265714 1.526842
10.303971 1.527392
10.298566 1.527314
10.292643 1.527229
10.326985 1.527723
10.383937 1.528541
10.478025 1.529893
10.430161 1.529205
10.760462 1.533951
10.769252 1.534077
10.955735 1.536757
10.920123 1.536245
10.928488 1.536365
10.649410 1.532355
11.033999 1.537881
10.857171 1.535341
10.857171 1.535341
10.831721 1.534975
10.825745 1.534889
10.825745 1.534889
10.670588 1.532660
10.576870 1.531313
10.427502 1.529167
10.448432 1.529468
10.436865 1.529302
10.439564 1.529340
10.439564 1.529340
10.409750 1.528912
10.403891 1.528828
10.288008 1.527163
10.301541 1.527357
10.173100 1.525512
10.158454 1.525301
10.146001 1.525122
10.149288 1.525170
10.215542 1.526122
10.213199 1.526088
10.180281 1.525615
10.211392 1.526062
10.163368 1.525372
10.163368 1.525372
10.130482 1.524899
10.135268 1.524968
10.147647 1.525146
10.116052 1.524692
10.134752 1.524961
10.145720 1.525118
10.143923 1.525092
10.177470 1.525574
10.186202 1.525700
10.340004 1.527910
10.368697 1.528322
10.308704 1.527460
10.329999 1.527766
10.356061 1.528140
10.139988 1.525036
10.102973 1.524504
10.056033 1.523830
10.138045 1.525008
10.174149 1.525527
9.301095 1.512983
9.324163 1.513314
9.329486 1.513391
9.313539 1.513161
9.308075 1.513083
9.319232 1.513243
9.342090 1.513572
8.900302 1.507224
8.721502 1.504655
8.706905 1.504445
8.702407 1.504381
8.755591 1.505145
8.768041 1.505324
8.771911 1.505379
8.746950 1.505021
8.886852 1.507031
9.125743 1.510463
9.167585 1.511064
9.289976 1.512823
9.310931 1.513124
9.317325 1.513216
9.390882 1.514273
9.390882 1.514273
9.420238 1.514694
9.411522 1.514569
9.411522 1.514569
9.326641 1.513350
9.253667 1.512301
9.207805 1.511642
9.200988 1.511544
9.186514 1.511336
9.235402 1.512039
9.135658 1.510606
8.914423 1.507427
8.927126 1.507609
8.936782 1.507748
9.106983 1.510194
9.095454 1.510028
9.050407 1.509381
9.046018 1.509318
9.074613 1.509728
8.944172 1.507854
8.946760 1.507891
8.939480 1.507787
8.999153 1.508644
8.986440 1.508462
8.981743 1.508394
9.003135 1.508701
8.990745 1.508523
9.003624 1.508708
8.862694 1.506684
8.874999 1.506860
8.859471 1.506637
8.850671 1.506511
8.958648 1.508062
8.958648 1.508062
8.965769 1.508165
8.989342 1.508503
8.987495 1.508477
9.327136 1.513357
9.215158 1.511748
9.211146 1.511690
9.284670 1.512747
9.288067 1.512795
9.234322 1.512023
9.268096 1.512508
9.934858 1.522089
9.948912 1.522291
10.007325 1.523130
10.072008 1.524059
10.036238 1.523545
10.046028 1.523686
10.060806 1.523898
10.025313 1.523388
10.043503 1.523650
9.476527 1.515503
9.383361 1.514165
9.359251 1.513818
9.259958 1.512392
9.271414 1.512556
9.223387 1.511866
9.178263 1.511218
8.997894 1.508626
9.010708 1.508810
9.029324 1.509078
9.029187 1.509076
9.038495 1.509210
9.053147 1.509420
9.012336 1.508834
8.951841 1.507964
9.026997 1.509044
9.044629 1.509298
9.037151 1.509190
9.126573 1.510475
8.819144 1.506058
8.833209 1.506260
8.827251 1.506174
8.894327 1.507138
9.031601 1.509110
9.036980 1.509188
9.095757 1.510032
9.214694 1.511741
9.152525 1.510848
9.130127 1.510526
9.155838 1.510896
8.989148 1.508500
8.927369 1.507613
8.950173 1.507940
8.930905 1.507664
9.102860 1.510134
9.056789 1.509472
9.056789 1.509472
8.917305 1.507468
9.109366 1.510228
9.115731 1.510319
9.136328 1.510615
9.126552 1.510475
9.191433 1.511407
9.042583 1.509268
9.042583 1.509268
8.993224 1.508559
8.981756 1.508394
8.981756 1.508394
9.099859 1.510091
9.306385 1.513059
9.315929 1.513196
9.301445 1.512988
9.301445 1.512988
9.380154 1.514119
9.369647 1.513968
9.363244 1.513876
9.382323 1.514150
9.375108 1.514046
9.367909 1.513943
9.379273 1.514106
9.414418 1.514611
9.752111 1.519463
9.755914 1.519517
9.771330 1.519739
9.796623 1.520102
9.781639 1.519887
9.758608 1.519556
10.236221 1.526419
10.269784 1.526901
10.134396 1.524956
10.065837 1.523971
10.060251 1.523890
10.087525 1.524282
10.120144 1.524751
10.078773 1.524156
10.063067 1.523931
10.014090 1.523227
10.010569 1.523176
9.951737 1.522331
9.958814 1.522433
9.926436 1.521968
9.736642 1.519241
9.711766 1.518883
9.750735 1.519443
9.763012 1.519619
9.892042 1.521473
9.892042 1.521473
10.208947 1.526027
10.175989 1.525553
10.181560 1.525633
11.092477 1.538721
10.254623 1.526683
10.307181 1.527438
10.297664 1.527301
10.317673 1.527589
10.326458 1.527715
10.324515 1.527687
10.283688 1.527101
10.288843 1.527175
10.176362 1.525559
10.164060 1.525382
10.186723 1.525707
10.186723 1.525707
10.189217 1.525743
10.139765 1.525033
10.141293 1.525055
9.845872 1.520810
9.748773 1.519415
9.806010 1.520237
9.660840 1.518151
9.756125 1.519521
9.644920 1.517923
9.644920 1.517923
9.621550 1.517587
9.619600 1.517559
9.524086 1.516187
9.386551 1.514210
9.392875 1.514301
9.569059 1.516833
9.542396 1.516450
9.597440 1.517241
9.597440 1.517241
9.597250 1.517238
9.537690 1.516382
9.609674 1.517416
9.631014 1.517723
9.812491 1.520330
9.811077 1.520310
9.776050 1.519807
9.775249 1.519795
9.756713 1.519529
9.750649 1.519442
9.734269 1.519207
9.739056 1.519275
9.778727 1.519845
9.709131 1.518845
9.633234 1.517755
9.633762 1.517762
9.648634 1.517976
9.662743 1.518179
9.632157 1.517739
9.642155 1.517883
9.492021 1.515726
9.502927 1.515883
9.549125 1.516546
9.659957 1.518139
9.601416 1.517298
10.296024 1.527278
10.248261 1.526592
10.309091 1.527466
10.229386 1.526320
10.230098 1.526331
10.232850 1.526370
10.225702 1.526267
10.209329 1.526032
10.191648 1.525778
10.247622 1.526582
10.248119 1.526590
10.163950 1.525380
10.172335 1.525501
10.077996 1.524145
10.076286 1.524121
10.137496 1.525000
10.141675 1.525060
10.181969 1.525639
10.151865 1.525207
10.049184 1.523731
10.175043 1.525540
10.174786 1.525536
10.069079 1.524017
10.108336 1.524581
10.084063 1.524232
11.006017 1.537479
10.970302 1.536966
10.993138 1.537294
11.028048 1.537796
10.137153 1.524995
10.159753 1.525320
10.188686 1.525736
10.224457 1.526250
10.342966 1.527952
10.343567 1.527961
10.330297 1.527770
10.338751 1.527892
10.121829 1.524775
10.101131 1.524478
10.093735 1.524371
10.145631 1.525117
10.145259 1.525112
9.835295 1.520658
9.869339 1.521147
9.837453 1.520689
9.837453 1.520689
9.839509 1.520719
9.842424 1.520760
9.507720 1.515951
9.514026 1.516042
9.533777 1.516326
9.534655 1.516338
9.603562 1.517328
9.611833 1.517447
9.597469 1.517241
9.604534 1.517342
9.614545 1.517486
9.507320 1.515946
9.507320 1.515946
9.493998 1.515754
9.502010 1.515869
9.325761 1.513337
9.274957 1.512607
9.241694 1.512129
9.232536 1.511998
9.190706 1.511397
9.194843 1.511456
9.146758 1.510765
9.155296 1.510888
9.141022 1.510683
9.154919 1.510882
8.868900 1.506773
8.800365 1.505788
8.799530 1.505776
8.776739 1.505449
9.171293 1.511118
9.711695 1.518882
9.713221 1.518904
9.240617 1.512114
9.240617 1.512114
9.229539 1.511954
9.094358 1.510012
9.104355 1.510156
9.048273 1.509350
9.062810 1.509559
9.068677 1.509643
9.078121 1.509779
9.235240 1.512036
9.182303 1.511276
9.451922 1.515150
9.476263 1.515499
9.507418 1.515947
9.496891 1.515796
9.641549 1.517874
9.622849 1.517606
9.669013 1.518269
9.681654 1.518451
9.687483 1.518534
9.730246 1.519149
9.672597 1.518320
9.672597 1.518320
9.855577 1.520949
9.860043 1.521014
9.864106 1.521072
9.852780 1.520909
9.782931 1.519906
9.782931 1.519906
9.824699 1.520506
10.073759 1.524084
9.729947 1.519144
9.733258 1.519192
9.794749 1.520075
9.784812 1.519933
9.781782 1.519889
9.771550 1.519742
9.783850 1.519919
9.800123 1.520153
9.846744 1.520823
9.857071 1.520971
9.865230 1.521088
9.847150 1.520828
9.835657 1.520663
9.814583 1.520360
9.753539 1.519483
9.687071 1.518528
9.650575 1.518004
9.665031 1.518212
9.665031 1.518212
9.696451 1.518663
9.696316 1.518661
10.044019 1.523657
10.032202 1.523487
10.032202 1.523487
9.978326 1.522713
10.024487 1.523376
10.107554 1.524570
10.235839 1.526413
10.174834 1.525537
10.185892 1.525695
10.131994 1.524921
10.233747 1.526383
10.236872 1.526428
10.244953 1.526544
10.250768 1.526628
10.361150 1.528214
10.378480 1.528463
10.344288 1.527971
11.315745 1.541929
11.369282 1.542699
11.372402 1.542743
11.362607 1.542603
11.370001 1.542709
11.376561 1.542803
11.382629 1.542890
11.129423 1.539252
11.133464 1.539310
11.159753 1.539688
11.229403 1.540689
11.162525 1.539728
11.093499 1.538736
11.398128 1.543113
11.399535 1.543133
11.388462 1.542974
11.329047 1.542121
11.290159 1.541562
11.213781 1.540464
11.179392 1.539970
11.154075 1.539606
11.175396 1.539913
11.155044 1.539620
11.141670 1.539428
10.821584 1.534829
10.836319 1.535041
10.887717 1.535779
11.104776 1.538898
11.225215 1.540629
11.225620 1.540634
11.156127 1.539636
11.157522 1.539656
11.155573 1.539628
11.155573 1.539628
11.503307 1.544624
11.447877 1.543828
11.447877 1.543828
11.465285 1.544078
11.605573 1.546094
11.647425 1.546695
11.663045 1.546919
11.658043 1.546848
11.615668 1.546239
11.652310 1.546765
11.773087 1.548501
11.763827 1.548368
11.542039 1.545181
11.556667 1.545391
11.711070 1.547609
11.730961 1.547895
11.738911 1.548010
11.892544 1.550217
11.898651 1.550305
12.145665 1.553854
12.212687 1.554817
12.071714 1.552791
11.685671 1.547245
11.676838 1.547118
11.636216 1.546534
11.840747 1.549473
11.825927 1.549260
11.767358 1.548418
11.777296 1.548561
11.827731 1.549286
11.825960 1.549260
11.732249 1.547914
11.765293 1.548389
11.788307 1.548719
11.799965 1.548887
11.764394 1.548376
11.898570 1.550304
11.684666 1.547230
11.650109 1.546734
11.660199 1.546879
11.657093 1.546834
11.513122 1.544765
11.343586 1.542329
11.351133 1.542438
11.625491 1.546380
11.677557 1.547128
11.837594 1.549427
11.881778 1.550062
11.668532 1.546998
11.646246 1.546678
11.593522 1.545921
11.604261 1.546075
11.570968 1.545596
11.563521 1.545489
11.667532 1.546984
11.664170 1.546936
11.688918 1.547291
11.759732 1.548309
11.808674 1.549012
11.814803 1.549100
11.776932 1.548556
11.785695 1.548682
11.792959 1.548786
11.564257 1.545500
11.573166 1.545628
11.662809 1.546916
11.661890 1.546903
11.700604 1.547459
11.758772 1.548295
11.706769 1.547548
11.722199 1.547769
11.716923 1.547694
11.692852 1.547348
11.692852 1.547348
