0.178782
0.175657
0.171121
0.167292
0.164763
0.162666
0.164206
0.163047
0.160393
0.158775
0.157146
0.155509
0.154383
0.155415
0.156907
0.160333
0.156241
0.158171
0.160302
0.159028
0.157538
0.159402
0.164139
0.163110
0.160272
0.158449
0.160119
0.161663
0.160512
0.163647
0.166362
0.165446
0.166263
0.172901
0.170094
0.169181
0.168388
0.165525
0.170205
0.171227
0.179663
0.187193
0.187117
0.187061
0.185735
0.186108
0.183926
0.189958
0.189958
0.188895
0.186229
0.183223
0.190713
0.194054
0.193491
0.193491
0.197589
0.196584
0.199806
0.197478
0.197439
0.196295
0.202213
0.199997
0.207833
0.207812
0.205497
0.208326
0.213250
0.214977
0.213082
0.217151
0.215467
0.213362
0.216009
0.213140
0.212256
0.214431
0.212232
0.210050
0.214727
0.213800
0.213623
0.213623
0.214965
0.214674
0.213712
0.212392
0.209305
0.209305
0.209117
0.206563
0.205034
0.203958
0.207476
0.223128
0.222221
0.226683
0.224424
0.224265
0.222547
0.212732
0.212011
0.215871
0.214354
0.214274
0.214274
0.224922
0.224024
0.224024
0.222351
0.221097
0.231478
0.236859
0.236757
0.233411
0.233314
0.232688
0.231218
0.230148
0.230048
0.237419
0.240096
0.238595
0.242052
0.241492
0.244523
0.240567
0.240611
0.235564
0.237739
0.241121
0.240328
0.240238
0.236729
0.246750
0.246127
0.245323
0.244826
0.244816
0.243395
0.242936
0.238927
0.238097
0.244906
0.244090
0.242614
0.240752
0.236687
0.236112
0.234716
0.234697
0.233752
0.232800
0.234670
0.233317
0.233254
0.232944
0.232505
0.231640
0.230980
0.229853
0.232289
0.232957
0.231238
0.231123
0.228784
0.229199
0.227946
0.227946
0.227150
0.224870
0.224253
0.233355
0.232899
0.227742
0.226924
0.226927
0.232862
0.241856
0.245439
0.244997
0.243214
0.240139
0.239836
0.236778
0.234484
0.233906
0.233828
0.238189
0.238041
0.237569
0.240770
0.240671
0.238911
0.235831
0.238190
0.238053
0.241935
0.245972
0.245776
0.245195
0.245175
0.244703
0.243549
0.241978
0.240976
0.240787
0.240113
0.238123
0.237104
0.240959
0.240605
0.240113
0.237634
0.241034
0.241403
0.239963
0.239731
0.238945
0.238262
0.237365
0.236155
0.236077
0.235660
0.235560
0.236190
0.233663
0.231698
0.230754
0.233781
0.233405
0.230741
0.228746
0.227440
0.226564
0.225069
0.224948
0.224948
0.224371
0.223935
0.222921
0.221725
0.219941
0.218961
0.219321
0.218159
0.217535
0.217217
0.216611
0.225651
0.224394
0.223941
0.220693
0.220996
0.223835
0.223311
0.220833
0.220011
0.219544
0.218878
0.217414
0.215887
0.210023
0.208685
0.206785
0.206241
0.208401
0.206891
0.209633
0.209474
0.220922
0.220737
0.220375
0.219907
0.217549
0.217115
0.215574
0.215406
0.214618
0.213673
0.210918
0.209441
0.215510
0.215254
0.214047
0.210316
0.209604
0.216120
0.219185
0.218601
0.216120
0.216457
0.221165
0.221060
0.232265
0.231194
0.229606
0.228090
0.226884
0.226670
0.226231
0.224063
0.223201
0.222765
0.221456
0.221282
0.216777
0.216659
0.216495
0.199939
0.199889
0.199631
0.199235
0.198745
0.197834
0.197135
0.196809
0.195678
0.195005
0.193948
0.193525
0.188675
0.188514
0.185087
0.185038
0.194086
0.190493
0.188236
0.186811
0.185060
0.185060
0.184393
0.183156
0.182146
0.183352
0.182048
0.185204
0.184745
0.190582
0.190292
0.190292
0.188790
0.187694
0.195970
0.195807
0.194386
0.194868
0.194076
0.193235
0.194748
0.204400
0.200524
0.201147
0.200292
0.197551
0.196420
0.195712
0.194928
0.194365
0.193925
0.193682
0.192474
0.191762
0.191555
0.190235
0.189769
0.189356
0.188957
0.188957
0.187659
0.187246
0.184819
0.184819
0.185068
0.184554
0.182225
0.180199
0.181184
0.180485
0.179290
0.176412
0.176228
0.174789
0.174387
0.173904
0.172821
0.165539
0.165006
0.164356
0.163606
0.158961
0.158961
0.157606
0.155537
0.154831
0.152432
0.151242
0.151242
0.150165
0.149516
0.148362
0.148064
0.147961
0.170617
0.160005
0.160029
0.158055
0.156093
0.155677
0.153848
0.153173
0.150060
0.149812
0.149812
0.149812
0.147222
0.144559
0.143893
0.142043
0.141788
0.139981
0.139220
0.139675
0.139412
0.138315
0.137814
0.135029
0.134697
0.129476
0.127816
0.126771
0.129926
0.130136
0.127906
0.126678
0.126249
0.125809
0.125092
0.124682
0.124169
0.124105
0.123763
0.130013
0.129495
0.129249
0.129020
0.128495
0.126672
0.124713
0.123508
0.123137
0.122045
0.120241
0.120002
0.119577
0.119812
0.119362
0.118717
0.120696
0.120471
0.120310
0.120271
0.120271
0.117313
0.116604
0.116412
0.114607
0.117144
0.116956
0.112821
0.112676
0.112542
0.112291
0.112197
0.112003
0.111606
0.110822
0.109804
0.110075
0.113442
0.108712
0.108420
0.108204
0.107879
0.103762
0.103314
0.102253
0.099934
0.099040
0.098819
0.098410
0.097878
0.097684
0.096292
0.096078
0.094927
0.093622
0.093823
0.094377
0.093584
0.092779
0.092411
0.091869
0.091290
0.090882
0.088978
0.088413
0.086619
0.086515
0.086007
0.085366
0.084669
0.083093
0.082910
0.082910
0.087268
0.087969
0.086743
0.085095
0.081976
0.081925
0.080851
0.080369
0.078968
0.078589
0.077078
0.077078
0.076709
0.076178
0.081227
0.080970
0.080970
0.079679
0.079679
0.079679
0.078670
0.075562
0.074818
0.074671
0.074287
0.074007
0.072339
0.073971
0.073683
0.073333
0.072408
0.071400
0.070780
0.069937
0.069625
0.069251
0.068893
0.068893
0.068800
0.068735
0.065623
0.048815
0.048624
0.048265
0.047877
0.047453
0.047453
0.045226
0.044509
0.043667
0.043236
0.041529
0.041367
0.040097
0.039004
0.038888
0.038176
0.037822
0.037747
0.041554
0.041373
0.041379
0.053082
0.058880
0.057468
0.057508
0.056013
0.055946
0.055402
0.055173
0.062334
0.061806
0.062578
0.062409
0.062050
0.061873
0.061873
0.061781
0.061606
0.062161
0.096950
0.095078
0.091115
0.091818
0.074307
0.074180
0.074180
0.072898
0.068584
0.067824
0.062091
0.061748
0.060309
0.060309
0.063194
0.062789
0.062557
0.056890
0.056890
0.083410
0.079014
0.079046
0.078350
0.072724
0.068017
0.066889
0.064563
0.060005
0.055230
0.054831
0.054831
0.053152
0.053152
0.052304
0.052154
0.049638
0.049451
0.049069
0.047219
0.047128
0.045682
0.045526
0.045526
0.043119
0.042311
0.046985
0.046262
0.054556
0.054260
0.052992
0.052774
0.052575
0.052219
0.052219
0.050970
0.050970
0.049281
0.048965
0.048116
0.048943
0.048295
0.042799
0.042799
0.041470
0.040609
0.040485
0.040245
0.039688
0.040158
0.035404
0.033282
0.030826
0.030814
0.029257
0.029245
0.028486
0.027836
0.012911
0.013026
0.012868
0.010036
0.010059
0.010531
0.010531
0.002702
0.002453
0.001508
-0.003137
-0.003179
-0.003381
-0.008018
-0.008202
-0.009108
-0.009967
-0.009967
-0.010643
-0.010690
-0.009035
-0.009086
-0.009672
0.001420
0.001211
0.000100
-0.002677
-0.002889
-0.003889
-0.004218
-0.001144
-0.001857
-0.003070
-0.003218
-0.003369
-0.003412
-0.000435
-0.003474
-0.005025
-0.005344
-0.005344
-0.007369
-0.007548
-0.008136
-0.008294
-0.011373
-0.012614
-0.013676
-0.015775
-0.016237
-0.018339
-0.021551
-0.022877
-0.023419
-0.025625
-0.027416
-0.025270
-0.029370
-0.030217
-0.030246
-0.030886
-0.029023
-0.028962
-0.029116
-0.029307
-0.030146
-0.036677
-0.037081
-0.038483
-0.039224
-0.039692
-0.039900
-0.040086
-0.038543
-0.034945
-0.035938
-0.037025
-0.037935
-0.038996
-0.039596
-0.039882
-0.041287
-0.048125
-0.048567
-0.049008
-0.048984
-0.050749
-0.051381
-0.051786
-0.051786
-0.052494
-0.053365
-0.054257
-0.055668
-0.056232
-0.056893
-0.046029
-0.046249
-0.046484
-0.046599
-0.047799
-0.048077
-0.048527
-0.048527
-0.058592
-0.060223
-0.057358
-0.058358
-0.058160
-0.059208
-0.060724
-0.062040
-0.054787
-0.052706
-0.053747
-0.054128
-0.054554
-0.055003
-0.055822
-0.050043
-0.050749
-0.051598
-0.057316
-0.057750
-0.058649
-0.060214
-0.065972
-0.066877
-0.067846
-0.067829
-0.068793
-0.070287
-0.072968
-0.073269
-0.074316
-0.074068
-0.077507
-0.079500
-0.079708
-0.080063
-0.080677
-0.080677
-0.080986
-0.081604
-0.075578
-0.076041
-0.077604
-0.077930
-0.078356
-0.078720
-0.079148
-0.079592
-0.079783
-0.080243
-0.081370
-0.081615
-0.081688
-0.081892
-0.082649
-0.084028
-0.085079
-0.090840
-0.091202
-0.094082
-0.093270
-0.093292
-0.093411
-0.093770
-0.094127
-0.094442
-0.095287
-0.096044
-0.097010
-0.097010
-0.094528
-0.095108
-0.095255
-0.096263
-0.096501
-0.096690
-0.096690
-0.097430
-0.098710
-0.098832
-0.098991
-0.099139
-0.099233
-0.095774
-0.097093
-0.097375
-0.097646
-0.098154
-0.098024
-0.101138
-0.101922
-0.103810
-0.128254
-0.129198
-0.129788
-0.130144
-0.145043
-0.144506
-0.147874
-0.148430
-0.148890
-0.149573
-0.150342
-0.136129
-0.136148
-0.128329
-0.125785
-0.126543
-0.127761
-0.128481
-0.129096
-0.129397
-0.110851
-0.107671
-0.108743
-0.109773
-0.110121
-0.125119
-0.125926
-0.130086
-0.131021
-0.131204
-0.131615
-0.132532
-0.132625
-0.135059
-0.135787
-0.136205
-0.142896
-0.145676
-0.154803
-0.156282
-0.156501
-0.156945
-0.157030
-0.157252
-0.157252
-0.158351
-0.114245
-0.115018
-0.121021
-0.121884
-0.121535
-0.122152
-0.180185
-0.180851
-0.181357
-0.183460
-0.184224
-0.185913
-0.186324
-0.187045
-0.187725
-0.187367
-0.188342
-0.217307
-0.219289
-0.220387
-0.222148
-0.222148
-0.223373
-0.224184
-0.224184
-0.224863
-0.225167
-0.224951
-0.224374
-0.225026
-0.225095
-0.225095
-0.225351
-0.252855
-0.253414
-0.242933
-0.252634
-0.253347
-0.255840
-0.256492
-0.257077
-0.257564
-0.258596
-0.258596
-0.259586
-0.259702
-0.260030
-0.260455
-0.260331
-0.260775
-0.261192
-0.261910
-0.262308
-0.281828
-0.283140
-0.282921
-0.283280
-0.283325
-0.284609
-0.285188
-0.285418
-0.285937
-0.286391
-0.287228
-0.287376
-0.288255
-0.288388
-0.288698
-0.288802
-0.284460
-0.283946
-0.285909
-0.286237
-0.286081
-0.257996
-0.258150
-0.260637
-0.260637
-0.261160
-0.266291
-0.266417
-0.267104
-0.267279
-0.267587
-0.267800
