0.178782
0.175657
0.171121
0.167292
0.164763
0.162666
0.164206
0.163047
0.160393
0.158775
0.157146
0.155509
0.154383
0.155415
0.156907
0.160333
0.156241
0.158171
0.160302
0.159028
0.157538
0.159402
0.164139
0.163110
0.160272
0.158449
0.160119
0.161663
0.160512
0.163647
0.166362
0.165446
0.166263
0.172901
0.170094
0.169181
0.168388
0.165525
0.170205
0.171227
0.179663
0.187193
0.187117
0.187061
0.185735
0.186108
0.183926
0.189958
0.189958
0.188895
0.186229
0.183223
0.190713
0.194054
0.193491
0.193491
0.197589
0.196584
0.199806
0.197478
0.197439
0.196295
0.202213
0.199997
0.207833
0.207812
0.205497
0.208326
0.213250
0.214977
0.213082
0.217151
0.215467
0.213362
0.216009
0.213140
0.212256
0.214431
0.212232
0.210050
0.214727
0.213800
0.213623
0.213623
0.214965
0.214674
0.213712
0.212392
0.209305
0.209305
0.209117
0.206563
0.205034
0.203958
0.207476
0.223128
0.222221
0.226683
0.224424
0.224265
