113.613299 4.865144
110.880017 4.801705
106.868621 4.708600
100.554130 4.562040
99.831193 4.545260
93.475825 4.397752
88.697226 4.286840
83.670868 4.170178
84.331156 4.185503
83.220869 4.159733
79.244818 4.067449
79.819541 4.080788
74.477929 3.956809
74.477929 3.956809
73.699447 3.938740
69.909413 3.850773
65.011220 3.737086
64.631784 3.728279
64.575185 3.726965
61.632127 3.658656
61.399778 3.653264
58.809961 3.593154
58.346962 3.582407
60.433219 3.630830
60.415366 3.630415
60.142442 3.624081
61.063023 3.645447
62.063500 3.668669
61.941948 3.665847
59.696581 3.613732
57.103615 3.553549
57.103615 3.553549
57.256275 3.557093
57.269620 3.557402
54.276462 3.487931
52.145978 3.438482
52.613425 3.449332
52.613425 3.449332
52.348223 3.443176
52.348223 3.443176
52.346296 3.443131
52.488447 3.446431
52.488447 3.446431
52.788748 3.453401
52.788748 3.453401
49.715338 3.382067
49.715338 3.382067
47.043388 3.320050
45.390860 3.281695
45.366963 3.281140
45.097224 3.274880
44.208817 3.254260
44.497338 3.260956
44.497338 3.260956
44.497338 3.260956
45.912141 3.293794
45.753788 3.290119
45.753788 3.290119
45.712029 3.289149
43.054645 3.227471
42.693140 3.219081
42.693140 3.219081
42.420255 3.212747
42.420255 3.212747
42.394805 3.212156
42.715266 3.219594
43.758749 3.243814
43.721618 3.242952
43.423074 3.236023
43.399369 3.235472
43.399369 3.235472
43.247204 3.231941
43.662641 3.241583
43.964640 3.248592
43.997304 3.249351
43.988164 3.249138
43.988164 3.249138
43.988164 3.249138
43.988164 3.249138
43.467743 3.237059
43.400879 3.235507
43.560765 3.239218
43.176490 3.230299
42.957996 3.225228
42.834239 3.222356
47.758226 3.336642
47.674647 3.334702
46.738901 3.312983
46.747819 3.313190
47.116157 3.321739
47.116157 3.321739
49.450030 3.375909
49.169203 3.369391
49.141792 3.368755
44.991464 3.272425
44.954391 3.271565
42.194537 3.207508
42.766230 3.220777
42.730875 3.219957
42.476668 3.214056
41.537411 3.192256
41.537411 3.192256
41.433201 3.189837
41.481447 3.190957
41.492329 3.191210
41.660172 3.195105
41.847184 3.199446
41.847184 3.199446
41.847184 3.199446
41.847184 3.199446
41.847184 3.199446
41.867899 3.199927
41.867899 3.199927
41.890563 3.200453
41.890563 3.200453
41.860241 3.199749
41.877954 3.200160
44.128763 3.252402
44.232258 3.254804
42.143671 3.206328
42.004162 3.203090
42.004162 3.203090
42.005121 3.203112
42.109500 3.205534
42.109500 3.205534
42.230644 3.208346
41.850967 3.199534
42.528211 3.215253
42.535656 3.215426
42.535656 3.215426
42.509358 3.214815
42.509358 3.214815
42.509358 3.214815
43.964014 3.248578
43.506928 3.237969
43.185962 3.230519
43.185962 3.230519
43.223597 3.231393
43.242900 3.231841
43.498926 3.237783
43.185961 3.230519
43.185961 3.230519
43.861505 3.246199
43.639769 3.241052
42.111112 3.205572
42.083456 3.204930
42.083456 3.204930
42.202759 3.207699
42.202759 3.207699
42.245450 3.208690
42.185372 3.207295
39.869490 3.153544
40.342260 3.164517
40.339522 3.164453
40.943746 3.178477
40.943746 3.178477
41.484310 3.191024
41.990073 3.202763
41.990073 3.202763
42.203159 3.207708
40.405786 3.165991
39.927433 3.154888
39.927433 3.154888
39.927433 3.154888
40.435601 3.166683
40.435601 3.166683
40.435601 3.166683
40.435601 3.166683
40.435601 3.166683
40.440156 3.166789
40.440156 3.166789
40.440156 3.166789
40.778284 3.174637
40.778284 3.174637
40.778284 3.174637
40.778284 3.174637
40.778284 3.174637
40.769861 3.174441
41.362906 3.188206
40.012689 3.156867
40.012689 3.156867
39.957785 3.155593
39.959702 3.155637
39.959702 3.155637
41.721524 3.196529
41.199888 3.184422
40.920764 3.177944
41.089207 3.181853
39.672422 3.148970
39.743809 3.150627
39.971427 3.155910
40.112828 3.159191
39.517989 3.145385
39.517989 3.145385
39.517989 3.145385
37.448492 3.097352
37.448492 3.097352
37.517414 3.098952
34.844285 3.036908
34.844285 3.036908
34.795373 3.035773
34.811839 3.036155
34.811839 3.036155
34.811839 3.036155
34.811839 3.036155
34.390640 3.026379
35.860610 3.060497
35.029391 3.041204
35.029391 3.041204
35.029391 3.041204
34.669513 3.032852
33.904123 3.015087
33.904123 3.015087
33.904123 3.015087
33.904123 3.015087
33.904123 3.015087
32.915186 2.992134
30.217595 2.929522
30.222625 2.929639
30.175925 2.928555
30.175925 2.928555
29.825715 2.920427
30.104321 2.926893
30.104321 2.926893
30.104321 2.926893
30.114157 2.927121
30.101618 2.926830
29.859944 2.921221
29.837383 2.920697
30.660628 2.939805
30.718221 2.941142
30.607591 2.938574
30.142598 2.927782
30.134296 2.927589
30.134296 2.927589
32.356309 2.979162
34.307851 3.024457
32.383725 2.979798
32.383725 2.979798
32.665472 2.986338
32.665472 2.986338
32.436680 2.981027
32.436680 2.981027
32.436680 2.981027
32.737674 2.988013
30.367187 2.932994
29.853229 2.921065
29.844604 2.920865
29.849950 2.920989
29.849950 2.920989
29.013648 2.901578
29.006199 2.901406
29.033398 2.902037
29.033398 2.902037
28.611240 2.892239
28.611240 2.892239
28.611240 2.892239
28.607934 2.892162
28.615687 2.892342
28.871390 2.898277
28.817078 2.897016
28.742641 2.895288
28.750387 2.895468
29.315853 2.908593
29.321105 2.908715
29.080963 2.903141
29.080963 2.903141
29.349930 2.909384
29.383344 2.910159
29.865293 2.921345
29.865666 2.921354
29.445320 2.911598
29.445320 2.911598
29.445320 2.911598
29.547011 2.913958
29.547011 2.913958
29.592283 2.915009
29.619054 2.915630
29.613575 2.915503
29.469479 2.912158
29.830399 2.920535
28.366441 2.886557
28.360116 2.886410
28.849862 2.897777
28.845465 2.897675
28.927978 2.899590
29.583535 2.914806
31.236859 2.953179
31.242314 2.953306
31.309709 2.954870
31.825081 2.966832
29.943088 2.923151
29.921969 2.922661
30.012535 2.924763
29.665435 2.916707
29.665435 2.916707
29.665435 2.916707
29.754328 2.918770
29.210242 2.906141
29.211687 2.906175
29.211687 2.906175
28.580843 2.891533
28.089831 2.880137
24.891594 2.805905
24.722911 2.801990
24.709178 2.801671
24.420630 2.794974
24.348401 2.793298
24.348401 2.793298
24.348401 2.793298
24.245193 2.790902
24.245193 2.790902
24.245193 2.790902
23.961934 2.784328
24.369782 2.793794
24.410823 2.794746
24.407298 2.794665
24.311894 2.792450
24.311894 2.792450
23.696765 2.778173
24.084009 2.787161
24.027751 2.785855
24.070210 2.786841
23.917858 2.783305
23.917858 2.783305
25.405461 2.817832
25.405461 2.817832
25.283513 2.815002
25.057123 2.809747
24.972658 2.807787
25.164818 2.812247
24.961324 2.807524
24.610533 2.799382
24.730421 2.802164
24.830774 2.804494
24.860124 2.805175
24.673226 2.800837
24.676760 2.800919
24.664541 2.800635
24.664541 2.800635
24.796551 2.803699
25.222932 2.813596
25.401227 2.817734
25.401227 2.817734
25.386954 2.817403
25.409560 2.817927
25.409560 2.817927
25.281230 2.814949
25.281230 2.814949
25.347297 2.816482
25.170997 2.812390
25.189228 2.812813
24.055332 2.786496
23.979432 2.784734
25.371099 2.817035
25.371099 2.817035
25.342558 2.816372
25.013121 2.808726
24.550201 2.797981
24.550201 2.797981
24.548125 2.797933
22.869368 2.758969
22.872132 2.759033
23.021223 2.762494
23.021223 2.762494
23.021223 2.762494
22.945884 2.760745
24.568082 2.798396
24.568082 2.798396
23.770966 2.779895
23.781014 2.780129
23.736190 2.779088
23.447646 2.772391
23.246569 2.767724
23.246569 2.767724
23.246569 2.767724
22.871238 2.759013
22.871238 2.759013
22.967105 2.761238
22.967105 2.761238
22.960900 2.761094
22.960900 2.761094
22.960900 2.761094
22.962474 2.761130
23.130991 2.765041
23.130991 2.765041
23.235405 2.767465
23.235405 2.767465
23.108717 2.764524
23.119111 2.764766
22.862728 2.758815
22.828422 2.758019
22.765242 2.756552
22.853037 2.758590
23.060362 2.763402
22.969524 2.761294
22.997007 2.761932
21.963150 2.737936
20.875789 2.712698
21.260639 2.721630
21.113962 2.718226
21.074544 2.717311
21.074544 2.717311
21.346566 2.723625
21.152963 2.719131
21.167672 2.719473
21.058644 2.716942
21.053111 2.716814
21.053111 2.716814
20.723114 2.709154
20.674940 2.708036
20.674940 2.708036
20.674940 2.708036
20.603943 2.706388
20.603943 2.706388
20.603943 2.706388
20.618595 2.706729
19.986527 2.692058
20.039120 2.693279
19.996834 2.692297
20.072072 2.694044
20.072072 2.694044
20.047903 2.693483
20.047903 2.693483
19.970856 2.691694
20.002506 2.692429
20.002506 2.692429
20.021685 2.692874
19.991043 2.692163
20.039934 2.693298
20.039934 2.693298
19.888375 2.689780
19.924647 2.690622
19.922697 2.690577
19.922697 2.690577
19.900526 2.690062
19.950375 2.691219
19.959354 2.691427
19.958564 2.691409
20.538960 2.704880
20.492977 2.703813
20.492977 2.703813
20.492977 2.703813
20.492977 2.703813
22.010478 2.739034
21.572648 2.728872
21.535469 2.728009
21.579070 2.729021
21.560925 2.728600
21.579004 2.729020
21.589716 2.729268
21.878197 2.735964
21.827374 2.734784
21.589916 2.729273
21.533200 2.727957
21.524811 2.727762
21.524811 2.727762
21.310908 2.722797
21.302862 2.722610
21.302862 2.722610
21.302862 2.722610
21.752787 2.733053
21.683334 2.731441
21.683334 2.731441
21.683334 2.731441
21.659882 2.730897
21.627748 2.730151
21.627748 2.730151
21.597516 2.729449
21.850924 2.735331
21.874498 2.735878
21.874498 2.735878
21.855225 2.735431
21.817389 2.734553
21.865523 2.735670
22.165557 2.742634
21.871920 2.735818
21.812082 2.734429
21.831240 2.734874
21.831240 2.734874
21.466695 2.726413
21.465375 2.726382
21.004813 2.715693
20.672489 2.707979
20.672489 2.707979
20.681341 2.708185
20.722271 2.709135
20.376635 2.701113
20.376635 2.701113
20.237375 2.697880
20.255729 2.698306
20.255729 2.698306
19.984914 2.692021
19.853412 2.688969
20.067241 2.693932
19.920024 2.690515
20.137800 2.695569
20.235184 2.697830
20.626959 2.706923
20.614338 2.706630
20.611610 2.706566
20.644609 2.707332
20.644609 2.707332
20.736313 2.709461
21.240512 2.721163
21.265121 2.721734
21.266076 2.721757
21.266076 2.721757
21.215102 2.720574
21.110356 2.718142
21.118267 2.718326
21.098745 2.717873
20.382284 2.701244
20.382284 2.701244
20.394442 2.701526
20.414862 2.702000
20.483040 2.703582
20.526381 2.704588
20.538239 2.704863
20.538239 2.704863
20.538239 2.704863
20.528358 2.704634
20.586905 2.705993
20.586905 2.705993
20.563415 2.705448
20.629560 2.706983
20.399874 2.701652
20.424155 2.702216
20.060115 2.693766
20.067302 2.693933
20.216326 2.697392
20.216326 2.697392
20.046113 2.693441
20.031469 2.693101
18.698181 2.662156
18.536227 2.658397
18.413116 2.655539
18.387001 2.654933
18.387001 2.654933
18.389744 2.654997
18.405121 2.655354
18.377594 2.654715
18.377594 2.654715
18.422747 2.655763
18.438793 2.656135
18.401488 2.655269
18.560949 2.658970
18.560949 2.658970
18.560949 2.658970
18.613622 2.660193
18.613622 2.660193
18.618719 2.660311
18.616781 2.660266
18.486345 2.657239
18.486345 2.657239
18.467675 2.656805
18.467675 2.656805
18.347019 2.654005
18.382911 2.654838
17.996823 2.645877
18.004742 2.646061
17.892973 2.643467
17.847980 2.642422
17.844455 2.642340
18.539231 2.658466
18.533146 2.658325
18.533146 2.658325
18.551117 2.658742
18.478325 2.657053
18.400803 2.655253
18.400803 2.655253
18.400803 2.655253
18.928353 2.667498
18.928353 2.667498
18.991163 2.668956
19.056808 2.670479
19.056808 2.670479
19.067675 2.670732
18.950233 2.668006
18.875396 2.666269
18.767567 2.663766
18.903311 2.666917
18.921279 2.667334
18.921461 2.667338
18.867608 2.666088
18.867608 2.666088
18.876771 2.666301
18.884361 2.666477
18.884361 2.666477
18.884361 2.666477
18.834849 2.665328
18.834849 2.665328
18.727166 2.662828
18.409410 2.655453
20.300751 2.699351
20.280928 2.698891
20.283990 2.698962
20.110246 2.694930
20.155301 2.695975
20.155301 2.695975
19.961367 2.691474
20.071542 2.694031
20.164615 2.696192
20.240434 2.697951
20.240434 2.697951
20.606266 2.706442
20.640304 2.707232
20.640304 2.707232
20.596449 2.706215
20.596449 2.706215
20.651789 2.707499
20.651789 2.707499
20.686252 2.708299
18.647322 2.660975
18.560424 2.658958
18.497087 2.657488
17.842008 2.642284
17.788439 2.641040
17.788439 2.641040
17.660340 2.638067
17.660340 2.638067
17.691302 2.638786
17.691302 2.638786
17.678546 2.638490
17.678546 2.638490
17.693592 2.638839
17.692617 2.638816
17.692617 2.638816
17.773257 2.640688
17.773257 2.640688
17.708577 2.639187
17.760054 2.640382
17.815245 2.641663
19.260097 2.675198
17.844456 2.642340
17.792774 2.641141
17.792774 2.641141
18.124367 2.648837
17.987425 2.645659
17.953637 2.644875
17.953637 2.644875
17.962248 2.645074
17.892397 2.643453
17.913912 2.643953
17.913912 2.643953
17.913912 2.643953
17.400347 2.632033
17.238220 2.628270
17.239153 2.628291
17.282641 2.629301
17.244504 2.628416
17.252117 2.628592
17.252237 2.628595
16.743949 2.616798
16.758197 2.617128
16.750893 2.616959
16.756382 2.617086
16.726126 2.616384
16.737327 2.616644
16.688028 2.615500
16.742910 2.616774
16.817333 2.618501
16.805605 2.618229
16.831658 2.618833
16.960889 2.621833
16.983224 2.622351
17.033814 2.623525
17.033814 2.623525
17.033814 2.623525
17.030414 2.623446
17.030414 2.623446
16.920060 2.620885
18.460860 2.656647
18.527495 2.658194
18.525149 2.658139
20.195302 2.696904
20.192721 2.696844
20.190868 2.696801
20.160463 2.696095
20.155265 2.695975
20.131989 2.695434
20.162445 2.696141
21.045920 2.716647
19.765820 2.686936
19.754175 2.686665
19.676818 2.684870
19.714776 2.685751
19.657245 2.684415
19.307991 2.676309
19.454591 2.679712
19.166179 2.673018
19.275714 2.675560
19.274095 2.675523
17.815984 2.641680
17.822522 2.641831
17.822522 2.641831
17.871318 2.642964
17.877770 2.643114
17.959932 2.645021
17.914087 2.643957
17.776913 2.640773
17.907781 2.643810
17.924631 2.644201
17.921693 2.644133
18.189941 2.650359
17.462679 2.633479
17.516772 2.634735
17.534200 2.635139
17.495488 2.634241
17.248558 2.628510
17.248558 2.628510
17.247910 2.628495
17.235164 2.628199
17.197294 2.627320
17.222933 2.627915
17.184305 2.627018
17.195041 2.627268
17.226659 2.628001
17.222648 2.627908
17.695939 2.638893
17.703151 2.639061
16.102870 2.601918
16.102870 2.601918
16.109190 2.602065
16.109190 2.602065
15.991762 2.599339
16.001859 2.599574
16.001859 2.599574
16.004119 2.599626
15.983504 2.599148
16.421062 2.609303
16.421062 2.609303
16.309226 2.606708
16.300882 2.606514
16.300882 2.606514
16.300882 2.606514
16.199667 2.604165
16.160995 2.603267
16.160995 2.603267
17.885550 2.643294
17.885550 2.643294
17.885550 2.643294
17.885550 2.643294
17.788581 2.641044
17.473217 2.633724
17.473217 2.633724
17.468275 2.633609
17.468275 2.633609
17.468275 2.633609
17.468275 2.633609
17.498214 2.634304
17.643593 2.637678
17.643593 2.637678
17.746782 2.640073
18.147276 2.649369
18.190517 2.650373
18.183612 2.650212
18.177639 2.650074
18.416892 2.655627
18.423866 2.655789
18.526213 2.658164
18.148515 2.649398
18.839256 2.665430
18.838174 2.665405
18.489816 2.657319
18.406976 2.655397
18.415147 2.655586
18.415147 2.655586
18.415147 2.655586
16.564531 2.612633
16.570283 2.612767
16.245722 2.605234
16.504161 2.611232
16.497934 2.611088
16.502406 2.611191
16.515400 2.611493
16.507629 2.611313
16.724496 2.616346
16.724496 2.616346
16.634182 2.614250
16.634450 2.614256
16.639972 2.614384
16.601442 2.613490
16.573679 2.612846
17.042908 2.623736
17.042908 2.623736
17.212457 2.627672
17.212061 2.627663
17.256817 2.628701
17.213188 2.627689
17.114408 2.625396
17.313640 2.630020
17.299534 2.629693
17.094215 2.624927
17.094215 2.624927
17.019976 2.623204
17.070973 2.624388
17.070973 2.624388
17.070973 2.624388
17.144649 2.626098
17.069195 2.624347
17.105668 2.625193
17.167950 2.626639
17.195510 2.627278
16.978521 2.622242
16.796028 2.618006
16.796028 2.618006
16.503272 2.611211
16.499954 2.611134
14.980812 2.575875
14.980812 2.575875
16.290429 2.606271
16.146390 2.602928
16.194780 2.604051
16.203262 2.604248
16.230163 2.604873
16.573768 2.612848
16.497295 2.611073
16.484943 2.610786
16.436962 2.609672
16.328395 2.607153
16.353536 2.607736
16.301795 2.606535
16.320735 2.606975
16.465600 2.610337
16.465600 2.610337
16.397361 2.608753
16.397361 2.608753
16.397361 2.608753
16.403076 2.608886
16.410858 2.609067
16.293836 2.606350
16.275241 2.605919
16.244323 2.605201
16.244323 2.605201
15.842153 2.595867
15.832995 2.595654
16.092641 2.601681
16.104610 2.601959
15.896640 2.597132
15.916837 2.597600
16.149692 2.603005
16.335581 2.607319
16.193851 2.604030
16.198314 2.604133
17.661685 2.638098
16.142672 2.602842
16.180510 2.603720
16.130550 2.602561
16.128013 2.602502
16.128013 2.602502
16.209079 2.604383
16.177177 2.603643
16.130712 2.602564
16.309381 2.606711
15.879579 2.596736
15.936621 2.598059
15.782550 2.594483
15.908126 2.597398
15.825808 2.595487
16.086436 2.601537
16.119937 2.602314
16.104062 2.601946
15.924253 2.597772
15.924253 2.597772
16.109528 2.602073
16.061350 2.600954
16.157844 2.603194
16.102592 2.601912
16.118352 2.602277
16.100817 2.601870
16.101313 2.601882
16.378301 2.608311
16.378301 2.608311
16.371729 2.608158
16.371729 2.608158
16.307906 2.606677
16.539637 2.612056
16.449836 2.609971
16.449836 2.609971
15.064274 2.577812
15.065035 2.577830
15.111565 2.578910
15.122627 2.579167
16.913328 2.620729
17.137332 2.625928
17.142712 2.626053
17.444755 2.633063
17.439896 2.632951
17.491228 2.634142
17.491228 2.634142
17.406642 2.632179
17.538601 2.635242
17.579700 2.636195
16.838646 2.618996
16.838646 2.618996
16.797612 2.618043
16.797612 2.618043
16.793766 2.617954
16.801794 2.618140
16.873470 2.619804
16.804164 2.618195
16.731544 2.616510
16.749586 2.616928
16.958995 2.621789
16.959282 2.621796
16.989802 2.622504
17.217715 2.627794
17.223129 2.627919
17.211185 2.627642
17.210100 2.627617
17.210100 2.627617
17.207283 2.627552
17.152179 2.626273
17.156964 2.626384
17.158913 2.626429
17.217835 2.627797
17.219725 2.627840
17.173036 2.626757
17.206722 2.627539
17.084867 2.624710
17.131970 2.625804
17.082619 2.624658
17.082619 2.624658
16.988681 2.622478
17.084706 2.624707
17.088317 2.624790
17.128681 2.625727
17.074023 2.624459
17.064687 2.624242
17.078489 2.624562
17.078489 2.624562
17.117185 2.625460
17.117185 2.625460
17.158103 2.626410
17.069890 2.624363
16.959324 2.621797
16.749553 2.616928
16.728893 2.616448
14.964897 2.575506
14.982228 2.575908
15.058818 2.577686
15.118384 2.579068
15.167748 2.580214
15.110758 2.578891
15.121940 2.579151
15.121940 2.579151
15.168676 2.580235
15.273775 2.582675
15.193667 2.580815
15.197846 2.580912
15.284642 2.582927
15.193782 2.580818
15.268888 2.582561
15.268888 2.582561
15.296492 2.583202
15.296492 2.583202
15.258102 2.582311
15.258102 2.582311
14.686794 2.569051
14.691092 2.569151
14.692676 2.569187
14.830472 2.572386
14.852253 2.572891
14.849361 2.572824
14.892452 2.573824
14.905571 2.574129
14.904736 2.574109
14.878138 2.573492
14.876475 2.573453
14.877030 2.573466
14.877030 2.573466
14.878643 2.573504
14.844418 2.572709
14.559833 2.566104
14.003839 2.553199
13.961600 2.552219
13.825749 2.549066
13.825749 2.549066
14.067657 2.554681
14.067657 2.554681
14.051899 2.554315
14.051899 2.554315
14.051899 2.554315
13.998925 2.553085
13.985485 2.552773
13.955633 2.552081
13.959147 2.552162
13.964351 2.552283
13.965590 2.552312
14.009669 2.553335
14.041854 2.554082
13.869487 2.550081
13.748997 2.547285
13.805143 2.548588
13.805143 2.548588
13.680926 2.545705
13.433073 2.539952
13.374752 2.538598
13.374752 2.538598
13.367944 2.538440
13.740523 2.547088
13.727608 2.546788
13.738508 2.547041
13.738508 2.547041
13.817437 2.548873
13.811729 2.548741
13.761735 2.547580
13.755968 2.547446
14.015734 2.553476
13.808461 2.548665
13.793243 2.548311
13.792779 2.548301
13.557063 2.542830
13.557063 2.542830
13.667051 2.545383
13.696459 2.546065
13.696550 2.546067
13.714488 2.546484
13.716366 2.546527
13.607550 2.544002
13.667754 2.545399
13.667754 2.545399
13.664782 2.545330
13.809671 2.548693
13.875247 2.550215
13.424656 2.539757
13.685771 2.545817
13.711702 2.546419
13.715971 2.546518
13.748872 2.547282
13.634895 2.544636
13.655764 2.545121
13.620692 2.544307
13.640305 2.544762
13.462497 2.540635
13.492793 2.541338
13.546147 2.542576
13.568006 2.543084
13.571117 2.543156
13.563933 2.542989
13.568678 2.543099
13.461272 2.540606
13.508081 2.541693
13.495032 2.541390
13.412139 2.539466
13.461434 2.540610
13.532515 2.542260
13.521921 2.542014
13.616891 2.544218
13.358065 2.538211
13.349493 2.538012
13.381778 2.538761
13.364135 2.538352
13.285429 2.536525
13.210460 2.534785
13.210460 2.534785
13.229286 2.535222
13.177915 2.534030
13.185271 2.534200
13.524810 2.542081
13.489210 2.541255
13.489210 2.541255
13.489210 2.541255
13.529898 2.542199
13.346617 2.537945
13.325814 2.537462
13.325814 2.537462
13.508098 2.541693
13.433852 2.539970
13.433852 2.539970
13.445306 2.540236
13.384855 2.538833
13.384855 2.538833
12.871079 2.526908
12.865065 2.526768
12.911915 2.527856
12.911915 2.527856
12.935385 2.528401
13.017419 2.530305
13.011703 2.530172
12.996994 2.529830
12.996994 2.529830
13.023592 2.530448
12.915065 2.527929
12.915065 2.527929
12.581493 2.520187
12.512935 2.518595
12.523040 2.518830
13.716772 2.546537
13.744962 2.547191
13.365352 2.538380
12.126013 2.509615
12.218057 2.511751
12.212216 2.511616
12.252045 2.512540
12.252045 2.512540
12.179813 2.510864
12.168052 2.510591
12.123748 2.509562
12.123748 2.509562
12.385283 2.515633
13.911890 2.551065
13.938158 2.551675
13.952420 2.552006
13.975133 2.552533
13.970201 2.552419
13.965136 2.552301
13.775052 2.547889
13.970937 2.552436
13.996081 2.553019
14.359689 2.561459
14.321958 2.560583
14.321958 2.560583
14.432888 2.563158
14.407736 2.562574
14.376645 2.561852
14.375653 2.561829
14.517388 2.565119
14.453149 2.563628
14.415321 2.562750
15.267097 2.582520
15.138246 2.579529
15.140083 2.579572
15.194384 2.580832
15.165350 2.580158
15.108354 2.578835
15.082432 2.578234
15.167240 2.580202
14.930434 2.574706
15.014671 2.576661
14.383353 2.562008
14.383353 2.562008
14.383353 2.562008
14.349658 2.561226
14.692656 2.569187
14.689581 2.569116
14.689581 2.569116
14.743972 2.570378
14.743972 2.570378
14.743972 2.570378
14.779147 2.571194
14.777297 2.571151
14.767609 2.570927
14.832611 2.572435
14.832611 2.572435
14.742960 2.570354
14.742960 2.570354
15.006976 2.576482
14.979939 2.575855
14.979939 2.575855
15.017232 2.576720
15.036750 2.577173
14.985032 2.575973
14.966812 2.575550
14.982028 2.575903
15.351227 2.584472
15.341784 2.584253
15.387853 2.585323
15.045533 2.577377
15.034918 2.577131
15.111744 2.578914
15.061576 2.577750
15.061576 2.577750
15.049025 2.577458
15.102549 2.578701
15.167498 2.580208
15.045245 2.577371
15.130692 2.579354
15.171078 2.580291
15.143827 2.579659
15.127585 2.579282
15.387713 2.585319
15.391941 2.585417
15.422012 2.586115
15.515818 2.588293
15.538313 2.588815
15.430117 2.586303
15.495013 2.587810
15.495013 2.587810
15.580514 2.589794
15.557353 2.589257
15.536494 2.588772
15.579444 2.589769
15.629157 2.590923
15.651783 2.591448
15.715344 2.592924
16.169540 2.603466
16.220476 2.604648
16.230907 2.604890
16.325550 2.607087
16.322997 2.607027
16.289100 2.606241
16.179152 2.603689
16.274338 2.605898
16.295862 2.606397
16.384099 2.608445
16.384099 2.608445
16.418585 2.609246
16.398263 2.608774
16.415058 2.609164
16.481971 2.610717
16.477778 2.610620
16.498368 2.611098
16.498368 2.611098
16.560693 2.612544
16.487202 2.610838
16.380114 2.608353
16.371439 2.608152
16.344188 2.607519
16.344188 2.607519
16.365758 2.608020
16.357055 2.607818
16.361241 2.607915
16.347927 2.607606
16.344371 2.607523
16.313026 2.606796
16.384092 2.608445
16.499128 2.611115
16.213166 2.604478
16.361971 2.607932
16.385672 2.608482
16.460086 2.610209
16.460086 2.610209
16.569827 2.612756
16.639376 2.614370
16.997441 2.622681
16.994678 2.622617
17.053985 2.623994
17.091934 2.624874
16.533483 2.611913
16.529321 2.611816
16.664322 2.614949
16.708380 2.615972
16.960866 2.621832
16.810401 2.618340
16.657422 2.614789
16.657422 2.614789
16.874517 2.619828
16.872826 2.619789
16.872826 2.619789
16.806597 2.618252
16.832304 2.618848
16.844406 2.619129
16.995218 2.622630
16.995218 2.622630
17.088252 2.624789
17.279164 2.629220
17.320744 2.630185
17.339551 2.630622
17.357971 2.631049
18.133911 2.649059
18.118837 2.648709
18.118837 2.648709
18.066520 2.647495
18.117819 2.648685
18.601531 2.659912
18.629055 2.660551
18.532578 2.658312
18.537195 2.658419
18.561765 2.658989
18.563357 2.659026
18.558612 2.658916
18.534913 2.658366
18.534913 2.658366
18.534913 2.658366
18.445746 2.656296
18.424197 2.655796
18.430546 2.655944
19.015771 2.669527
18.978041 2.668651
19.638520 2.683981
19.672723 2.684775
19.704006 2.685501
19.714227 2.685738
19.665834 2.684615
19.564480 2.682262
19.564480 2.682262
17.370447 2.631339
17.370447 2.631339
17.382640 2.631622
17.459301 2.633401
17.555520 2.635634
17.920799 2.644112
17.462229 2.633469
17.525310 2.634933
17.581458 2.636236
17.602314 2.636720
17.593260 2.636510
17.658560 2.638026
17.679180 2.638504
17.651312 2.637858
17.399060 2.632003
17.050202 2.623906
17.046884 2.623829
17.005943 2.622879
16.991930 2.622553
16.975750 2.622178
16.824806 2.618674
16.817354 2.618501
16.340434 2.607432
16.334109 2.607285
16.152707 2.603075
16.175912 2.603613
16.175912 2.603613
16.102213 2.601903
16.102213 2.601903
16.119116 2.602295
16.128792 2.602520
16.075427 2.601281
16.049351 2.600676
16.059524 2.600912
16.037175 2.600393
16.025762 2.600128
15.948211 2.598328
15.952423 2.598426
15.913480 2.597522
16.008319 2.599724
15.938113 2.598094
15.930484 2.597917
15.971623 2.598872
16.207060 2.604336
16.285513 2.606157
16.287284 2.606198
16.291166 2.606288
16.512200 2.611419
16.472177 2.610490
16.604892 2.613570
16.599406 2.613443
16.599406 2.613443
16.599406 2.613443
16.577747 2.612940
16.577747 2.612940
16.577747 2.612940
16.577747 2.612940
16.598688 2.613426
16.608047 2.613643
16.608047 2.613643
16.701098 2.615803
16.446664 2.609898
16.585765 2.613126
16.585765 2.613126
16.544272 2.612163
16.570197 2.612765
16.803844 2.618188
16.803844 2.618188
16.790295 2.617873
17.780630 2.640859
17.780630 2.640859
17.780630 2.640859
19.811152 2.687988
19.801362 2.687760
19.465305 2.679961
19.191744 2.673611
19.290838 2.675911
18.418554 2.655665
18.455882 2.656532
18.431140 2.655957
17.602900 2.636734
17.713229 2.639295
18.168069 2.649852
18.364882 2.654420
21.120689 2.718382
21.216060 2.720596
21.243692 2.721237
21.275291 2.721970
21.233098 2.720991
21.243000 2.721221
21.229496 2.720908
21.345169 2.723592
21.360024 2.723937
21.409190 2.725078
21.662600 2.730960
21.637833 2.730385
23.092214 2.764141
23.031115 2.762723
21.705877 2.731964
21.702750 2.731892
21.844865 2.735190
21.822128 2.734663
21.832031 2.734892
21.827990 2.734799
21.827990 2.734799
21.626114 2.730113
21.468492 2.726455
21.476817 2.726648
21.466310 2.726404
21.481379 2.726754
19.785030 2.687381
19.785030 2.687381
19.777601 2.687209
19.777601 2.687209
19.703370 2.685486
19.407472 2.678618
19.411757 2.678718
19.256951 2.675125
23.500447 2.773617
23.510879 2.773859
24.026894 2.785835
24.270044 2.791479
24.219076 2.790296
23.800001 2.780569
23.865479 2.782089
23.840156 2.781501
23.852847 2.781796
23.855334 2.781854
23.878948 2.782402
23.871972 2.782240
24.241652 2.790820
24.241652 2.790820
24.081530 2.787104
24.081530 2.787104
23.967418 2.784455
23.977557 2.784690
23.846438 2.781647
23.813952 2.780893
23.805618 2.780700
23.805618 2.780700
23.798465 2.780534
23.798465 2.780534
23.832238 2.781317
24.081605 2.787105
24.036599 2.786061
24.038717 2.786110
24.078721 2.787038
24.152678 2.788755
24.139014 2.788438
24.137113 2.788394
24.137113 2.788394
24.112208 2.787816
24.112208 2.787816
24.014240 2.785542
24.573446 2.798521
20.391753 2.701464
20.363462 2.700807
20.617133 2.706695
20.617133 2.706695
20.040817 2.693318
20.040817 2.693318
20.026519 2.692986
19.822570 2.688253
19.835530 2.688554
19.849331 2.688874
19.833894 2.688516
19.826306 2.688339
19.896081 2.689959
19.896081 2.689959
19.866389 2.689270
19.545951 2.681832
19.565804 2.682293
19.526201 2.681374
19.533167 2.681536
19.817258 2.688129
19.931113 2.690772
19.931113 2.690772
19.931113 2.690772
19.931113 2.690772
19.903914 2.690141
19.802857 2.687795
19.725835 2.686007
19.654589 2.684354
19.814082 2.688056
20.301600 2.699371
20.370489 2.700970
20.370489 2.700970
20.871995 2.712610
20.871995 2.712610
20.419126 2.702099
20.317524 2.699741
20.534391 2.704774
20.310994 2.699589
20.310994 2.699589
20.261248 2.698434
19.892497 2.689876
19.813702 2.688047
19.892316 2.689872
19.862363 2.689176
19.851608 2.688927
19.839549 2.688647
19.725706 2.686004
19.725706 2.686004
19.725706 2.686004
19.822567 2.688253
19.898754 2.690021
20.008906 2.692578
20.032132 2.693117
19.970663 2.691690
19.970663 2.691690
20.131282 2.695418
20.121737 2.695196
20.094426 2.694563
20.213911 2.697336
20.259265 2.698388
20.229134 2.697689
20.202783 2.697077
20.202783 2.697077
20.387366 2.701362
20.463569 2.703130
20.466792 2.703205
20.455009 2.702932
20.455009 2.702932
20.465887 2.703184
20.470077 2.703281
20.548640 2.705105
20.582779 2.705897
20.633133 2.707066
20.673360 2.708000
20.696309 2.708532
20.696309 2.708532
20.638251 2.707185
20.638251 2.707185
20.570080 2.705602
20.646871 2.707385
20.642334 2.707279
20.609246 2.706512
20.457962 2.703000
20.311512 2.699601
20.309429 2.699553
20.267274 2.698574
20.242312 2.697995
20.242312 2.697995
20.294147 2.699198
20.125795 2.695291
20.129549 2.695378
20.133467 2.695469
19.935284 2.690869
19.965061 2.691560
19.958042 2.691397
20.083698 2.694314
20.098191 2.694650
20.749654 2.709770
20.650105 2.707460
21.001668 2.715620
21.038342 2.716471
21.080333 2.717446
21.080333 2.717446
21.236357 2.721067
21.241865 2.721195
21.240295 2.721158
21.254860 2.721496
21.188003 2.719945
21.042710 2.716572
21.025835 2.716181
21.179699 2.719752
21.803344 2.734227
21.877431 2.735946
21.926941 2.737095
21.885774 2.736140
21.885774 2.736140
23.629366 2.776609
23.629208 2.776605
23.816563 2.780954
23.833932 2.781357
23.833932 2.781357
23.875820 2.782329
23.875820 2.782329
24.111496 2.787799
24.200059 2.789855
24.102091 2.787581
24.106610 2.787686
24.015400 2.785569
24.006101 2.785353
23.962910 2.784350
23.948982 2.784027
23.948982 2.784027
23.947539 2.783994
23.952862 2.784117
24.093420 2.787380
24.175314 2.789280
24.175314 2.789280
24.392897 2.794330
24.330487 2.792882
24.328735 2.792841
24.328735 2.792841
24.412610 2.794788
24.280427 2.791720
24.058983 2.786580
23.994300 2.785079
23.909572 2.783112
23.971429 2.784548
23.889889 2.782656
23.888299 2.782619
23.929387 2.783572
23.827630 2.781211
23.877978 2.782379
23.880764 2.782444
23.099071 2.764301
23.130390 2.765028
22.913664 2.759997
16.284694 2.606138
16.284694 2.606138
16.256378 2.605481
16.271284 2.605827
16.294279 2.606361
16.303322 2.606571
16.151783 2.603053
16.147744 2.602960
16.147744 2.602960
16.147744 2.602960
16.404999 2.608931
16.423573 2.609362
16.347471 2.607595
16.433853 2.609600
16.486087 2.610813
16.369033 2.608096
16.298739 2.606464
16.245664 2.605232
16.245664 2.605232
16.225629 2.604767
16.234565 2.604975
16.183946 2.603800
16.048592 2.600658
16.053339 2.600769
16.524318 2.611700
16.609247 2.613671
16.472085 2.610488
16.472085 2.610488
16.544980 2.612180
16.613366 2.613767
16.618781 2.613892
16.585795 2.613127
16.586372 2.613140
16.575104 2.612879
16.563065 2.612599
16.491441 2.610937
16.536139 2.611974
16.537595 2.612008
16.581505 2.613027
16.581505 2.613027
16.691828 2.615588
16.702676 2.615840
16.764770 2.617281
16.785296 2.617757
16.809152 2.618311
16.933758 2.621203
16.815736 2.618464
16.742036 2.616753
16.651335 2.614648
16.799537 2.618088
16.483077 2.610743
16.506059 2.611276
16.470614 2.610453
16.521254 2.611629
16.582663 2.613054
16.582663 2.613054
16.575652 2.612891
16.482642 2.610733
17.665800 2.638194
17.454498 2.633290
17.303048 2.629774
17.364682 2.631205
17.353380 2.630943
17.406241 2.632169
18.634300 2.660673
18.663568 2.661352
18.656239 2.661182
18.660061 2.661271
18.449180 2.656376
18.647781 2.660986
18.709735 2.662424
18.710686 2.662446
18.710686 2.662446
18.771493 2.663857
19.367517 2.677691
19.372586 2.677809
18.135555 2.649097
17.869342 2.642918
17.869524 2.642922
17.936644 2.644480
17.977513 2.645429
17.660834 2.638079
17.680185 2.638528
17.609396 2.636885
17.585496 2.636330
17.644303 2.637695
17.808535 2.641507
17.838881 2.642211
17.155717 2.626355
17.145549 2.626119
17.071279 2.624395
17.077029 2.624528
16.981959 2.622322
16.981959 2.622322
16.989008 2.622485
17.025280 2.623327
17.032509 2.623495
17.057228 2.624069
17.005885 2.622877
16.998110 2.622697
17.202206 2.627434
17.202206 2.627434
17.201130 2.627409
17.214448 2.627718
17.223445 2.627927
17.510145 2.634581
17.478536 2.633847
17.445699 2.633085
17.870256 2.642939
18.124163 2.648833
18.055197 2.647232
18.055197 2.647232
18.054173 2.647208
18.198954 2.650568
18.180197 2.650133
18.197365 2.650532
18.106303 2.648418
18.099636 2.648263
18.145764 2.649334
18.042484 2.646937
18.075551 2.647704
18.183919 2.650219
18.167100 2.649829
18.205840 2.650728
17.785978 2.640983
17.717655 2.639397
17.717655 2.639397
17.717655 2.639397
17.357038 2.631027
17.357038 2.631027
17.357038 2.631027
17.357038 2.631027
17.310272 2.629942
17.417978 2.632442
17.416432 2.632406
17.322684 2.630230
17.310484 2.629947
17.419009 2.632466
17.419009 2.632466
17.393487 2.631873
17.385713 2.631693
17.385713 2.631693
17.385713 2.631693
17.440628 2.632968
17.440628 2.632968
17.439284 2.632936
17.306129 2.629846
17.297596 2.629648
17.339147 2.630612
17.240486 2.628322
17.166266 2.626600
17.556051 2.635647
17.561425 2.635771
17.646886 2.637755
17.646631 2.637749
17.567277 2.635907
17.691890 2.638799
17.491947 2.634159
17.580464 2.636213
17.541193 2.635302
17.617941 2.637083
17.621837 2.637173
17.625080 2.637249
17.625080 2.637249
17.629903 2.637361
17.585918 2.636340
17.564480 2.635842
17.556273 2.635652
17.522512 2.634868
17.440037 2.632954
17.440037 2.632954
17.407270 2.632193
17.419690 2.632482
17.291020 2.629495
17.262773 2.628840
17.262773 2.628840
16.642405 2.614441
16.963441 2.621892
17.057505 2.624075
16.972837 2.622110
17.299775 2.629698
17.289216 2.629453
17.302859 2.629770
17.302859 2.629770
17.824105 2.641868
17.543566 2.635357
17.501600 2.634383
17.517486 2.634751
17.347561 2.630808
17.385194 2.631681
17.161191 2.626482
17.192324 2.627204
17.153470 2.626303
16.707503 2.615952
16.835938 2.618933
16.890745 2.620205
16.914771 2.620762
16.811477 2.618365
16.762968 2.617239
16.709347 2.615995
16.576435 2.612910
16.576435 2.612910
16.647977 2.614570
16.647977 2.614570
16.639004 2.614362
16.644530 2.614490
16.590760 2.613242
16.734476 2.616578
17.044312 2.623769
16.968205 2.622003
17.070922 2.624387
17.058552 2.624100
17.092333 2.624884
17.051001 2.623924
17.051001 2.623924
17.094291 2.624929
17.094291 2.624929
16.901116 2.620445
17.033597 2.623520
17.000061 2.622742
17.000061 2.622742
17.000061 2.622742
17.130276 2.625764
16.992625 2.622569
16.837364 2.618966
16.820237 2.618568
16.791954 2.617912
18.729609 2.662885
18.719901 2.662660
18.713928 2.662521
18.334272 2.653709
18.200362 2.650601
18.144199 2.649298
18.423837 2.655788
18.576141 2.659323
18.500305 2.657563
18.421467 2.655733
18.356042 2.654214
18.356156 2.654217
18.356156 2.654217
19.631606 2.683820
19.727769 2.686052
19.727769 2.686052
19.752107 2.686617
19.886581 2.689738
19.834996 2.688541
19.834996 2.688541
19.667946 2.684664
19.666259 2.684625
19.647073 2.684179
19.871717 2.689393
19.226709 2.674423
19.232655 2.674561
19.245421 2.674857
19.136788 2.672336
19.054845 2.670434
19.095520 2.671378
17.820216 2.641778
17.893573 2.643480
17.862182 2.642752
17.829838 2.642001
17.639112 2.637574
17.712509 2.639278
17.710267 2.639226
17.710267 2.639226
17.619092 2.637110
17.619092 2.637110
17.588370 2.636397
17.684800 2.638635
17.630321 2.637370
17.709732 2.639214
17.707873 2.639170
17.704386 2.639089
17.723204 2.639526
17.570210 2.635975
17.500414 2.634355
17.500414 2.634355
17.351438 2.630897
17.351438 2.630897
17.312144 2.629985
17.361391 2.631129
17.360172 2.631100
17.252047 2.628591
17.243837 2.628400
17.381877 2.631604
17.266464 2.628925
17.276794 2.629165
17.281714 2.629279
17.387752 2.631740
17.376290 2.631474
17.068170 2.624323
16.835657 2.618926
16.835589 2.618925
16.835589 2.618925
16.333633 2.607274
16.303633 2.606578
16.241275 2.605131
16.250901 2.605354
16.342063 2.607470
16.359262 2.607869
16.335120 2.607309
16.382337 2.608405
16.377002 2.608281
16.377002 2.608281
16.566969 2.612690
16.566969 2.612690
16.697130 2.615711
16.643886 2.614475
16.682288 2.615366
16.594492 2.613329
16.587497 2.613166
16.760295 2.617177
16.663305 2.614926
16.367199 2.608053
16.328249 2.607149
16.422202 2.609330
16.517146 2.611534
16.530835 2.611851
16.521309 2.611630
16.517824 2.611549
16.532189 2.611883
16.552693 2.612359
16.508692 2.611337
16.508692 2.611337
16.616379 2.613837
16.642684 2.614447
16.856804 2.619417
16.797132 2.618032
16.684552 2.615419
17.968610 2.645222
17.958353 2.644984
17.958213 2.644981
18.273618 2.652301
18.067312 2.647513
18.003586 2.646034
18.020457 2.646425
17.669205 2.638273
17.628656 2.637332
17.557505 2.635680
17.552900 2.635573
17.455772 2.633319
17.364277 2.631196
17.438737 2.632924
17.438737 2.632924
17.566406 2.635887
17.607403 2.636838
17.606459 2.636817
17.633715 2.637449
17.435806 2.632856
17.542905 2.635341
17.543159 2.635347
17.402023 2.632072
17.400353 2.632033
17.521470 2.634844
17.482644 2.633943
17.392408 2.631848
17.260783 2.628793
17.370283 2.631335
17.370283 2.631335
17.287867 2.629422
17.287867 2.629422
17.164027 2.626548
17.439233 2.632935
17.430370 2.632730
17.387735 2.631740
17.489535 2.634103
17.395181 2.631913
17.626621 2.637285
17.626621 2.637285
17.842736 2.642301
17.747720 2.640095
17.719879 2.639449
17.775787 2.640747
17.713867 2.639310
17.718400 2.639415
17.731872 2.639727
17.479534 2.633871
17.479534 2.633871
17.426924 2.632650
17.311187 2.629963
17.551848 2.635549
17.345214 2.630753
17.462334 2.633471
17.526455 2.634960
17.486941 2.634043
18.418419 2.655662
17.477448 2.633822
17.347966 2.630817
17.396939 2.631954
17.404294 2.632124
17.360465 2.631107
17.389420 2.631779
17.389420 2.631779
17.266975 2.628937
17.263105 2.628847
17.187094 2.627083
17.194755 2.627261
17.333549 2.630482
17.336102 2.630542
17.358942 2.631072
17.250312 2.628550
17.269520 2.628996
17.158703 2.626424
17.305193 2.629824
17.380078 2.631562
17.346876 2.630792
17.413103 2.632329
17.330102 2.630402
17.195787 2.627285
17.221248 2.627876
17.291741 2.629512
17.299851 2.629700
17.687969 2.638708
17.656013 2.637967
17.727018 2.639615
17.657337 2.637997
17.542984 2.635343
17.530294 2.635049
17.499343 2.634330
17.197705 2.627329
17.039525 2.623658
17.049196 2.623882
17.007825 2.622922
16.971703 2.622084
16.955258 2.621702
16.950928 2.621602
16.935673 2.621248
16.935673 2.621248
17.179317 2.626903
17.205492 2.627510
17.085025 2.624714
17.152165 2.626272
17.153130 2.626295
18.234025 2.651382
17.202220 2.627434
17.235554 2.628208
17.342581 2.630692
17.342581 2.630692
17.269903 2.629005
18.600577 2.659890
18.613893 2.660199
18.635149 2.660693
18.645596 2.660935
17.320710 2.630184
17.351873 2.630908
17.361621 2.631134
17.126084 2.625667
17.039639 2.623661
17.120703 2.625542
17.528716 2.635012
17.528716 2.635012
17.528716 2.635012
17.641958 2.637641
17.620062 2.637132
17.620062 2.637132
17.696793 2.638913
17.638038 2.637550
17.638038 2.637550
17.641669 2.637634
17.663577 2.638142
17.845216 2.642358
17.845216 2.642358
17.845216 2.642358
17.825325 2.641896
17.825325 2.641896
17.850728 2.642486
17.700039 2.638989
17.728967 2.639660
17.776485 2.640763
17.892023 2.643445
19.640597 2.684029
19.649186 2.684228
19.649186 2.684228
18.761172 2.663618
18.910948 2.667094
19.023070 2.669696
19.335621 2.676951
19.349231 2.677266
19.388699 2.678183
20.070126 2.693999
19.959189 2.691424
21.106966 2.718064
21.106966 2.718064
21.067981 2.717159
20.893493 2.713109
20.947081 2.714353
20.935803 2.714091
20.881951 2.712841
20.881951 2.712841
20.895132 2.713147
20.886283 2.712942
21.027274 2.716214
20.915228 2.713613
20.950639 2.714435
21.002435 2.715637
21.043604 2.716593
21.267381 2.721787
21.220555 2.720700
21.220555 2.720700
21.425845 2.725465
21.425845 2.725465
21.423419 2.725409
21.493834 2.727043
21.541565 2.728151
21.632820 2.730269
21.626579 2.730124
21.626579 2.730124
21.602313 2.729561
21.602313 2.729561
21.667341 2.731070
19.253850 2.675053
19.596978 2.683017
19.580347 2.682631
19.342435 2.677109
19.542594 2.681754
19.670610 2.684726
19.969443 2.691662
20.195400 2.696906
20.257882 2.698356
19.746017 2.686476
19.542536 2.681753
19.556788 2.682084
19.766924 2.686961
20.057310 2.693701
20.064878 2.693877
19.794042 2.687591
19.794042 2.687591
19.729443 2.686091
19.731864 2.686147
19.731864 2.686147
19.851998 2.688936
19.884253 2.689684
19.863300 2.689198
18.413989 2.655559
18.410326 2.655474
18.475824 2.656995
18.504995 2.657672
18.335336 2.653734
18.224720 2.651166
18.224422 2.651160
18.193943 2.650452
18.193943 2.650452
18.065119 2.647462
18.149984 2.649432
18.066915 2.647504
18.189907 2.650358
18.145727 2.649333
18.122776 2.648800
18.101091 2.648297
17.850036 2.642470
17.850036 2.642470
17.850036 2.642470
17.940507 2.644570
17.940507 2.644570
18.254728 2.651863
18.254728 2.651863
17.784650 2.640952
17.782726 2.640908
17.550901 2.635527
16.386798 2.608508
16.467917 2.610391
16.466735 2.610363
16.620232 2.613926
16.620232 2.613926
16.476927 2.610600
16.717860 2.616192
16.736836 2.616633
16.781678 2.617673
16.831144 2.618821
16.785804 2.617769
17.065456 2.624260
17.065456 2.624260
17.065664 2.624265
16.960253 2.621818
17.305154 2.629823
17.306079 2.629845
17.313895 2.630026
17.135952 2.625896
17.133103 2.625830
17.128248 2.625717
17.166913 2.626615
16.765741 2.617303
16.765741 2.617303
17.157021 2.626385
16.840314 2.619034
16.840314 2.619034
16.840314 2.619034
16.807948 2.618283
16.813681 2.618416
16.837268 2.618964
16.662293 2.614902
16.663532 2.614931
17.696048 2.638896
17.656337 2.637974
17.909611 2.643853
17.758972 2.640356
17.778696 2.640814
18.074164 2.647672
18.033814 2.646736
18.039945 2.646878
18.095297 2.648163
18.129167 2.648949
18.254034 2.651847
18.189142 2.650341
18.145282 2.649323
18.205636 2.650724
18.232048 2.651337
18.173208 2.649971
18.191481 2.650395
18.375325 2.654662
18.436050 2.656071
18.454698 2.656504
17.974964 2.645370
18.041625 2.646917
18.081709 2.647847
17.703439 2.639067
17.698963 2.638964
17.772364 2.640667
18.040515 2.646891
18.117645 2.648681
18.054279 2.647211
18.021140 2.646441
17.694039 2.638849
17.694039 2.638849
17.600290 2.636673
17.602062 2.636714
17.588469 2.636399
17.588469 2.636399
17.841347 2.642268
17.675608 2.638422
17.655019 2.637944
17.726387 2.639600
17.798356 2.641271
17.558710 2.635708
17.394707 2.631902
17.446264 2.633098
17.457709 2.633364
17.619518 2.637120
17.619518 2.637120
17.685809 2.638658
17.494036 2.634207
17.501919 2.634390
17.285286 2.629362
17.298142 2.629660
17.357756 2.631044
17.404094 2.632120
17.307425 2.629876
17.119813 2.625521
17.119813 2.625521
17.184565 2.627024
17.171973 2.626732
17.443750 2.633040
17.405237 2.632146
17.409533 2.632246
17.346547 2.630784
17.369577 2.631319
17.400670 2.632040
17.403472 2.632105
17.527550 2.634985
17.726096 2.639593
17.892929 2.643466
17.892929 2.643466
17.693365 2.638834
17.653767 2.637915
17.619165 2.637111
17.547101 2.635439
17.547101 2.635439
17.601108 2.636692
17.387414 2.631733
17.303425 2.629783
17.234571 2.628185
16.597571 2.613400
16.545431 2.612190
16.538885 2.612038
16.373645 2.608203
16.328264 2.607150
16.265193 2.605686
16.219093 2.604616
16.231746 2.604909
16.205146 2.604292
16.403454 2.608895
16.360742 2.607903
17.050991 2.623924
17.107381 2.625233
17.142974 2.626059
17.427552 2.632664
17.662535 2.638118
17.783590 2.640928
17.821035 2.641797
17.821035 2.641797
17.824495 2.641877
17.824495 2.641877
17.788945 2.641052
18.224165 2.651154
18.490724 2.657340
18.547126 2.658650
18.894225 2.666706
18.822553 2.665042
18.817386 2.664922
18.833485 2.665296
18.983096 2.668768
18.398735 2.655205
18.302032 2.652961
18.343075 2.653913
18.429626 2.655922
18.523766 2.658107
18.505392 2.657681
18.593238 2.659720
18.638259 2.660765
18.562500 2.659006
18.565788 2.659083
18.298767 2.652885
18.232943 2.651357
18.389913 2.655001
18.738865 2.663100
18.464409 2.656730
18.481272 2.657121
18.380850 2.654790
18.253393 2.651832
18.086539 2.647959
18.132161 2.649018
18.209774 2.650820
18.223885 2.651147
18.146652 2.649354
18.292689 2.652744
18.485653 2.657223
18.313972 2.653238
18.336430 2.653759
18.295023 2.652798
18.447702 2.656342
18.447702 2.656342
18.380674 2.654786
18.315551 2.653275
18.705611 2.662328
18.913511 2.667153
17.990738 2.645736
18.018496 2.646380
18.018496 2.646380
18.576746 2.659337
18.623381 2.660419
18.726539 2.662814
18.735437 2.663020
18.700638 2.662213
18.659527 2.661258
18.647442 2.660978
18.653585 2.661120
18.653585 2.661120
18.274473 2.652321
18.479141 2.657072
18.544612 2.658591
18.359603 2.654297
18.406013 2.655374
18.525036 2.658137
18.537474 2.658426
18.541293 2.658514
18.563723 2.659035
18.511657 2.657826
18.458354 2.656589
18.433228 2.656006
18.433228 2.656006
18.243299 2.651598
18.950377 2.668009
18.846977 2.665609
18.903025 2.666910
18.903025 2.666910
18.856861 2.665839
18.699091 2.662177
18.722815 2.662727
18.749857 2.663355
18.749857 2.663355
18.740956 2.663148
18.782112 2.664104
18.782112 2.664104
18.752738 2.663422
18.687297 2.661903
18.687297 2.661903
19.247183 2.674898
19.247183 2.674898
19.246599 2.674884
18.796456 2.664437
18.491852 2.657367
18.435526 2.656059
18.452097 2.656444
18.445604 2.656293
18.676542 2.661653
18.664427 2.661372
18.664427 2.661372
18.640238 2.660811
18.587801 2.659594
18.351434 2.654108
18.556843 2.658875
18.502371 2.657611
19.579135 2.682603
19.670847 2.684731
19.603298 2.683163
19.027733 2.669804
19.089519 2.671239
19.142283 2.672463
18.066878 2.647503
18.032613 2.646708
18.043375 2.646957
18.057548 2.647286
18.057548 2.647286
17.978261 2.645446
18.022994 2.646484
18.050762 2.647129
18.321997 2.653424
18.320789 2.653396
18.315051 2.653263
18.690445 2.661976
18.690445 2.661976
19.024937 2.669740
19.121228 2.671974
19.128290 2.672138
19.285609 2.675790
19.294694 2.676001
19.405140 2.678564
19.367641 2.677694
20.020577 2.692848
19.983156 2.691980
19.906393 2.690198
20.102731 2.694755
20.119787 2.695151
20.008993 2.692580
19.996232 2.692283
20.119078 2.695135
20.119078 2.695135
19.521403 2.681263
19.458152 2.679795
19.253424 2.675043
19.221657 2.674305
19.225504 2.674395
19.231597 2.674536
19.231597 2.674536
20.604687 2.706406
20.599946 2.706296
20.605594 2.706427
20.584548 2.705938
20.129830 2.695384
20.146606 2.695774
19.928374 2.690708
19.849157 2.688870
19.848337 2.688851
19.848337 2.688851
19.869810 2.689349
20.343299 2.700339
20.348320 2.700455
20.282150 2.698920
20.282150 2.698920
20.281057 2.698894
20.476196 2.703423
20.476196 2.703423
20.510825 2.704227
20.506913 2.704136
20.578308 2.705793
20.239524 2.697930
20.239524 2.697930
20.151853 2.695895
20.244619 2.698049
20.255150 2.698293
20.288616 2.699070
20.352709 2.700557
19.261507 2.675230
19.210990 2.674058
19.177431 2.673279
19.047130 2.670255
19.164484 2.672978
19.207562 2.673978
19.207562 2.673978
19.141696 2.672450
19.117627 2.671891
19.185307 2.673462
19.219992 2.674267
19.394061 2.678307
19.403796 2.678533
18.620730 2.660358
19.087088 2.671182
19.087088 2.671182
19.260276 2.675202
19.388543 2.678179
19.367816 2.677698
19.365029 2.677633
19.369723 2.677742
19.830277 2.688432
19.739945 2.686335
19.282786 2.675724
19.143493 2.672491
19.055150 2.670441
19.094089 2.671345
18.460272 2.656634
18.450597 2.656409
18.173056 2.649967
18.105063 2.648389
18.082775 2.647872
17.665195 2.638180
17.627240 2.637299
17.637502 2.637537
17.612980 2.636968
17.611484 2.636933
17.666803 2.638217
17.617103 2.637064
17.804965 2.641424
17.786197 2.640988
17.786197 2.640988
17.822210 2.641824
17.742312 2.639970
17.743302 2.639993
17.834899 2.642119
17.713415 2.639299
17.719813 2.639448
17.719813 2.639448
17.719813 2.639448
17.709390 2.639206
17.703166 2.639061
18.978673 2.668666
18.941479 2.667803
18.923338 2.667381
18.920465 2.667315
18.862508 2.665970
18.885856 2.666511
19.218154 2.674224
18.872676 2.666206
18.822167 2.665033
18.906648 2.666994
18.759320 2.663575
17.413639 2.632341
17.413440 2.632337
17.384981 2.631676
17.384981 2.631676
17.602697 2.636729
17.582917 2.636270
17.735389 2.639809
17.735389 2.639809
17.732919 2.639752
17.341943 2.630677
17.338802 2.630604
17.241031 2.628335
17.460109 2.633420
17.460109 2.633420
17.554489 2.635610
17.561399 2.635771
17.596303 2.636581
17.679420 2.638510
17.679420 2.638510
17.671544 2.638327
17.705772 2.639122
17.705772 2.639122
17.705772 2.639122
17.703160 2.639061
17.706026 2.639128
17.639552 2.637585
17.588910 2.636409
17.489630 2.634105
17.447443 2.633126
17.426078 2.632630
17.732927 2.639752
17.739322 2.639900
17.737075 2.639848
17.698486 2.638953
17.863636 2.642786
17.865945 2.642839
17.785231 2.640966
17.755147 2.640268
16.933913 2.621207
16.855887 2.619396
16.854259 2.619358
17.128625 2.625726
17.141605 2.626027
16.679681 2.615306
16.467725 2.610386
16.552293 2.612349
16.529566 2.611822
16.441771 2.609784
16.500275 2.611142
16.525619 2.611730
16.525619 2.611730
16.542999 2.612134
16.540517 2.612076
16.555442 2.612422
16.430412 2.609520
16.470411 2.610449
16.582662 2.613054
16.581289 2.613022
16.577616 2.612937
16.484048 2.610765
16.541375 2.612096
16.610094 2.613691
16.688513 2.615511
16.791750 2.617907
16.790023 2.617867
16.498525 2.611101
16.492663 2.610965
16.379753 2.608345
16.416720 2.609203
16.325331 2.607081
16.147091 2.602944
16.172021 2.603523
16.166978 2.603406
15.766227 2.594105
15.766227 2.594105
15.766227 2.594105
15.753225 2.593803
15.561990 2.589364
15.607172 2.590413
15.607172 2.590413
15.560766 2.589336
15.674551 2.591977
15.684859 2.592216
15.699665 2.592560
15.498560 2.587892
15.498560 2.587892
15.498560 2.587892
15.606862 2.590406
15.604527 2.590352
15.617994 2.590664
15.617994 2.590664
15.667438 2.591812
15.666354 2.591787
15.666354 2.591787
15.685683 2.592235
16.042538 2.600518
16.042538 2.600518
15.937669 2.598084
15.814376 2.595222
15.876118 2.596655
16.114074 2.602178
16.046538 2.600611
16.072651 2.601217
16.084342 2.601488
16.111833 2.602126
16.174762 2.603587
16.111298 2.602114
16.147969 2.602965
16.097715 2.601798
16.057601 2.600867
16.126967 2.602477
16.298529 2.606459
16.308921 2.606701
16.310599 2.606740
16.150948 2.603034
16.177246 2.603644
16.149951 2.603011
16.145834 2.602915
16.133338 2.602625
16.094774 2.601730
16.140484 2.602791
16.280562 2.606042
15.926220 2.597818
16.427026 2.609442
16.427026 2.609442
16.391904 2.608627
16.481794 2.610713
16.489727 2.610897
16.508351 2.611329
16.579206 2.612974
16.616271 2.613834
16.444947 2.609858
16.345575 2.607551
16.214344 2.604505
16.214344 2.604505
16.130621 2.602562
15.986565 2.599219
15.986565 2.599219
16.065397 2.601048
16.044033 2.600553
16.044033 2.600553
16.272049 2.605845
16.329466 2.607177
16.302301 2.606547
16.332174 2.607240
16.368914 2.608093
16.533002 2.611902
16.396530 2.608734
16.405680 2.608946
16.496159 2.611046
16.478836 2.610644
16.483381 2.610750
16.665447 2.614976
16.534713 2.611941
16.664173 2.614946
16.667356 2.615020
16.576802 2.612918
16.539937 2.612062
16.703680 2.615863
16.549225 2.612278
16.549225 2.612278
16.550180 2.612300
16.550180 2.612300
16.536800 2.611990
16.472135 2.610489
16.432745 2.609575
16.465069 2.610325
16.233984 2.604961
16.239203 2.605082
16.382922 2.608418
16.263406 2.605644
16.185329 2.603832
16.121144 2.602342
16.241608 2.605138
16.241608 2.605138
16.107928 2.602036
16.356350 2.607801
16.356350 2.607801
16.368687 2.608088
16.470303 2.610446
16.470303 2.610446
16.563462 2.612609
16.517126 2.611533
16.527632 2.611777
17.058644 2.624102
17.058644 2.624102
17.614912 2.637013
17.503675 2.634431
17.476533 2.633801
17.633879 2.637453
17.789927 2.641075
17.244786 2.628422
17.279569 2.629229
17.286588 2.629392
17.258946 2.628751
17.246959 2.628473
17.050319 2.623908
16.978394 2.622239
17.100731 2.625079
17.109530 2.625283
17.109530 2.625283
17.352977 2.630933
17.327445 2.630341
17.312014 2.629982
17.304100 2.629799
17.308509 2.629901
16.869788 2.619718
16.811295 2.618361
16.810749 2.618348
16.810749 2.618348
16.669954 2.615080
16.745236 2.616827
16.745236 2.616827
16.864760 2.619602
16.876532 2.619875
16.866687 2.619646
16.866687 2.619646
16.763927 2.617261
16.584767 2.613103
16.454700 2.610084
16.232029 2.604916
16.240501 2.605113
16.272308 2.605851
15.986788 2.599224
16.120159 2.602319
16.043320 2.600536
16.025181 2.600115
16.025181 2.600115
16.107568 2.602027
16.102116 2.601901
16.102116 2.601901
15.783765 2.594512
15.703114 2.592640
15.749763 2.593722
15.934439 2.598009
15.854067 2.596143
15.863983 2.596374
15.862292 2.596334
15.680884 2.592124
15.687317 2.592273
15.698617 2.592535
15.693007 2.592405
17.187321 2.627088
17.205342 2.627507
17.172778 2.626751
17.305631 2.629834
17.415357 2.632381
17.447772 2.633133
17.500382 2.634355
17.432633 2.632782
17.498975 2.634322
17.486723 2.634037
17.505333 2.634469
17.527239 2.634978
17.592171 2.636485
17.603261 2.636742
17.595602 2.636565
17.498127 2.634302
17.498127 2.634302
17.844923 2.642351
17.711633 2.639258
17.725136 2.639571
17.826072 2.641914
17.880633 2.643180
17.855979 2.642608
17.896545 2.643549
17.893178 2.643471
17.737656 2.639862
17.901318 2.643660
17.890172 2.643402
17.890172 2.643402
17.878535 2.643131
17.936180 2.644469
17.790953 2.641099
17.803325 2.641386
17.846987 2.642399
17.952406 2.644846
17.957245 2.644958
19.590939 2.682877
19.697774 2.685356
19.538974 2.681670
19.526624 2.681384
19.294778 2.676003
19.318992 2.676565
19.332538 2.676879
19.319871 2.676585
19.293799 2.675980
19.393198 2.678287
19.386266 2.678126
19.398614 2.678413
19.021151 2.669652
19.035889 2.669994
19.003746 2.669248
19.003746 2.669248
18.998712 2.669131
19.203618 2.673887
19.004739 2.669271
18.914045 2.667166
18.831166 2.665242
18.721296 2.662692
18.748031 2.663313
18.868609 2.666111
18.742634 2.663187
18.739782 2.663121
18.742793 2.663191
18.738403 2.663089
18.915583 2.667201
18.966147 2.668375
18.966147 2.668375
18.874626 2.666251
19.172348 2.673161
19.374779 2.677859
19.348802 2.677257
19.329343 2.676805
19.226972 2.674429
19.234792 2.674610
19.080485 2.671029
19.260856 2.675215
19.166383 2.673023
18.502252 2.657608
18.506395 2.657704
18.501148 2.657582
18.473267 2.656935
18.466871 2.656787
18.613810 2.660197
18.589049 2.659623
18.685253 2.661855
18.685253 2.661855
17.527560 2.634985
17.509875 2.634575
17.540928 2.635296
17.544249 2.635373
17.602168 2.636717
17.242920 2.628379
17.233661 2.628164
17.187718 2.627098
17.062869 2.624200
17.174855 2.626799
17.174855 2.626799
17.174855 2.626799
17.107156 2.625228
17.086143 2.624740
18.389524 2.654992
18.334805 2.653722
18.313642 2.653230
18.320707 2.653394
18.322094 2.653427
18.535744 2.658385
18.500274 2.657562
18.656051 2.661178
18.567798 2.659129
18.565052 2.659066
18.457878 2.656578
18.452360 2.656450
18.520341 2.658028
18.475891 2.656996
18.175794 2.650031
18.040214 2.646884
18.230579 2.651302
18.226868 2.651216
18.226868 2.651216
18.226868 2.651216
18.231880 2.651333
18.230929 2.651311
18.638567 2.660772
18.637703 2.660752
18.637703 2.660752
18.920948 2.667326
18.535969 2.658391
18.457838 2.656577
18.287953 2.652634
18.276739 2.652374
18.180004 2.650129
18.158176 2.649622
18.337009 2.653773
17.986104 2.645628
18.007103 2.646116
18.007103 2.646116
17.942383 2.644613
17.936498 2.644477
17.914617 2.643969
17.907482 2.643803
19.195242 2.673692
15.124744 2.579216
15.299202 2.583265
15.370653 2.584923
15.337014 2.584143
15.344303 2.584312
15.324292 2.583847
15.324292 2.583847
15.368995 2.584885
15.321377 2.583780
15.321377 2.583780
15.305826 2.583419
15.329332 2.583964
15.343726 2.584298
15.321799 2.583789
15.547924 2.589038
15.943816 2.598226
15.987650 2.599244
16.125098 2.602434
16.125098 2.602434
16.068989 2.601132
16.085876 2.601524
15.806294 2.595035
15.740823 2.593515
15.492858 2.587760
15.447413 2.586705
15.447413 2.586705
15.430735 2.586318
15.330872 2.584000
15.440767 2.586551
15.320358 2.583756
15.320358 2.583756
15.470164 2.587233
15.471327 2.587260
15.471327 2.587260
15.503061 2.587997
15.824150 2.595449
15.880750 2.596763
15.940013 2.598138
15.964761 2.598713
15.965123 2.598721
16.020931 2.600016
15.895431 2.597103
16.288175 2.606219
16.288175 2.606219
16.169490 2.603464
16.225148 2.604756
16.236598 2.605022
16.192598 2.604001
16.130395 2.602557
16.130395 2.602557
16.091733 2.601660
15.987092 2.599231
16.011403 2.599795
16.011403 2.599795
16.016250 2.599908
16.020234 2.600000
15.956195 2.598514
15.995158 2.599418
16.020080 2.599997
16.071751 2.601196
16.264078 2.605660
16.259377 2.605551
16.284458 2.606133
16.355539 2.607783
16.355539 2.607783
16.351461 2.607688
16.339670 2.607414
16.362591 2.607946
16.440325 2.609750
17.060779 2.624151
17.057295 2.624070
17.068143 2.624322
17.068143 2.624322
17.064217 2.624231
16.990823 2.622528
16.840660 2.619042
16.784973 2.617750
16.784973 2.617750
16.789845 2.617863
16.310696 2.606742
16.443887 2.609833
16.405016 2.608931
16.447499 2.609917
16.447499 2.609917
16.478926 2.610646
16.481995 2.610718
16.469655 2.610431
16.469655 2.610431
16.461616 2.610245
16.445672 2.609875
16.612493 2.613747
16.337660 2.607368
16.440563 2.609756
16.361819 2.607928
16.369723 2.608112
16.395490 2.608710
16.107481 2.602025
16.107481 2.602025
16.400023 2.608815
16.220360 2.604645
16.337459 2.607363
16.402052 2.608862
16.432023 2.609558
16.687203 2.615481
16.673198 2.615155
16.673198 2.615155
16.670429 2.615091
16.979952 2.622275
16.983592 2.622360
16.889077 2.620166
17.118495 2.625491
17.184130 2.627014
17.180380 2.626927
17.068991 2.624342
17.058406 2.624096
17.072568 2.624425
17.060688 2.624149
16.832860 2.618861
16.834461 2.618898
16.868298 2.619684
16.880561 2.619968
16.896154 2.620330
16.848504 2.619224
16.719613 2.616233
16.719613 2.616233
16.764278 2.617269
16.607175 2.613623
16.646781 2.614542
16.559426 2.612515
16.612555 2.613748
16.475307 2.610562
16.443737 2.609830
16.461800 2.610249
16.375434 2.608244
16.609861 2.613685
16.671369 2.615113
16.371140 2.608145
16.371140 2.608145
16.398135 2.608771
16.368833 2.608091
16.307889 2.606677
16.282603 2.606090
16.009790 2.599758
17.360927 2.631118
17.456201 2.633329
17.376718 2.631484
17.273024 2.629078
17.490333 2.634121
17.469526 2.633638
17.660204 2.638064
16.804595 2.618205
16.883486 2.620036
16.888441 2.620151
17.078290 2.624558
17.203524 2.627464
17.215285 2.627737
17.215285 2.627737
17.124562 2.625632
17.127588 2.625702
17.100083 2.625064
17.081359 2.624629
17.174162 2.626783
16.947109 2.621513
16.947109 2.621513
17.309365 2.629921
17.227345 2.628017
17.256998 2.628706
17.237923 2.628263
17.072540 2.624424
16.937164 2.621282
16.917366 2.620823
17.051555 2.623937
17.099089 2.625040
17.085846 2.624733
18.257553 2.651929
18.254295 2.651853
18.308180 2.653104
18.337011 2.653773
18.372433 2.654595
18.321171 2.653405
18.240649 2.651536
18.118948 2.648711
18.074863 2.647688
17.996638 2.645873
18.064294 2.647443
18.072796 2.647640
18.076331 2.647722
18.077746 2.647755
18.077746 2.647755
18.051873 2.647155
18.059170 2.647324
17.726763 2.639609
17.785073 2.640962
17.788605 2.641044
17.799636 2.641300
17.857988 2.642655
17.750541 2.640161
17.785368 2.640969
17.702573 2.639047
17.582240 2.636254
17.627480 2.637304
17.628780 2.637335
17.624152 2.637227
17.627022 2.637294
17.865205 2.642822
17.928915 2.644301
17.916844 2.644021
17.877116 2.643099
17.832163 2.642055
17.877419 2.643106
17.871086 2.642959
18.060554 2.647356
18.060554 2.647356
18.081688 2.647847
17.935194 2.644447
18.194692 2.650470
18.194692 2.650470
18.215745 2.650958
18.440633 2.656178
18.430363 2.655939
18.453045 2.656466
18.453045 2.656466
18.350668 2.654090
18.397932 2.655187
18.392950 2.655071
18.313814 2.653234
18.209408 2.650811
18.132406 2.649024
18.227659 2.651235
18.096445 2.648189
18.321182 2.653405
18.420234 2.655704
18.420234 2.655704
18.338748 2.653813
18.345894 2.653979
18.336671 2.653765
18.530848 2.658272
18.263251 2.652061
18.237098 2.651454
18.098208 2.648230
18.056197 2.647255
18.051735 2.647151
17.945205 2.644679
17.945205 2.644679
17.945182 2.644678
17.964189 2.645120
17.970555 2.645267
17.973188 2.645328
17.974084 2.645349
17.952847 2.644856
18.093212 2.648114
18.118480 2.648701
18.170965 2.649919
18.242691 2.651584
18.336748 2.653767
18.370394 2.654548
18.370696 2.654555
18.351304 2.654104
18.356531 2.654226
18.393090 2.655074
18.383058 2.654841
18.385315 2.654894
17.524473 2.634914
17.492870 2.634180
17.492870 2.634180
17.440448 2.632963
17.159362 2.626439
17.159362 2.626439
16.980967 2.622299
16.846902 2.619187
16.768229 2.617361
16.876293 2.619869
16.751254 2.616967
16.717330 2.616180
16.723260 2.616317
17.005659 2.622872
17.126726 2.625682
17.125730 2.625659
17.126948 2.625687
17.253860 2.628633
17.145237 2.626112
17.161895 2.626498
17.509961 2.634577
17.477031 2.633813
17.477031 2.633813
17.496610 2.634267
17.906879 2.643789
17.838770 2.642209
18.017603 2.646359
17.974988 2.645370
17.025885 2.623341
17.408675 2.632226
16.928614 2.621084
16.817314 2.618500
16.817314 2.618500
16.910361 2.620660
16.889927 2.620186
16.801842 2.618141
16.724455 2.616345
16.757619 2.617115
16.796647 2.618021
16.667924 2.615033
16.624600 2.614028
16.659010 2.614826
16.659010 2.614826
16.663822 2.614938
16.663822 2.614938
16.521276 2.611629
16.523179 2.611674
16.508767 2.611339
16.562597 2.612588
16.575806 2.612895
16.578311 2.612953
16.518638 2.611568
16.653573 2.614700
16.540292 2.612071
16.475838 2.610575
16.484674 2.610780
16.489509 2.610892
16.379798 2.608346
16.214797 2.604516
16.277593 2.605973
16.260000 2.605565
16.252621 2.605394
16.251622 2.605371
16.217090 2.604569
16.254857 2.605446
16.254857 2.605446
16.254857 2.605446
16.254857 2.605446
16.328024 2.607144
16.349618 2.607645
16.435434 2.609637
16.448366 2.609937
16.464559 2.610313
16.464559 2.610313
16.463156 2.610280
16.431375 2.609543
16.711180 2.616037
16.708204 2.615968
16.565187 2.612649
16.726901 2.616402
16.736450 2.616624
16.659764 2.614844
16.627426 2.614093
16.683838 2.615402
16.704384 2.615879
16.902969 2.620489
16.991475 2.622543
17.077370 2.624536
17.004793 2.622852
17.073234 2.624440
17.128405 2.625721
17.125060 2.625643
17.187862 2.627101
17.187326 2.627088
17.131047 2.625782
16.961165 2.621839
16.983715 2.622363
16.811321 2.618361
16.783323 2.617711
16.837675 2.618973
17.067359 2.624304
17.052735 2.623965
16.877448 2.619896
16.921148 2.620910
17.154685 2.626331
17.189062 2.627129
17.287351 2.629410
17.318342 2.630129
17.226563 2.627999
17.194371 2.627252
17.495614 2.634244
16.283069 2.606101
16.244584 2.605207
16.283202 2.606104
16.327040 2.607121
16.306687 2.606649
16.306687 2.606649
16.317226 2.606893
16.270201 2.605802
16.100757 2.601869
15.974166 2.598931
15.974166 2.598931
15.939520 2.598127
15.939520 2.598127
15.957177 2.598537
16.027965 2.600180
16.088493 2.601584
16.088493 2.601584
16.088493 2.601584
16.940680 2.621364
16.888836 2.620160
17.220443 2.627857
16.600427 2.613466
16.490761 2.610921
16.519211 2.611581
16.446508 2.609894
16.444124 2.609839
16.228320 2.604830
15.979798 2.599062
16.006431 2.599680
16.018033 2.599949
16.018033 2.599949
16.673367 2.615159
16.611216 2.613717
16.591810 2.613266
16.543659 2.612149
16.785055 2.617752
16.933161 2.621189
16.942620 2.621409
16.948631 2.621548
16.918075 2.620839
16.915495 2.620779
16.966137 2.621955
17.054362 2.624002
16.939919 2.621346
16.883761 2.620043
16.869531 2.619712
16.873681 2.619809
16.905654 2.620551
16.635768 2.614287
16.600516 2.613469
16.617933 2.613873
16.619850 2.613917
16.647496 2.614559
16.683876 2.615403
16.566428 2.612677
16.534212 2.611930
16.495726 2.611036
15.974845 2.598947
15.943002 2.598208
15.943002 2.598208
15.924559 2.597780
15.876158 2.596656
15.955625 2.598501
15.926964 2.597835
15.952980 2.598439
15.953184 2.598444
15.958673 2.598571
16.350360 2.607662
16.340425 2.607432
16.442802 2.609808
16.403229 2.608889
16.320442 2.606968
16.124064 2.602410
16.009653 2.599755
16.034557 2.600333
16.003998 2.599623
15.988714 2.599269
16.075741 2.601288
16.019369 2.599980
16.017148 2.599929
15.991282 2.599328
16.006650 2.599685
15.980579 2.599080
16.103994 2.601944
16.103994 2.601944
14.961093 2.575417
14.916365 2.574379
15.221924 2.581471
15.221924 2.581471
15.231293 2.581689
15.286332 2.582966
15.316584 2.583668
15.298219 2.583242
15.334913 2.584094
15.364066 2.584770
15.203333 2.581040
15.175854 2.580402
15.197087 2.580895
15.267424 2.582527
15.267424 2.582527
14.955623 2.575290
15.044428 2.577352
15.261746 2.582396
14.815098 2.572029
15.034241 2.577115
15.039946 2.577248
15.037178 2.577183
15.110874 2.578894
15.134825 2.579450
15.785647 2.594555
15.931343 2.597937
15.738575 2.593463
15.703372 2.592646
15.700697 2.592584
15.498906 2.587900
15.483319 2.587538
15.319826 2.583744
15.224618 2.581534
15.315859 2.583652
15.071111 2.577971
15.076272 2.578091
15.200968 2.580985
15.136285 2.579484
15.145690 2.579702
14.704969 2.569473
14.630927 2.567754
14.699892 2.569355
14.792452 2.571503
14.808924 2.571886
14.795507 2.571574
14.521869 2.565223
14.742447 2.570343
14.577750 2.566520
14.622936 2.567569
14.568095 2.566296
14.567737 2.566288
14.551456 2.565910
14.436662 2.563245
14.421165 2.562886
14.488038 2.564438
14.498190 2.564673
14.497491 2.564657
14.711048 2.569614
14.893474 2.573848
14.740216 2.570291
14.714026 2.569683
14.845820 2.572742
15.008972 2.576529
15.099111 2.578621
15.102794 2.578706
15.157060 2.579966
15.198230 2.580921
15.330742 2.583997
15.265642 2.582486
15.264682 2.582464
15.110082 2.578875
15.121715 2.579145
15.159038 2.580012
15.232686 2.581721
15.254446 2.582226
15.371565 2.584944
15.366347 2.584823
15.228419 2.581622
15.354251 2.584543
15.373744 2.584995
15.373744 2.584995
15.393621 2.585456
15.463733 2.587084
15.464133 2.587093
15.535865 2.588758
15.516686 2.588313
15.527946 2.588574
15.565944 2.589456
15.554162 2.589183
15.544330 2.588954
15.653442 2.591487
15.669092 2.591850
15.656989 2.591569
16.044542 2.600564
16.029171 2.600208
16.053332 2.600768
15.880412 2.596755
15.864684 2.596390
15.821510 2.595388
15.936157 2.598049
15.951412 2.598403
16.014488 2.599867
15.834925 2.595699
15.219477 2.581414
15.258774 2.582327
15.304553 2.583389
15.298445 2.583247
15.654376 2.591509
15.709770 2.592794
15.565042 2.589435
15.536645 2.588776
15.300380 2.583292
15.278974 2.582795
15.401912 2.585649
15.449583 2.586755
15.452018 2.586812
15.344024 2.584305
15.361715 2.584716
15.334753 2.584090
15.329241 2.583962
15.333544 2.584062
15.766773 2.594117
15.764629 2.594068
15.733161 2.593337
15.682911 2.592171
15.562370 2.589373
15.500273 2.587932
16.099498 2.601840
16.045225 2.600580
16.085079 2.601505
16.108534 2.602050
16.134682 2.602656
16.055252 2.600813
16.045938 2.600597
16.153980 2.603104
16.194898 2.604054
16.253366 2.605411
16.260335 2.605573
16.259378 2.605551
16.231722 2.604909
16.240742 2.605118
16.238952 2.605077
15.904786 2.597321
16.039209 2.600441
16.214243 2.604503
16.218258 2.604596
16.248721 2.605303
16.261982 2.605611
16.252833 2.605399
16.240973 2.605124
16.291116 2.606287
16.285948 2.606167
16.200423 2.604182
16.281501 2.606064
16.267655 2.605743
16.267655 2.605743
16.268787 2.605769
16.080577 2.601401
16.062672 2.600985
16.027724 2.600174
17.144031 2.626084
17.154531 2.626327
17.158763 2.626425
17.002479 2.622798
16.959163 2.621793
16.860079 2.619493
16.877069 2.619887
16.487899 2.610855
16.535991 2.611971
16.527132 2.611765
16.524796 2.611711
16.513991 2.611460
16.579467 2.612980
16.435414 2.609636
16.502844 2.611202
16.102690 2.601914
16.142949 2.602848
16.142895 2.602847
16.142895 2.602847
16.422534 2.609338
15.596515 2.590166
15.578111 2.589738
15.652533 2.591466
15.752829 2.593794
15.752829 2.593794
16.945374 2.621473
16.892294 2.620241
16.672020 2.615128
16.663452 2.614929
16.573054 2.612831
16.369158 2.608099
16.348676 2.607623
16.348676 2.607623
16.348676 2.607623
16.418123 2.609235
16.129549 2.602537
16.233539 2.604951
16.268553 2.605764
16.276574 2.605950
16.197363 2.604111
16.217789 2.604585
15.764987 2.594076
15.764012 2.594053
15.781739 2.594465
15.704706 2.592677
15.649773 2.591402
15.684455 2.592207
15.625819 2.590846
15.603343 2.590324
15.829727 2.595578
15.827497 2.595527
15.916036 2.597582
15.904736 2.597319
15.896670 2.597132
15.909019 2.597419
15.912303 2.597495
15.575453 2.589677
15.623945 2.590802
15.653890 2.591497
17.464370 2.633519
17.461332 2.633448
17.381878 2.631604
17.381878 2.631604
17.435722 2.632854
17.444231 2.633051
17.444231 2.633051
17.357816 2.631046
17.382041 2.631608
17.336675 2.630555
17.794757 2.641187
17.246793 2.628469
17.262954 2.628844
17.496162 2.634257
17.622077 2.637179
17.622077 2.637179
17.589213 2.636416
17.601379 2.636699
17.625418 2.637257
17.567984 2.635924
17.578447 2.636166
17.788612 2.641044
17.765762 2.640514
19.160358 2.672883
19.149974 2.672642
19.133771 2.672266
19.286019 2.675799
20.226205 2.697621
20.226205 2.697621
20.028070 2.693022
20.121733 2.695196
20.430885 2.702372
20.473766 2.703367
20.407409 2.701827
20.641368 2.707257
20.645492 2.707353
20.646066 2.707366
20.712304 2.708904
20.665517 2.707818
20.747817 2.709728
20.842351 2.711922
20.860975 2.712354
20.863004 2.712401
20.865654 2.712463
21.485237 2.726843
21.773401 2.733532
21.804018 2.734242
21.787982 2.733870
21.625175 2.730091
21.696101 2.731738
21.120270 2.718372
21.120270 2.718372
21.110188 2.718138
21.110188 2.718138
21.109216 2.718116
21.109216 2.718116
20.996821 2.715507
20.676644 2.708076
20.617325 2.706699
20.617325 2.706699
20.692923 2.708454
20.705592 2.708748
20.542548 2.704963
20.686377 2.708302
20.718699 2.709052
20.712946 2.708918
20.761656 2.710049
20.796122 2.710849
20.777879 2.710426
21.115763 2.718268
21.115763 2.718268
21.115763 2.718268
21.113945 2.718226
21.060434 2.716984
21.092267 2.717722
21.142000 2.718877
20.856447 2.712249
20.974088 2.714980
20.956591 2.714573
21.152130 2.719112
21.391377 2.724665
21.414675 2.725206
21.330631 2.723255
21.330631 2.723255
21.192778 2.720055
21.192778 2.720055
21.049956 2.716740
19.301430 2.676157
19.312571 2.676416
19.264775 2.675306
19.288489 2.675857
19.373142 2.677821
19.335961 2.676958
19.257344 2.675134
19.256978 2.675125
19.569568 2.682381
19.575978 2.682529
19.485151 2.680421
19.446601 2.679526
19.461560 2.679874
19.462692 2.679900
19.517303 2.681167
19.548129 2.681883
19.537868 2.681645
19.228979 2.674475
20.902553 2.713319
21.060693 2.716990
21.129996 2.718598
21.146520 2.718982
21.201834 2.720266
21.519839 2.727646
21.340746 2.723490
21.363664 2.724022
21.327235 2.723176
21.398048 2.724820
21.270319 2.721855
21.270319 2.721855
21.163078 2.719366
21.092761 2.717734
20.981387 2.715149
21.087604 2.717614
21.080894 2.717459
21.086539 2.717590
21.037019 2.716440
21.138208 2.718789
21.640247 2.730441
21.913665 2.736787
22.127207 2.741744
22.127207 2.741744
22.068867 2.740389
22.096175 2.741023
22.096175 2.741023
22.111236 2.741373
21.889706 2.736231
21.845319 2.735201
21.935771 2.737300
21.984157 2.738423
21.923243 2.737010
21.896745 2.736395
21.822612 2.734674
21.795953 2.734055
21.706553 2.731980
21.772622 2.733514
21.681067 2.731389
21.786711 2.733841
21.786711 2.733841
21.796010 2.734056
21.761725 2.733261
21.748817 2.732961
21.751513 2.733024
21.859655 2.735534
21.925244 2.737056
21.912103 2.736751
22.092575 2.740940
20.773893 2.710333
20.835912 2.711772
21.062654 2.717035
21.018210 2.716004
21.972989 2.738164
22.034098 2.739582
22.052320 2.740005
21.427627 2.725506
21.389590 2.724623
21.191626 2.720029
21.367409 2.724109
21.367409 2.724109
21.197884 2.720174
21.359039 2.723914
21.331197 2.723268
21.342316 2.723526
21.342316 2.723526
21.896635 2.736392
21.907263 2.736639
21.675404 2.731257
21.697286 2.731765
21.853454 2.735390
21.853454 2.735390
21.587137 2.729208
21.587137 2.729208
21.631291 2.730233
21.506707 2.727342
21.590424 2.729285
20.956657 2.714575
20.956657 2.714575
20.957228 2.714588
20.961458 2.714686
20.967816 2.714834
20.958379 2.714615
21.010387 2.715822
21.030427 2.716287
21.067049 2.717137
20.392617 2.701484
20.240028 2.697942
20.299816 2.699330
20.332225 2.700082
20.332680 2.700092
20.308840 2.699539
20.207200 2.697180
20.142447 2.695677
19.962141 2.691492
20.046878 2.693459
19.387362 2.678152
19.418045 2.678864
19.297878 2.676075
19.304462 2.676227
19.410230 2.678682
19.613470 2.683399
19.636850 2.683942
19.654150 2.684344
19.546251 2.681839
19.546251 2.681839
19.656188 2.684391
19.611360 2.683351
19.638067 2.683970
19.574909 2.682504
19.340718 2.677069
19.263007 2.675265
19.316103 2.676498
19.213645 2.674119
19.225969 2.674406
19.489028 2.680511
19.498221 2.680725
19.514327 2.681098
19.622254 2.683603
19.576642 2.682545
19.671542 2.684747
19.684620 2.685051
19.677818 2.684893
19.650936 2.684269
19.563067 2.682230
19.565084 2.682276
19.045532 2.670218
18.700131 2.662201
18.642839 2.660871
18.373317 2.654615
18.226577 2.651210
18.010253 2.646189
18.022573 2.646475
18.127721 2.648915
18.402267 2.655287
18.402267 2.655287
18.302630 2.652975
18.303198 2.652988
18.329028 2.653587
17.932019 2.644373
17.725627 2.639582
17.635926 2.637500
17.635926 2.637500
17.609026 2.636876
17.897435 2.643570
17.897435 2.643570
17.940465 2.644569
18.037248 2.646815
17.739076 2.639895
17.762363 2.640435
17.854325 2.642570
18.131052 2.648992
18.131052 2.648992
18.243554 2.651604
18.201089 2.650618
18.201089 2.650618
18.413012 2.655537
18.176774 2.650054
18.176774 2.650054
18.340064 2.653844
18.378149 2.654728
18.422133 2.655748
18.461344 2.656659
18.480064 2.657093
17.931726 2.644366
17.825705 2.641905
17.777106 2.640777
17.785105 2.640963
17.785105 2.640963
17.785105 2.640963
17.598726 2.636637
17.679033 2.638501
17.721438 2.639485
17.582621 2.636263
17.551831 2.635549
17.551831 2.635549
17.418063 2.632444
17.292466 2.629529
17.683723 2.638610
17.690305 2.638763
17.609195 2.636880
17.609400 2.636885
17.593784 2.636522
18.610965 2.660131
18.610965 2.660131
18.592197 2.659696
18.379210 2.654752
18.055513 2.647239
18.540185 2.658488
18.660641 2.661284
18.663420 2.661349
18.555966 2.658855
18.555966 2.658855
18.482716 2.657155
18.475135 2.656979
19.345931 2.677190
19.359658 2.677508
19.407328 2.678615
19.426144 2.679052
19.448188 2.679563
19.457660 2.679783
19.510298 2.681005
19.515951 2.681136
19.606843 2.683246
19.636224 2.683928
19.661491 2.684514
20.171590 2.696353
20.235405 2.697835
20.048266 2.693491
20.171277 2.696346
20.090746 2.694477
20.090746 2.694477
20.057559 2.693707
20.057559 2.693707
20.013670 2.692688
20.016972 2.692765
20.016972 2.692765
19.957196 2.691377
20.049573 2.693521
20.358557 2.700693
20.430256 2.702357
20.430256 2.702357
20.414368 2.701988
20.414368 2.701988
20.230008 2.697709
20.230008 2.697709
20.604143 2.706393
20.551754 2.705177
20.507803 2.704157
20.446842 2.702742
20.366223 2.700871
20.366223 2.700871
20.399782 2.701650
20.370690 2.700975
20.370690 2.700975
20.402267 2.701708
20.402267 2.701708
20.402267 2.701708
20.475157 2.703399
20.521264 2.704469
20.494310 2.703844
20.607055 2.706461
20.631696 2.707033
20.631696 2.707033
20.490409 2.703753
20.590395 2.706074
20.513251 2.704283
20.670920 2.707943
20.677599 2.708098
20.677599 2.708098
20.603085 2.706369
20.866588 2.712484
20.677015 2.708084
20.650212 2.707462
20.703913 2.708709
20.716525 2.709001
20.716525 2.709001
20.731973 2.709360
20.320830 2.699817
20.147476 2.695794
20.142643 2.695682
19.995737 2.692272
19.934997 2.690862
19.766158 2.686943
19.766158 2.686943
19.758971 2.686777
19.568920 2.682365
19.636150 2.683926
19.599339 2.683071
19.282320 2.675713
19.290150 2.675895
19.313101 2.676428
19.313101 2.676428
19.268537 2.675394
19.410183 2.678681
19.438741 2.679344
19.359733 2.677510
19.370643 2.677763
19.302523 2.676182
19.483630 2.680386
19.298394 2.676087
19.297863 2.676074
19.298632 2.676092
19.316563 2.676508
19.316563 2.676508
19.803426 2.687808
19.763980 2.686893
19.764583 2.686907
19.723134 2.685945
19.714880 2.685753
19.703683 2.685493
19.720254 2.685878
19.652416 2.684303
18.981540 2.668732
19.039883 2.670086
19.116459 2.671864
19.148769 2.672614
19.016816 2.669551
18.927895 2.667487
18.729752 2.662888
18.893844 2.666697
18.954968 2.668116
18.840002 2.665447
18.813410 2.664830
18.928152 2.667493
18.773787 2.663910
18.738092 2.663082
18.630322 2.660581
18.691069 2.661990
18.279613 2.652441
18.279808 2.652445
18.461521 2.656663
18.470514 2.656871
17.965651 2.645153
17.924655 2.644202
17.278847 2.629213
17.278709 2.629209
17.278709 2.629209
17.274343 2.629108
17.274343 2.629108
17.282129 2.629289
17.460404 2.633427
17.130735 2.625775
17.296974 2.629633
17.296974 2.629633
17.248715 2.628513
17.248715 2.628513
17.335889 2.630537
17.335889 2.630537
17.366479 2.631247
17.422487 2.632547
17.325840 2.630303
17.353131 2.630937
17.652226 2.637879
17.664218 2.638157
17.781891 2.640888
17.781891 2.640888
17.774395 2.640714
17.733627 2.639768
17.728857 2.639657
17.698693 2.638957
17.672822 2.638357
17.690163 2.638759
17.689364 2.638741
17.757446 2.640321
17.890021 2.643398
17.910128 2.643865
17.910128 2.643865
17.621300 2.637161
17.731903 2.639728
17.712317 2.639274
17.710520 2.639232
17.710520 2.639232
17.818553 2.641739
18.031999 2.646693
17.889679 2.643390
17.869448 2.642921
17.884566 2.643271
17.706523 2.639139
18.161613 2.649702
18.121825 2.648778
18.193892 2.650451
18.223277 2.651133
18.199512 2.650581
18.306371 2.653062
18.358986 2.654283
18.325415 2.653504
18.553618 2.658800
19.388644 2.678181
19.380280 2.677987
19.360364 2.677525
19.336385 2.676968
19.298084 2.676079
19.702991 2.685477
19.713938 2.685731
19.495940 2.680672
19.510539 2.681010
19.661038 2.684504
19.609810 2.683315
19.609121 2.683299
19.611193 2.683347
19.598045 2.683041
18.806276 2.664664
18.801288 2.664549
18.819219 2.664965
18.819219 2.664965
19.005080 2.669279
18.952058 2.668048
18.888702 2.666578
18.908740 2.667043
18.881602 2.666413
18.871370 2.666175
18.524655 2.658128
18.508704 2.657758
18.568302 2.659141
18.495513 2.657452
17.977447 2.645427
17.953567 2.644873
17.992046 2.645766
17.901243 2.643659
17.911831 2.643904
17.957370 2.644961
17.976179 2.645398
17.967373 2.645193
17.984463 2.645590
18.157367 2.649603
17.889599 2.643388
17.923178 2.644168
17.914034 2.643955
17.932199 2.644377
17.978988 2.645463
18.015216 2.646304
18.020761 2.646433
17.998259 2.645910
17.870473 2.642944
17.812101 2.641590
17.875519 2.643061
17.878463 2.643130
17.860479 2.642712
18.098141 2.648229
18.156676 2.649587
18.319088 2.653357
18.391724 2.655043
18.322017 2.653425
18.432304 2.655984
18.377957 2.654723
18.376862 2.654698
18.376862 2.654698
18.332875 2.653677
18.341089 2.653867
18.360474 2.654317
18.360474 2.654317
18.383254 2.654846
18.432795 2.655996
18.403563 2.655317
18.273058 2.652288
18.110321 2.648511
18.203574 2.650676
18.252950 2.651822
18.251081 2.651778
18.208926 2.650800
18.153353 2.649510
18.416048 2.655607
18.601377 2.659909
18.585871 2.659549
18.585871 2.659549
18.590624 2.659659
18.512143 2.657838
18.525586 2.658150
18.550438 2.658726
18.514247 2.657886
18.498371 2.657518
18.038431 2.646843
18.038431 2.646843
17.901878 2.643673
17.936751 2.644483
17.897900 2.643581
17.799548 2.641298
17.661542 2.638095
17.640587 2.637609
17.649677 2.637820
17.644881 2.637708
17.743571 2.639999
17.702680 2.639050
17.566905 2.635899
17.544706 2.635383
17.543594 2.635357
17.552196 2.635557
17.755717 2.640281
17.614901 2.637013
17.646825 2.637753
17.640878 2.637615
17.439139 2.632933
17.311993 2.629982
17.332937 2.630468
17.360933 2.631118
17.372204 2.631379
17.401089 2.632050
17.672840 2.638357
17.546787 2.635432
17.563336 2.635816
17.559763 2.635733
17.559763 2.635733
17.572051 2.636018
17.390682 2.631808
17.382916 2.631628
17.477435 2.633822
17.465958 2.633556
17.560999 2.635761
16.527873 2.611782
16.464053 2.610301
16.514749 2.611478
16.534306 2.611932
16.503435 2.611215
16.497254 2.611072
16.501021 2.611159
16.814520 2.618436
16.898914 2.620394
16.924145 2.620980
17.257188 2.628710
17.305168 2.629824
17.105244 2.625183
17.100431 2.625072
17.112688 2.625356
17.094432 2.624932
17.107881 2.625245
17.034091 2.623532
17.032974 2.623506
16.915945 2.620790
17.064262 2.624232
16.596873 2.613384
16.646575 2.614538
16.654208 2.614715
17.492306 2.634167
17.452706 2.633248
17.320609 2.630182
17.383734 2.631647
17.383734 2.631647
17.412076 2.632305
17.447214 2.633120
17.436770 2.632878
17.109279 2.625277
17.078407 2.624560
17.276571 2.629160
17.378618 2.631528
17.510542 2.634590
18.588319 2.659606
17.521804 2.634852
17.516171 2.634721
17.516171 2.634721
17.506409 2.634494
17.506409 2.634494
17.686791 2.638681
17.675960 2.638430
17.716622 2.639373
17.779349 2.640829
17.797489 2.641250
17.828192 2.641963
17.823153 2.641846
17.822201 2.641824
17.518985 2.634786
17.531381 2.635074
17.464299 2.633517
17.324947 2.630283
17.361372 2.631128
17.238896 2.628285
17.247530 2.628486
17.204293 2.627482
17.201316 2.627413
17.234590 2.628185
17.184301 2.627018
17.202787 2.627447
17.177019 2.626849
17.163369 2.626532
17.204426 2.627485
17.222173 2.627897
17.096671 2.624984
17.082989 2.624667
17.078931 2.624573
17.437910 2.632905
17.365860 2.631232
17.365860 2.631232
17.163464 2.626535
17.203927 2.627474
17.327393 2.630339
17.478802 2.633854
17.478802 2.633854
17.473290 2.633726
17.473290 2.633726
17.329520 2.630389
17.376022 2.631468
17.371241 2.631357
17.384470 2.631664
17.385015 2.631677
17.520284 2.634816
17.529598 2.635033
17.465466 2.633544
17.422222 2.632540
17.541247 2.635303
17.742899 2.639983
17.751364 2.640180
17.790260 2.641083
17.722874 2.639519
17.722874 2.639519
18.675390 2.661627
18.675390 2.661627
18.673638 2.661586
18.686630 2.661887
18.765453 2.663717
18.785407 2.664180
18.798677 2.664488
18.853741 2.665766
18.887699 2.666554
18.898525 2.666806
18.898525 2.666806
18.973133 2.668537
19.088328 2.671211
19.157244 2.672810
19.167860 2.673057
19.300761 2.676141
19.253266 2.675039
19.370277 2.677755
19.262021 2.675242
18.862415 2.665967
18.846218 2.665591
18.846519 2.665598
19.006752 2.669318
18.954911 2.668114
19.528328 2.681423
19.528098 2.681418
19.528098 2.681418
19.528098 2.681418
19.471693 2.680109
19.242680 2.674793
19.265060 2.675313
19.256516 2.675115
19.253313 2.675040
19.275230 2.675549
19.241011 2.674755
19.272768 2.675492
19.286156 2.675802
19.367949 2.677701
19.367949 2.677701
19.367949 2.677701
19.355565 2.677413
19.314169 2.676453
19.640741 2.684032
19.642564 2.684075
19.623659 2.683636
19.534127 2.681558
19.563415 2.682238
19.625402 2.683676
19.619170 2.683532
19.622932 2.683619
19.622932 2.683619
19.622932 2.683619
19.623558 2.683634
19.630326 2.683791
19.537421 2.681634
19.537421 2.681634
19.537421 2.681634
19.537755 2.681642
19.538611 2.681662
19.513274 2.681074
19.488820 2.680506
19.557681 2.682105
19.618701 2.683521
19.424961 2.679024
19.621109 2.683577
19.621109 2.683577
19.623971 2.683643
19.624874 2.683664
19.641983 2.684061
18.627012 2.660504
18.448170 2.656353
17.946414 2.644707
18.022768 2.646479
18.022768 2.646479
17.980848 2.645506
17.854940 2.642584
17.854940 2.642584
17.862597 2.642762
17.860411 2.642711
17.818983 2.641749
17.585905 2.636339
17.597547 2.636610
17.594367 2.636536
17.444377 2.633055
17.801751 2.641349
17.747024 2.640079
17.767495 2.640554
17.880477 2.643177
17.830888 2.642026
17.823227 2.641848
17.805307 2.641432
17.892357 2.643452
17.892357 2.643452
17.891819 2.643440
17.582709 2.636265
17.611563 2.636935
17.619210 2.637113
17.828906 2.641980
17.832663 2.642067
17.845274 2.642359
17.935369 2.644451
17.933634 2.644410
18.073171 2.647649
18.115393 2.648629
18.129102 2.648947
17.897762 2.643578
17.889470 2.643385
17.889470 2.643385
17.912926 2.643930
17.950013 2.644790
17.860746 2.642719
17.878220 2.643124
17.875378 2.643058
17.870274 2.642940
18.096517 2.648191
17.845404 2.642363
17.769717 2.640606
17.867929 2.642885
17.844500 2.642342
17.877322 2.643103
20.032854 2.693133
19.905060 2.690167
19.833362 2.688503
20.375484 2.701086
20.351921 2.700539
20.349729 2.700488
20.262715 2.698469
20.169013 2.696294
20.169013 2.696294
20.211261 2.697274
19.936747 2.690903
19.955601 2.691340
19.983543 2.691989
19.983543 2.691989
19.983543 2.691989
19.983543 2.691989
19.679271 2.684927
19.783060 2.687336
19.679641 2.684935
19.524310 2.681330
19.893609 2.689902
19.946448 2.691128
20.003936 2.692462
19.952622 2.691271
19.957404 2.691382
19.984586 2.692013
20.048203 2.693490
19.966671 2.691597
19.939294 2.690962
20.038558 2.693266
19.979174 2.691887
19.996916 2.692299
20.056365 2.693679
20.056365 2.693679
20.090961 2.694482
19.959358 2.691428
20.055644 2.693662
20.213203 2.697319
20.252505 2.698232
20.255967 2.698312
20.195969 2.696919
20.185213 2.696670
20.291941 2.699147
20.249708 2.698167
20.223809 2.697565
20.223809 2.697565
20.210472 2.697256
20.183299 2.696625
20.185961 2.696687
20.185914 2.696686
20.201841 2.697056
20.221536 2.697513
20.351046 2.700519
20.351046 2.700519
20.148941 2.695828
20.182810 2.696614
20.039941 2.693298
19.904134 2.690146
19.903423 2.690129
19.857201 2.689056
19.869948 2.689352
19.849206 2.688871
19.763484 2.686881
19.888245 2.689777
19.965138 2.691562
19.968554 2.691641
19.978418 2.691870
20.084826 2.694340
19.999973 2.692370
20.036681 2.693222
19.971489 2.691709
19.980072 2.691908
19.710142 2.685643
20.566529 2.705520
20.459971 2.703047
20.435301 2.702474
20.421021 2.702143
20.602528 2.706356
20.588303 2.706025
20.687853 2.708336
20.620880 2.706782
20.674676 2.708030
19.858969 2.689098
19.879318 2.689570
19.943945 2.691070
19.943945 2.691070
19.911970 2.690328
19.911970 2.690328
19.918981 2.690490
19.994011 2.692232
20.066493 2.693914
20.132312 2.695442
20.164192 2.696182
20.246304 2.698088
20.260175 2.698410
20.260175 2.698410
20.336674 2.700185
20.906134 2.713402
20.914542 2.713597
21.034699 2.716386
20.968596 2.714852
21.025936 2.716183
21.031927 2.716322
20.893009 2.713098
20.797143 2.710873
17.358314 2.631057
17.351543 2.630900
17.986075 2.645627
17.384450 2.631664
17.453000 2.633255
17.493949 2.634205
17.526034 2.634950
17.575191 2.636091
17.431978 2.632767
17.562542 2.635797
17.516542 2.634730
17.305127 2.629823
17.309524 2.629925
17.419479 2.632477
17.419479 2.632477
17.333364 2.630478
17.852002 2.642516
18.275788 2.652352
18.294801 2.652793
18.395429 2.655129
18.400648 2.655250
18.400648 2.655250
19.928831 2.690719
20.431531 2.702387
20.431531 2.702387
20.817863 2.711354
20.781770 2.710516
20.803836 2.711028
20.822326 2.711457
20.834196 2.711733
20.893504 2.713109
20.887425 2.712968
20.743552 2.709629
20.704894 2.708732
20.844384 2.711969
20.797025 2.710870
20.797025 2.710870
20.687460 2.708327
20.622571 2.706821
20.769811 2.710238
20.635040 2.707110
20.577685 2.705779
20.501725 2.704016
20.558114 2.705325
20.603329 2.706374
20.628433 2.706957
20.601032 2.706321
21.042673 2.716571
24.074505 2.786941
24.035108 2.786026
23.971836 2.784558
23.953430 2.784130
24.068396 2.786799
24.039584 2.786130
24.039964 2.786139
24.129979 2.788228
24.232589 2.790610
24.129386 2.788214
23.622238 2.776443
23.627923 2.776575
23.637056 2.776787
23.679482 2.777772
23.656028 2.777228
23.656028 2.777228
23.571028 2.775255
23.712863 2.778547
23.684417 2.777887
23.716774 2.778638
23.677306 2.777722
23.677306 2.777722
23.865847 2.782098
23.941669 2.783857
23.723099 2.778784
23.129289 2.765002
23.014564 2.762339
23.017042 2.762397
23.027685 2.762644
22.982904 2.761604
22.967753 2.761253
22.725748 2.755636
22.785582 2.757024
22.763394 2.756510
22.776328 2.756810
21.932834 2.737232
21.946431 2.737548
21.993696 2.738645
22.001058 2.738816
21.964720 2.737972
21.946744 2.737555
21.995133 2.738678
21.979123 2.738307
21.961654 2.737901
21.912843 2.736768
22.093310 2.740957
22.241319 2.744392
22.296477 2.745672
22.169739 2.742731
22.149723 2.742266
22.237517 2.744304
22.104807 2.741224
22.191133 2.743227
22.187096 2.743134
21.188519 2.719957
21.312488 2.722834
21.326035 2.723148
21.308626 2.722744
21.420523 2.725341
21.404044 2.724959
21.450020 2.726026
21.459596 2.726248
21.390435 2.724643
21.524897 2.727764
21.703991 2.731921
21.703991 2.731921
21.402948 2.724933
21.402948 2.724933
21.402948 2.724933
20.919023 2.713701
20.786917 2.710635
20.786917 2.710635
20.347478 2.700436
20.347478 2.700436
20.337978 2.700215
20.107561 2.694867
20.138478 2.695585
20.143994 2.695713
20.144358 2.695721
20.208205 2.697203
20.235428 2.697835
20.189774 2.696776
20.032376 2.693122
20.104729 2.694802
19.999299 2.692355
19.900361 2.690058
19.856086 2.689031
19.786319 2.687411
19.822911 2.688261
19.845383 2.688782
19.845383 2.688782
19.774172 2.687129
19.752548 2.686627
20.952589 2.714481
20.952589 2.714481
20.724914 2.709196
20.724914 2.709196
21.488591 2.726921
21.488591 2.726921
21.882656 2.736068
21.358256 2.723896
21.355216 2.723826
18.978462 2.668661
18.941111 2.667794
18.981066 2.668721
18.972720 2.668528
18.924672 2.667412
18.657866 2.661220
18.736311 2.663041
18.666087 2.661411
19.311504 2.676391
19.306046 2.676264
17.918472 2.644058
17.918472 2.644058
17.918472 2.644058
17.918472 2.644058
17.882570 2.643225
17.975258 2.645376
18.004120 2.646046
18.924446 2.667407
18.870516 2.666155
18.918857 2.667277
18.877880 2.666326
18.906885 2.667000
18.791416 2.664320
18.785826 2.664190
18.770993 2.663846
18.737333 2.663064
18.418468 2.655663
18.423867 2.655789
18.443087 2.656235
18.443486 2.656244
17.747087 2.640081
17.770808 2.640631
17.805598 2.641439
17.805598 2.641439
17.289685 2.629464
17.212161 2.627665
17.166477 2.626605
17.183113 2.626991
17.178653 2.626887
17.162908 2.626522
17.136613 2.625911
17.090518 2.624842
17.146123 2.626132
16.790412 2.617876
16.292652 2.606323
16.259329 2.605550
16.292557 2.606321
16.346048 2.607562
16.356564 2.607806
16.457947 2.610159
16.446302 2.609889
16.247403 2.605273
16.247403 2.605273
16.150704 2.603028
16.160826 2.603263
16.061347 2.600954
16.072893 2.601222
16.162883 2.603311
15.689999 2.592335
15.749416 2.593714
15.730221 2.593269
15.853996 2.596142
15.855004 2.596165
15.855004 2.596165
15.845090 2.595935
15.840113 2.595820
15.870331 2.596521
15.870331 2.596521
15.885423 2.596871
15.880038 2.596746
15.878664 2.596714
15.786789 2.594582
15.635122 2.591062
15.558393 2.589281
15.341137 2.584238
15.318290 2.583708
15.692048 2.592383
15.686074 2.592244
15.686074 2.592244
15.683116 2.592176
15.683116 2.592176
15.701756 2.592608
15.739912 2.593494
15.753352 2.593806
15.752302 2.593781
15.752302 2.593781
15.760147 2.593963
15.734983 2.593379
15.734983 2.593379
15.703092 2.592639
15.990382 2.599307
16.148993 2.602989
16.119703 2.602309
16.803112 2.618171
16.803112 2.618171
16.818213 2.618521
16.818213 2.618521
16.712295 2.616063
16.697612 2.615722
16.655392 2.614742
16.662682 2.614911
16.495564 2.611033
16.076143 2.601298
16.092143 2.601669
16.198971 2.604149
16.204073 2.604267
16.221082 2.604662
16.234924 2.604983
16.200563 2.604186
16.857747 2.619439
16.998364 2.622703
17.006616 2.622894
18.286185 2.652593
18.137320 2.649138
18.167072 2.649828
18.140275 2.649206
18.140275 2.649206
18.147546 2.649375
18.150925 2.649454
18.196746 2.650517
18.180701 2.650145
18.332748 2.653674
18.299669 2.652906
18.193102 2.650433
18.143053 2.649271
18.143053 2.649271
18.138069 2.649155
18.138069 2.649155
18.138069 2.649155
18.171631 2.649934
18.165396 2.649790
18.208157 2.650782
16.848764 2.619230
16.798001 2.618052
16.798001 2.618052
16.934633 2.621223
16.935170 2.621236
16.966715 2.621968
16.991562 2.622545
17.004103 2.622836
17.125717 2.625658
17.053012 2.623971
17.060995 2.624156
18.263625 2.652069
18.716334 2.662577
18.621964 2.660387
18.621964 2.660387
18.727996 2.662848
18.771344 2.663854
18.754578 2.663465
18.754578 2.663465
18.796157 2.664430
18.796157 2.664430
18.701429 2.662231
18.692745 2.662029
19.045616 2.670220
19.144368 2.672512
19.155367 2.672767
19.338953 2.677028
19.338953 2.677028
19.377955 2.677933
19.346814 2.677210
19.317871 2.676539
19.151868 2.672686
18.471596 2.656896
18.522404 2.658076
18.549482 2.658704
18.746382 2.663274
20.166900 2.696245
20.150666 2.695868
20.173104 2.696389
20.227707 2.697656
20.337703 2.700209
19.913717 2.690368
19.980832 2.691926
19.980832 2.691926
20.022758 2.692899
20.034106 2.693162
20.495009 2.703860
20.480477 2.703523
20.781634 2.710513
20.742765 2.709611
20.746938 2.709707
20.726700 2.709238
20.580726 2.705850
20.680131 2.708157
20.656422 2.707606
20.652219 2.707509
20.637366 2.707164
20.694989 2.708502
20.744961 2.709661
20.666676 2.707844
20.666676 2.707844
20.443807 2.702672
20.213471 2.697326
20.174181 2.696414
20.174181 2.696414
20.008090 2.692559
20.192295 2.696834
20.155691 2.695984
19.544887 2.681808
19.560996 2.682182
19.539872 2.681691
19.539872 2.681691
19.539872 2.681691
18.054495 2.647216
18.189577 2.650351
18.796747 2.664443
18.680715 2.661750
18.652532 2.661096
18.541444 2.658518
18.420103 2.655701
18.914064 2.667166
18.961351 2.668264
18.961351 2.668264
19.102816 2.671547
19.010581 2.669406
18.996273 2.669074
19.005567 2.669290
18.891100 2.666633
18.893629 2.666692
18.982234 2.668748
18.308951 2.653121
18.306105 2.653055
18.306105 2.653055
18.176894 2.650056
18.117358 2.648675
17.856912 2.642630
18.001168 2.645978
17.823457 2.641853
17.769428 2.640599
18.206564 2.650745
18.254054 2.651847
18.160534 2.649677
18.944830 2.667880
18.970660 2.668480
18.969762 2.668459
19.041355 2.670121
18.826480 2.665133
18.891332 2.666639
18.985525 2.668825
19.005211 2.669282
18.950688 2.668016
18.754437 2.663461
18.952689 2.668063
18.443737 2.656250
18.397203 2.655170
17.928906 2.644301
17.745825 2.640051
17.738531 2.639882
17.782716 2.640908
17.902369 2.643685
17.955576 2.644920
17.860859 2.642721
18.379866 2.654767
18.418159 2.655656
18.154843 2.649545
17.899214 2.643611
17.891399 2.643430
17.911271 2.643891
18.029635 2.646639
18.051838 2.647154
18.051838 2.647154
18.006456 2.646101
18.006456 2.646101
17.948234 2.644749
18.123489 2.648817
18.143447 2.649280
18.181866 2.650172
18.798730 2.664489
18.803617 2.664603
18.925809 2.667439
18.925839 2.667439
18.574043 2.659274
17.663683 2.638145
17.640178 2.637599
17.630406 2.637372
17.485968 2.634020
17.834300 2.642105
17.831283 2.642035
17.833596 2.642088
17.493427 2.634193
17.482220 2.633933
17.469244 2.633632
17.469244 2.633632
17.477684 2.633828
17.499832 2.634342
17.461759 2.633458
17.559889 2.635736
17.600103 2.636669
17.530915 2.635063
17.676994 2.638454
17.712749 2.639284
17.692246 2.638808
17.672989 2.638361
17.380698 2.631577
17.331063 2.630425
17.319122 2.630147
17.319122 2.630147
17.305455 2.629830
17.305455 2.629830
17.301406 2.629736
17.294847 2.629584
17.348928 2.630839
16.977442 2.622217
17.019569 2.623195
16.795394 2.617992
17.256507 2.628694
17.223881 2.627937
16.836060 2.618936
16.790091 2.617869
18.443500 2.656244
18.438507 2.656128
18.242966 2.651590
18.286802 2.652607
18.310634 2.653161
18.350621 2.654089
18.482766 2.657156
18.493910 2.657414
18.459345 2.656612
18.546106 2.658626
18.492055 2.657371
18.180849 2.650148
18.326615 2.653531
18.371398 2.654571
18.160163 2.649668
18.207803 2.650774
18.083986 2.647900
18.176238 2.650041
18.182688 2.650191
18.104856 2.648384
18.118026 2.648690
18.126602 2.648889
18.200567 2.650606
18.282983 2.652519
18.340344 2.653850
18.413166 2.655540
18.358820 2.654279
18.306756 2.653071
18.188579 2.650328
18.174159 2.649993
18.145883 2.649337
18.281028 2.652473
18.350156 2.654078
18.287907 2.652633
18.204119 2.650688
18.406456 2.655385
18.463854 2.656717
18.406787 2.655392
18.308149 2.653103
18.504138 2.657652
18.471706 2.656899
18.460041 2.656628
18.458615 2.656595
18.497746 2.657503
19.431715 2.679181
19.420248 2.678915
19.450429 2.679615
19.468758 2.680041
19.570715 2.682407
19.556358 2.682074
19.053992 2.670414
