31.172802 1.546125
30.401639 1.536749
29.342530 1.523873
27.656151 1.503370
27.454931 1.500924
25.787303 1.480649
24.411399 1.463922
22.993424 1.446682
23.107823 1.448073
22.822416 1.444603
21.777711 1.431902
21.869274 1.433015
20.425301 1.415460
20.597893 1.417558
20.383201 1.414948
19.424650 1.403294
18.045000 1.386521
17.938023 1.385221
17.925571 1.385069
17.122057 1.375300
17.066239 1.374622
16.358866 1.366022
16.236919 1.364539
16.829709 1.371746
16.829709 1.371746
16.824774 1.371686
16.425768 1.366835
16.797844 1.371359
16.797844 1.371359
16.797844 1.371359
16.819828 1.371626
16.295081 1.365246
16.462208 1.367278
16.384082 1.366328
16.384082 1.366328
16.247424 1.364667
15.572291 1.356459
15.378272 1.354100
15.303130 1.353186
15.302410 1.353178
15.355230 1.353820
15.393526 1.354285
15.393526 1.354285
15.450057 1.354973
15.470300 1.355219
14.787832 1.346922
15.321923 1.353415
14.493980 1.343349
13.959497 1.336851
13.957075 1.336821
13.932126 1.336518
13.720692 1.333948
13.155316 1.327074
12.860481 1.323489
13.104002 1.326450
13.173148 1.327291
13.875954 1.335835
13.899640 1.336123
13.982580 1.337132
13.361020 1.329575
12.750497 1.322152
13.171425 1.327270
13.164876 1.327190
13.128005 1.326742
12.969632 1.324816
12.985049 1.325004
13.058222 1.325894
13.113529 1.326566
13.119196 1.326635
13.079220 1.326149
13.018222 1.325407
13.062701 1.325948
13.242507 1.328134
13.603837 1.332527
13.526663 1.331589
13.519498 1.331502
13.406564 1.330129
13.393592 1.329971
13.426488 1.330371
13.282158 1.328616
13.267374 1.328436
12.590882 1.320212
12.574425 1.320012
12.600326 1.320327
12.587522 1.320171
12.587522 1.320171
12.658396 1.321033
12.528225 1.319450
12.535085 1.319533
12.361846 1.317427
12.353431 1.317325
12.271743 1.316332
12.526513 1.319429
12.526513 1.319429
12.643249 1.320848
12.650224 1.320933
12.634051 1.320737
12.739583 1.322020
12.830174 1.323121
12.830174 1.323121
12.706464 1.321617
13.435643 1.330482
13.978411 1.337081
14.024046 1.337636
14.047311 1.337919
14.031223 1.337723
14.199637 1.339770
14.106519 1.338638
14.032031 1.337733
14.016531 1.337544
14.013736 1.337510
14.013736 1.337510
13.995790 1.337292
14.350330 1.341603
14.727220 1.346185
14.839320 1.347548
13.995414 1.337288
13.928959 1.336480
13.918274 1.336350
13.856876 1.335603
14.137470 1.339015
14.246273 1.340337
14.236732 1.340221
14.292574 1.340900
14.272573 1.340657
13.489110 1.331132
13.557408 1.331962
13.658936 1.333197
13.678542 1.333435
13.840706 1.335407
13.837276 1.335365
14.012935 1.337501
13.262495 1.328377
13.190965 1.327507
13.537755 1.331724
13.537755 1.331724
13.345991 1.329392
13.566796 1.332077
13.566796 1.332077
13.600264 1.332483
13.565778 1.332064
13.565778 1.332064
13.573072 1.332153
13.532664 1.331662
13.484712 1.331079
13.483739 1.331067
13.336816 1.329281
13.225747 1.327930
13.274187 1.328519
13.315704 1.329024
13.241934 1.328127
13.251516 1.328244
12.148178 1.314829
12.154057 1.314901
12.163043 1.315010
13.037829 1.325646
13.036136 1.325625
12.319592 1.316913
12.300758 1.316685
12.265025 1.316250
12.202751 1.315493
12.214881 1.315640
12.193978 1.315386
12.315041 1.316858
12.415013 1.318074
12.145123 1.314792
12.139427 1.314723
12.169739 1.315092
12.424191 1.318185
12.428665 1.318240
12.367908 1.317501
12.367908 1.317501
12.367908 1.317501
12.170717 1.315104
12.178849 1.315202
12.191893 1.315361
12.183062 1.315254
12.298590 1.316658
12.298590 1.316658
12.463097 1.318658
12.462418 1.318650
12.454596 1.318555
12.607783 1.320417
12.584279 1.320131
12.219407 1.315695
12.286924 1.316516
12.922104 1.324239
12.950880 1.324588
13.784338 1.334721
13.779602 1.334664
13.791038 1.334803
13.107959 1.326498
13.160593 1.327138
13.089308 1.326271
13.092490 1.326310
12.892248 1.323876
12.736485 1.321982
12.705435 1.321604
12.751035 1.322159
12.510509 1.319235
12.063890 1.313805
12.065047 1.313819
11.895898 1.311762
11.988285 1.312886
12.086431 1.314079
12.098489 1.314225
11.937177 1.312264
12.016345 1.313227
12.016345 1.313227
12.029850 1.313391
12.054122 1.313686
11.840711 1.311091
12.031291 1.313408
12.454688 1.318556
12.450494 1.318505
13.601304 1.332496
13.378674 1.329789
13.467500 1.330869
13.468576 1.330882
13.448787 1.330642
13.352376 1.329470
13.413308 1.330211
13.409700 1.330167
13.229767 1.327979
13.220513 1.327867
13.524960 1.331568
13.525683 1.331577
13.525683 1.331577
13.469124 1.330889
14.265637 1.340573
14.274024 1.340675
14.286479 1.340826
14.294764 1.340927
14.232380 1.340169
14.231046 1.340152
14.344737 1.341535
14.171322 1.339426
14.182428 1.339561
14.103342 1.338600
14.304685 1.341048
14.553257 1.344070
14.529828 1.343785
14.891813 1.348186
14.902367 1.348314
14.810639 1.347199
14.810639 1.347199
15.263216 1.352701
14.944905 1.348831
14.864762 1.347857
14.901585 1.348305
14.985693 1.349327
14.984752 1.349316
15.043338 1.350028
14.770536 1.346711
14.770536 1.346711
14.805113 1.347132
14.670468 1.345495
15.791676 1.359126
15.840796 1.359723
15.861739 1.359978
15.231200 1.352312
15.212482 1.352084
15.248728 1.352525
15.079509 1.350468
15.280076 1.352906
15.054054 1.350158
15.054432 1.350163
14.910249 1.348410
14.909728 1.348404
14.909728 1.348404
14.830127 1.347436
14.812477 1.347221
14.638963 1.345112
14.374713 1.341899
14.353286 1.341638
14.345680 1.341546
14.345680 1.341546
14.287811 1.340842
14.235203 1.340203
14.226860 1.340101
14.226860 1.340101
14.067006 1.338158
13.559853 1.331992
13.764788 1.334484
13.764814 1.334484
13.764814 1.334484
13.598433 1.332461
13.600798 1.332490
13.602374 1.332509
13.602374 1.332509
13.482654 1.331054
13.457339 1.330746
13.196228 1.327571
13.636685 1.332926
13.673403 1.333373
13.674609 1.333387
13.789577 1.334785
13.592242 1.332386
14.120261 1.338805
14.129446 1.338917
14.129446 1.338917
14.146531 1.339125
14.149401 1.339160
14.362851 1.341755
14.518952 1.343653
14.249414 1.340376
16.027047 1.361987
15.847959 1.359810
15.743984 1.358546
15.659231 1.357516
15.713771 1.358179
15.630722 1.357169
15.635012 1.357221
15.552557 1.356219
15.482836 1.355371
15.911785 1.360586
15.857676 1.359928
15.858547 1.359939
15.858547 1.359939
15.849591 1.359830
15.273626 1.352828
15.242071 1.352444
15.239877 1.352417
15.193932 1.351859
14.584970 1.344455
14.572850 1.344308
14.698627 1.345837
14.703400 1.345895
14.562640 1.344184
15.241301 1.352435
15.205013 1.351993
15.033475 1.349908
15.033475 1.349908
15.166780 1.351529
15.145242 1.351267
15.280497 1.352911
15.435547 1.354796
15.117097 1.350925
15.188664 1.351795
15.195466 1.351877
15.195466 1.351877
14.865365 1.347864
14.854507 1.347732
14.123517 1.338845
14.275741 1.340696
14.472265 1.343085
14.496133 1.343375
14.378451 1.341944
14.449818 1.342812
14.449818 1.342812
14.878440 1.348023
14.941670 1.348792
15.004961 1.349561
14.584036 1.344444
14.218395 1.339999
14.399952 1.342206
14.399952 1.342206
14.399952 1.342206
14.396557 1.342165
14.394689 1.342142
14.181386 1.339549
14.363990 1.341769
14.759631 1.346579
14.573542 1.344316
14.572519 1.344304
14.570195 1.344276
14.569850 1.344271
14.729920 1.346217
14.790006 1.346948
14.800674 1.347078
14.800674 1.347078
14.823224 1.347352
14.607337 1.344727
13.813210 1.335072
13.822080 1.335180
13.748542 1.334286
13.748352 1.334284
13.757652 1.334397
13.684397 1.333506
13.682245 1.333480
12.741315 1.322041
12.386875 1.317732
12.308633 1.316780
12.519751 1.319347
12.518304 1.319329
12.524559 1.319405
12.524559 1.319405
12.585433 1.320145
12.520469 1.319356
12.513827 1.319275
12.517277 1.319317
12.519562 1.319345
12.529817 1.319469
12.475571 1.318810
12.476817 1.318825
12.461780 1.318642
12.665962 1.321125
12.836184 1.323194
11.917546 1.312026
11.901584 1.311831
11.904762 1.311870
11.823818 1.310886
11.802150 1.310623
11.842002 1.311107
11.580975 1.307934
11.638082 1.308628
11.684721 1.309195
11.674181 1.309067
11.674181 1.309067
11.638664 1.308635
11.513437 1.307113
11.513117 1.307109
11.493453 1.306870
11.473298 1.306625
11.475614 1.306653
11.498257 1.306928
11.253513 1.303952
11.262817 1.304066
10.548728 1.295384
10.555032 1.295461
10.539990 1.295278
10.547835 1.295373
10.547835 1.295373
10.568025 1.295619
10.588838 1.295872
10.848171 1.299024
10.785636 1.298264
10.785614 1.298264
10.785614 1.298264
10.786262 1.298272
10.755624 1.297899
10.746786 1.297792
10.746621 1.297790
10.745546 1.297777
10.740371 1.297714
10.782491 1.298226
10.880363 1.299416
10.886049 1.299485
10.628606 1.296355
11.339829 1.305002
11.334334 1.304935
11.376018 1.305442
11.376018 1.305442
11.519944 1.307192
11.518864 1.307179
11.665455 1.308961
12.065784 1.313828
12.072187 1.313906
12.078402 1.313981
11.988158 1.312884
11.962699 1.312575
11.856106 1.311279
11.852298 1.311232
11.734493 1.309800
12.712703 1.321693
13.213867 1.327786
13.213896 1.327786
13.213896 1.327786
13.601497 1.332498
13.626936 1.332808
13.617727 1.332696
14.415888 1.342400
14.440273 1.342696
14.216174 1.339972
14.293234 1.340908
14.282961 1.340783
13.845004 1.335459
13.845873 1.335470
13.849309 1.335511
13.813375 1.335074
13.915797 1.336320
13.922387 1.336400
13.922529 1.336401
13.922529 1.336401
13.785420 1.334735
13.930656 1.336500
14.210833 1.339907
14.411458 1.342346
14.475354 1.343123
14.440361 1.342697
14.144617 1.339102
14.146770 1.339128
14.146770 1.339128
14.136567 1.339004
13.814865 1.335093
13.762772 1.334459
13.767113 1.334512
13.742222 1.334209
13.722311 1.333967
13.692463 1.333604
13.761907 1.334449
13.780347 1.334673
13.792129 1.334816
13.792154 1.334816
13.801146 1.334926
13.728789 1.334046
13.682550 1.333484
13.671695 1.333352
13.685972 1.333525
13.672995 1.333368
13.589815 1.332356
13.626863 1.332807
13.636063 1.332919
13.763017 1.334462
13.858928 1.335628
13.851686 1.335540
13.866042 1.335715
13.916178 1.336324
13.924237 1.336422
13.818783 1.335140
13.773433 1.334589
13.775002 1.334608
13.775002 1.334608
13.763122 1.334463
13.527249 1.331596
13.582237 1.332264
13.862939 1.335677
13.551388 1.331889
13.552240 1.331900
13.567719 1.332088
13.586370 1.332315
13.519719 1.331504
13.540540 1.331757
13.541404 1.331768
13.558184 1.331972
13.346892 1.329403
13.501933 1.331288
13.718561 1.333922
13.909255 1.336240
13.918977 1.336358
13.916115 1.336323
13.912424 1.336279
14.589997 1.344516
15.175829 1.351639
15.247813 1.352514
15.339215 1.353625
15.308220 1.353248
15.288886 1.353013
15.548537 1.356170
15.459638 1.355089
14.814274 1.347243
14.917675 1.348500
14.938703 1.348756
15.007948 1.349598
14.691098 1.345745
14.479823 1.343177
14.484775 1.343237
14.481633 1.343199
14.414177 1.342379
14.442188 1.342719
14.456020 1.342887
14.442163 1.342719
14.110922 1.338692
13.841596 1.335418
13.615560 1.332669
13.623346 1.332764
13.674631 1.333388
13.610886 1.332613
13.530776 1.331639
13.530776 1.331639
13.578244 1.332216
13.451447 1.330674
13.461547 1.330797
13.293959 1.328760
13.303201 1.328872
11.873456 1.311490
11.495380 1.306893
12.808829 1.322861
12.769247 1.322380
12.810597 1.322883
12.812199 1.322902
12.921403 1.324230
12.920484 1.324219
12.985234 1.325006
12.998829 1.325171
12.883939 1.323775
13.022518 1.325459
12.987697 1.325036
13.049016 1.325782
13.048693 1.325778
12.888831 1.323834
13.088798 1.326265
13.060967 1.325927
12.865336 1.323548
12.865336 1.323548
12.869118 1.323594
12.859282 1.323475
12.787283 1.322600
12.796233 1.322708
12.681526 1.321314
12.481466 1.318881
12.474051 1.318791
12.385882 1.317719
12.385676 1.317717
12.405665 1.317960
12.493014 1.319022
12.424023 1.318183
12.418848 1.318120
12.463646 1.318665
12.591533 1.320220
12.641340 1.320825
12.675589 1.321242
12.617970 1.320541
12.719617 1.321777
12.757355 1.322236
13.034850 1.325609
12.113842 1.314412
10.935050 1.300081
10.893605 1.299577
10.866823 1.299251
10.869779 1.299287
10.989361 1.300741
11.084900 1.301903
11.653332 1.308813
11.670074 1.309017
11.688071 1.309236
11.514143 1.307121
11.425437 1.306043
11.502296 1.306977
11.501344 1.306966
11.588172 1.308021
11.581839 1.307944
11.553125 1.307595
11.523317 1.307233
11.514270 1.307123
11.555838 1.307628
11.499609 1.306944
11.518999 1.307180
11.518999 1.307180
11.528341 1.307294
11.529677 1.307310
11.706111 1.309455
11.553098 1.307595
11.557114 1.307644
11.566909 1.307763
11.564896 1.307738
11.622459 1.308438
11.779442 1.310347
11.625405 1.308474
11.828513 1.310943
11.829283 1.310952
11.945532 1.312366
11.933245 1.312216
11.924052 1.312105
11.878466 1.311550
11.777804 1.310327
11.782767 1.310387
11.729844 1.309744
11.646550 1.308731
11.642376 1.308680
11.641565 1.308670
11.639023 1.308639
11.480047 1.306707
11.452319 1.306369
11.418672 1.305960
11.402000 1.305758
12.043470 1.313556
11.851510 1.311223
11.783028 1.310390
11.787485 1.310444
11.787485 1.310444
11.787485 1.310444
11.787485 1.310444
11.383978 1.305539
11.038453 1.301338
11.080623 1.301851
11.083372 1.301884
11.067576 1.301692
11.065035 1.301661
10.934174 1.300070
10.941115 1.300154
10.953596 1.300306
10.528510 1.295138
10.506253 1.294868
10.433090 1.293978
10.446654 1.294143
10.503948 1.294839
10.548901 1.295386
10.539715 1.295274
10.539715 1.295274
10.488032 1.294646
10.495998 1.294743
10.703126 1.297261
10.786181 1.298271
10.640368 1.296498
10.621870 1.296273
10.604999 1.296068
10.613795 1.296175
10.640700 1.296502
10.647645 1.296587
10.569537 1.295637
10.583240 1.295804
10.482387 1.294577
10.402486 1.293606
10.784045 1.298245
10.776375 1.298152
10.667521 1.296828
10.651644 1.296635
11.045356 1.301422
11.071740 1.301743
11.070736 1.301730
11.086402 1.301921
11.080147 1.301845
11.054067 1.301528
11.062982 1.301636
11.094656 1.302021
11.095355 1.302030
10.903603 1.299698
10.891556 1.299552
10.908451 1.299757
10.862164 1.299195
10.817275 1.298649
10.825417 1.298748
10.825417 1.298748
10.843727 1.298970
10.850491 1.299053
10.896889 1.299617
10.949094 1.300251
10.873488 1.299332
10.872673 1.299322
10.953734 1.300308
11.033010 1.301272
11.039336 1.301349
11.056224 1.301554
11.050720 1.301487
10.997398 1.300839
10.906260 1.299731
10.904986 1.299715
10.877847 1.299385
10.861911 1.299191
10.865312 1.299233
10.865312 1.299233
11.255051 1.303971
11.281945 1.304298
11.316394 1.304717
11.316394 1.304717
11.319091 1.304750
11.319091 1.304750
11.272874 1.304188
11.282131 1.304300
11.115020 1.302269
11.104624 1.302142
11.067667 1.301693
11.062681 1.301632
10.833580 1.298847
10.833580 1.298847
10.891063 1.299546
10.605123 1.296070
10.604512 1.296062
10.347420 1.292936
10.361183 1.293104
10.482355 1.294577
10.482355 1.294577
10.513928 1.294961
10.603148 1.296046
10.592046 1.295911
10.437800 1.294035
10.494430 1.294724
10.622430 1.296280
10.569296 1.295634
10.580468 1.295770
10.579715 1.295761
10.670799 1.296868
10.669943 1.296858
10.578181 1.295742
10.573490 1.295685
10.562799 1.295555
10.556070 1.295473
10.546138 1.295352
10.546138 1.295352
10.529254 1.295147
10.512744 1.294946
10.652647 1.296647
10.652538 1.296646
10.629694 1.296368
10.631626 1.296392
10.631004 1.296384
10.536758 1.295238
10.396871 1.293538
10.368937 1.293198
10.379185 1.293323
10.325657 1.292672
10.510148 1.294915
10.497012 1.294755
10.500997 1.294804
10.449237 1.294174
10.448976 1.294171
10.419721 1.293815
9.777328 1.286005
9.772187 1.285943
9.805100 1.286343
9.807707 1.286375
9.807707 1.286375
10.139955 1.290414
9.935317 1.287926
10.365941 1.293162
10.448930 1.294171
10.467833 1.294400
10.461674 1.294326
10.459144 1.294295
10.376505 1.293290
10.364670 1.293146
10.339735 1.292843
10.331219 1.292740
10.299298 1.292351
10.231909 1.291532
11.097729 1.302058
11.065329 1.301665
11.065329 1.301665
11.039669 1.301353
11.058096 1.301577
11.064287 1.301652
11.064287 1.301652
11.065446 1.301666
11.063577 1.301643
11.099889 1.302085
10.143004 1.290451
10.276130 1.292070
10.276130 1.292070
10.271781 1.292017
10.271781 1.292017
10.272742 1.292029
10.272085 1.292021
10.236689 1.291590
10.236689 1.291590
11.116994 1.302293
11.117450 1.302298
10.218601 1.291370
10.121400 1.290189
10.169822 1.290777
10.382451 1.293362
10.382451 1.293362
10.383838 1.293379
10.280203 1.292119
10.303992 1.292408
10.314571 1.292537
10.320651 1.292611
10.342953 1.292882
10.412390 1.293726
10.545943 1.295350
10.792305 1.298345
10.868071 1.299266
10.761191 1.297967
10.759728 1.297949
10.779899 1.298194
10.698525 1.297205
10.660456 1.296742
10.637059 1.296458
10.637059 1.296458
10.642360 1.296522
10.759373 1.297945
10.770141 1.298076
10.757395 1.297921
10.771876 1.298097
10.765172 1.298015
11.607749 1.308259
11.702571 1.309412
11.747081 1.309953
11.771759 1.310253
11.786474 1.310432
11.712752 1.309536
11.714812 1.309561
11.759224 1.310101
11.752843 1.310023
11.737855 1.309841
11.652355 1.308801
11.644920 1.308711
11.924854 1.312114
11.907723 1.311906
11.935163 1.312240
11.931316 1.312193
11.942179 1.312325
11.940301 1.312302
12.271088 1.316324
12.327052 1.317004
12.191422 1.315355
12.190430 1.315343
12.132403 1.314638
12.167903 1.315069
11.962697 1.312574
11.895760 1.311761
12.022310 1.313299
12.012428 1.313179
11.996589 1.312987
11.955546 1.312488
11.794377 1.310528
12.358208 1.317383
12.333411 1.317081
12.331235 1.317055
12.394081 1.317819
12.395054 1.317831
12.386377 1.317725
12.402483 1.317921
12.406252 1.317967
12.396219 1.317845
12.415661 1.318081
12.432581 1.318287
12.452653 1.318531
12.452653 1.318531
12.518046 1.319326
12.513488 1.319271
12.525525 1.319417
12.521716 1.319371
12.556100 1.319789
12.432656 1.318288
12.427863 1.318230
12.658449 1.321033
12.602243 1.320350
12.492076 1.319010
12.514079 1.319278
12.531462 1.319489
12.464916 1.318680
12.479864 1.318862
12.379979 1.317648
12.330084 1.317041
12.343206 1.317201
12.320593 1.316926
12.381612 1.317668
12.319908 1.316917
12.324337 1.316971
12.208836 1.315567
12.209432 1.315574
12.215582 1.315649
12.263249 1.316228
12.365687 1.317474
12.259420 1.316182
12.252744 1.316101
12.247444 1.316036
12.247904 1.316042
12.485147 1.318926
12.486266 1.318940
12.497582 1.319077
12.480217 1.318866
12.511007 1.319241
12.472193 1.318769
12.573214 1.319997
12.545462 1.319660
12.558870 1.319823
12.580127 1.320081
12.573636 1.320002
12.573636 1.320002
12.564124 1.319886
12.590715 1.320210
12.598343 1.320302
12.475226 1.318806
12.477325 1.318831
12.509943 1.319228
12.509943 1.319228
12.577503 1.320049
12.582801 1.320114
13.463443 1.330820
13.711988 1.333842
13.735501 1.334128
13.742346 1.334211
13.744804 1.334241
13.744191 1.334233
13.753635 1.334348
13.914191 1.336300
13.584321 1.332290
13.739485 1.334176
13.730014 1.334061
13.552908 1.331908
13.188435 1.327477
13.185140 1.327437
13.197349 1.327585
13.154695 1.327066
13.357164 1.329528
13.898473 1.336109
13.898473 1.336109
13.877256 1.335851
13.875341 1.335828
13.857552 1.335612
13.856596 1.335600
13.851104 1.335533
13.838206 1.335376
13.838954 1.335385
13.837043 1.335362
13.868720 1.335747
13.863558 1.335685
13.503728 1.331310
13.601379 1.332497
13.592641 1.332391
13.598878 1.332467
13.603065 1.332518
13.608359 1.332582
13.243265 1.328143
13.129409 1.326759
13.104033 1.326450
13.104033 1.326450
13.104033 1.326450
13.113507 1.326566
13.497445 1.331233
13.365224 1.329626
13.380520 1.329812
13.355160 1.329504
13.337718 1.329292
13.323825 1.329123
13.339778 1.329317
13.091448 1.326297
13.076108 1.326111
13.055458 1.325860
13.021528 1.325447
13.065841 1.325986
13.113701 1.326568
13.113710 1.326568
13.105721 1.326471
13.105721 1.326471
13.138595 1.326871
12.908801 1.324077
13.094990 1.326341
13.267251 1.328435
13.268291 1.328447
13.268291 1.328447
13.211930 1.327762
13.211930 1.327762
13.231213 1.327997
13.231213 1.327997
13.361850 1.329585
13.361742 1.329584
13.358175 1.329540
13.401596 1.330068
13.665624 1.333278
13.646567 1.333046
13.622213 1.332750
13.890939 1.336017
13.546132 1.331825
13.544819 1.331809
13.195370 1.327561
13.195370 1.327561
13.485367 1.331087
13.488731 1.331127
13.474731 1.330957
13.495412 1.331209
13.614538 1.332657
13.599453 1.332474
13.592525 1.332389
13.608298 1.332581
13.445034 1.330596
13.203818 1.327664
13.185276 1.327438
13.615947 1.332674
13.394520 1.329982
13.387527 1.329897
13.456146 1.330731
13.446293 1.330612
13.516025 1.331459
13.550445 1.331878
13.539756 1.331748
13.539756 1.331748
13.578969 1.332225
13.624220 1.332775
13.608209 1.332580
13.616051 1.332675
13.484722 1.331079
13.491442 1.331160
13.535704 1.331699
13.514845 1.331445
13.516808 1.331469
13.471909 1.330923
13.446277 1.330611
13.440146 1.330537
13.439486 1.330529
13.389024 1.329915
13.384703 1.329863
13.385118 1.329868
13.411662 1.330191
13.586815 1.332320
13.765676 1.334495
13.763105 1.334463
13.746530 1.334262
13.713497 1.333860
13.279604 1.328585
13.285383 1.328655
13.173519 1.327295
13.213068 1.327776
13.350742 1.329450
13.361220 1.329577
13.363455 1.329604
13.431745 1.330435
13.170530 1.327259
13.172004 1.327277
13.161174 1.327145
13.138767 1.326873
13.135757 1.326836
13.033422 1.325592
13.030871 1.325561
13.030871 1.325561
13.009222 1.325298
13.009690 1.325303
13.020370 1.325433
13.020370 1.325433
13.187340 1.327463
13.187340 1.327463
13.185618 1.327442
13.192170 1.327522
13.335276 1.329262
13.360823 1.329572
13.696993 1.333659
13.659559 1.333204
13.373851 1.329731
13.362388 1.329591
13.492617 1.331175
13.501118 1.331278
13.434516 1.330468
13.276127 1.328543
13.287273 1.328678
13.304213 1.328884
13.330845 1.329208
13.332543 1.329229
13.414001 1.330219
13.411141 1.330184
13.381491 1.329824
13.380885 1.329816
13.369693 1.329680
13.395454 1.329993
13.402877 1.330084
13.392538 1.329958
13.390756 1.329936
13.777762 1.334641
13.807085 1.334998
14.350773 1.341608
14.294286 1.340921
14.294286 1.340921
14.262437 1.340534
14.205514 1.339842
14.205568 1.339843
14.204365 1.339828
14.116055 1.338754
14.499997 1.343422
14.499099 1.343411
14.826984 1.347398
14.840842 1.347566
14.811877 1.347214
14.753812 1.346508
14.750090 1.346463
14.665227 1.345431
14.609849 1.344758
14.608425 1.344740
14.619594 1.344876
14.522575 1.343697
14.519885 1.343664
14.555243 1.344094
14.547542 1.344000
14.607553 1.344730
14.616173 1.344835
14.616173 1.344835
14.626511 1.344960
15.077987 1.350449
15.074977 1.350413
15.107412 1.350807
15.094724 1.350653
15.096308 1.350672
15.120557 1.350967
15.292256 1.353054
14.714147 1.346026
14.632485 1.345033
12.120653 1.314495
12.148452 1.314833
12.130335 1.314613
12.143143 1.314768
12.143809 1.314776
12.079749 1.313998
12.152196 1.314878
11.841895 1.311106
11.953645 1.312464
11.951685 1.312441
11.634494 1.308584
11.629528 1.308524
11.659780 1.308892
11.046190 1.301432
11.055461 1.301545
11.154205 1.302745
11.111746 1.302229
11.093431 1.302006
11.137046 1.302536
11.144769 1.302630
11.130404 1.302456
11.132969 1.302487
11.087588 1.301935
11.633820 1.308576
11.713752 1.309548
11.713752 1.309548
11.741941 1.309891
11.773514 1.310274
11.771956 1.310256
11.771956 1.310256
12.120572 1.314494
12.121140 1.314501
12.075963 1.313952
12.075963 1.313952
12.064420 1.313811
12.061304 1.313773
12.076438 1.313957
12.071241 1.313894
12.079988 1.314000
11.970332 1.312667
11.955728 1.312490
11.957875 1.312516
11.936526 1.312256
11.936526 1.312256
11.929321 1.312169
11.907831 1.311907
11.902515 1.311843
11.902359 1.311841
11.908171 1.311912
11.921693 1.312076
11.915092 1.311996
11.907766 1.311907
11.892331 1.311719
11.879678 1.311565
11.950303 1.312424
11.947252 1.312387
11.832317 1.310989
11.800367 1.310601
11.779915 1.310352
11.758576 1.310093
11.759052 1.310099
10.725656 1.297535
10.718157 1.297444
10.720446 1.297472
10.717759 1.297439
10.753885 1.297878
10.761379 1.297969
10.761564 1.297972
10.787215 1.298283
10.789094 1.298306
10.800864 1.298449
10.932053 1.300044
10.934560 1.300075
10.941247 1.300156
10.921198 1.299912
10.920031 1.299898
10.939295 1.300132
10.915160 1.299839
10.922022 1.299922
10.676192 1.296934
10.642618 1.296525
10.679511 1.296974
10.672351 1.296887
10.711055 1.297357
10.714390 1.297398
10.754523 1.297886
10.731916 1.297611
10.714648 1.297401
10.711005 1.297357
10.732337 1.297616
10.717680 1.297438
10.713779 1.297391
10.710247 1.297348
10.721648 1.297486
10.721859 1.297489
10.721601 1.297486
10.740501 1.297715
10.772889 1.298109
10.728548 1.297570
10.727395 1.297556
10.724578 1.297522
10.487788 1.294643
10.482769 1.294582
10.522498 1.295065
10.525617 1.295103
10.569887 1.295641
10.563801 1.295567
10.547951 1.295374
10.538879 1.295264
10.457833 1.294279
10.440742 1.294071
10.443015 1.294099
10.434794 1.293999
10.374302 1.293263
10.376376 1.293289
10.368963 1.293198
10.377317 1.293300
10.410207 1.293700
10.397921 1.293550
10.468252 1.294406
10.475834 1.294498
10.470098 1.294428
10.488223 1.294648
10.356878 1.293051
10.356878 1.293051
10.356486 1.293047
10.388867 1.293440
10.359462 1.293083
10.354026 1.293017
10.292689 1.292271
10.292689 1.292271
10.353823 1.293014
10.353442 1.293010
10.349657 1.292964
10.371055 1.293224
11.606265 1.308241
11.609691 1.308283
11.633740 1.308575
11.642143 1.308677
11.586555 1.308001
11.585948 1.307994
11.596884 1.308127
11.529780 1.307311
11.529780 1.307311
11.539239 1.307426
11.504360 1.307002
11.506056 1.307023
11.722728 1.309657
11.644745 1.308709
11.641939 1.308675
11.627399 1.308498
11.712046 1.309527
11.442837 1.306254
11.443334 1.306260
11.488521 1.306810
11.292589 1.304428
11.359148 1.305237
11.316670 1.304720
11.321793 1.304783
11.243902 1.303836
11.827558 1.310932
11.765814 1.310181
11.813429 1.310760
11.806077 1.310670
11.803571 1.310640
11.796030 1.310548
11.824717 1.310897
11.824717 1.310897
11.881795 1.311591
11.925614 1.312124
11.872899 1.311483
11.845390 1.311148
11.845390 1.311148
11.987841 1.312880
11.985608 1.312853
11.738933 1.309854
11.723310 1.309664
11.718623 1.309607
11.737405 1.309835
11.704383 1.309434
11.704949 1.309441
11.723960 1.309672
11.723960 1.309672
11.658696 1.308879
11.613616 1.308330
11.638238 1.308630
11.644696 1.308708
11.613174 1.308325
12.061583 1.313777
12.014671 1.313206
12.034704 1.313450
12.069921 1.313878
12.308158 1.316774
12.275789 1.316381
12.261263 1.316204
12.127162 1.314574
12.074853 1.313938
12.108969 1.314353
12.121408 1.314504
12.121672 1.314507
12.120266 1.314490
12.125301 1.314551
12.057178 1.313723
12.127734 1.314581
12.325812 1.316989
12.651754 1.320952
12.644832 1.320868
12.881520 1.323745
12.845365 1.323306
12.846182 1.323316
12.868953 1.323592
12.749412 1.322139
12.742040 1.322049
12.803625 1.322798
12.794708 1.322690
12.857195 1.323449
13.039303 1.325664
13.027673 1.325522
13.026482 1.325508
13.105812 1.326472
13.158770 1.327116
13.161834 1.327153
13.161834 1.327153
13.629503 1.332839
13.625724 1.332793
13.521438 1.331525
13.522760 1.331541
13.524716 1.331565
13.527081 1.331594
13.517663 1.331479
13.583791 1.332283
13.580043 1.332238
13.595178 1.332422
13.924393 1.336424
13.935173 1.336555
13.935173 1.336555
13.939781 1.336611
13.856857 1.335603
13.873621 1.335807
13.891014 1.336018
14.174495 1.339465
14.066742 1.338155
14.073037 1.338231
14.070299 1.338198
14.046583 1.337910
14.141898 1.339068
14.171800 1.339432
14.159874 1.339287
14.207779 1.339869
14.207784 1.339870
14.211892 1.339919
13.622772 1.332757
13.630479 1.332851
13.625030 1.332785
13.615326 1.332667
13.615326 1.332667
13.613410 1.332643
13.486461 1.331100
13.475035 1.330961
13.404094 1.330099
13.230441 1.327987
13.201893 1.327640
13.255534 1.328292
13.253225 1.328264
13.187055 1.327460
12.999528 1.325180
13.007680 1.325279
12.782785 1.322545
12.782785 1.322545
12.782235 1.322538
12.782342 1.322539
12.772390 1.322418
12.734254 1.321955
12.706804 1.321621
12.704304 1.321591
12.778114 1.322488
12.816561 1.322955
12.883950 1.323775
12.894206 1.323899
12.546969 1.319678
12.544982 1.319654
12.559715 1.319833
12.544767 1.319651
12.544074 1.319643
12.558588 1.319819
12.027311 1.313360
12.052906 1.313671
11.525009 1.307253
11.552874 1.307592
11.533345 1.307355
11.534594 1.307370
11.478112 1.306683
11.418780 1.305962
11.361645 1.305267
11.335074 1.304944
11.335412 1.304948
11.122281 1.302357
11.097842 1.302060
10.991341 1.300765
11.457195 1.306429
11.457195 1.306429
11.452355 1.306370
11.528776 1.307299
11.599829 1.308163
11.646241 1.308727
11.782342 1.310382
11.743089 1.309905
11.713372 1.309543
11.616343 1.308364
11.568466 1.307782
11.506626 1.307030
11.505289 1.307013
11.503050 1.306986
10.434592 1.293996
10.422305 1.293847
10.402535 1.293607
10.350880 1.292979
10.365496 1.293156
10.284172 1.292168
10.305853 1.292431
10.344756 1.292904
10.350683 1.292976
10.351130 1.292982
10.346574 1.292926
10.359363 1.293082
10.368407 1.293192
10.394572 1.293510
10.394844 1.293513
10.392618 1.293486
10.249732 1.291749
10.282893 1.292152
10.287668 1.292210
9.932062 1.287887
9.909376 1.287611
9.886631 1.287334
9.979159 1.288459
9.961112 1.288240
9.419208 1.281652
9.546367 1.283198
9.540998 1.283132
9.441501 1.281923
9.453639 1.282070
8.892044 1.275243
8.905592 1.275407
8.882635 1.275128
8.876724 1.275056
8.885794 1.275167
8.885221 1.275160
8.852125 1.274757
8.817589 1.274337
8.817217 1.274333
9.000023 1.276555
8.681302 1.272680
8.775311 1.273823
8.691420 1.272803
8.694031 1.272835
8.601296 1.271708
8.573915 1.271375
8.569152 1.271317
8.537557 1.270933
8.588178 1.271548
8.582559 1.271480
8.576534 1.271407
8.453406 1.269910
8.451541 1.269887
8.512639 1.270630
8.522066 1.270744
8.549314 1.271076
8.552204 1.271111
8.551111 1.271098
8.552480 1.271114
8.865428 1.274919
8.864589 1.274909
8.853212 1.274770
8.847538 1.274701
8.837815 1.274583
8.725152 1.273213
8.769689 1.273755
8.608571 1.271796
8.610678 1.271822
8.723678 1.273196
8.723678 1.273196
8.630924 1.272068
8.623724 1.271980
8.608954 1.271801
8.671826 1.272565
8.773650 1.273803
8.711012 1.273042
8.698317 1.272887
8.685697 1.272734
8.702937 1.272943
8.717327 1.273118
8.728966 1.273260
8.471684 1.270132
8.469209 1.270102
8.470896 1.270122
8.523666 1.270764
8.520806 1.270729
8.855573 1.274799
8.580299 1.271452
8.610757 1.271823
8.624116 1.271985
8.623790 1.271981
8.969260 1.276181
8.993813 1.276480
8.954661 1.276004
8.957388 1.276037
8.941539 1.275844
8.659907 1.272420
8.624272 1.271987
8.624463 1.271989
8.671412 1.272560
8.375174 1.268959
8.382384 1.269046
8.320803 1.268298
8.323325 1.268328
8.465915 1.270062
8.421872 1.269526
8.421872 1.269526
8.464084 1.270040
8.505260 1.270540
8.404838 1.269319
8.384617 1.269073
8.401639 1.269280
8.474701 1.270169
8.511043 1.270610
8.555920 1.271156
8.557745 1.271178
8.587613 1.271541
8.614599 1.271869
8.614161 1.271864
8.724826 1.273210
8.742227 1.273421
9.164751 1.278558
9.175966 1.278694
9.169795 1.278619
9.196993 1.278950
9.178781 1.278729
9.131545 1.278154
9.154450 1.278433
9.148778 1.278364
9.315926 1.280396
9.361667 1.280952
9.285631 1.280028
9.282877 1.279994
9.280966 1.279971
9.261376 1.279733
9.255965 1.279667
9.256573 1.279674
9.246975 1.279558
9.240158 1.279475
9.224946 1.279290
9.225722 1.279299
9.200920 1.278998
9.200920 1.278998
9.196886 1.278949
9.218931 1.279217
9.219994 1.279230
9.161221 1.278515
9.214481 1.279163
9.181496 1.278762
9.077771 1.277501
9.257360 1.279684
9.229106 1.279340
9.227942 1.279326
9.267814 1.279811
9.311010 1.280336
9.256744 1.279676
9.222983 1.279266
9.288051 1.280057
9.276487 1.279916
9.506953 1.282718
9.541275 1.283136
9.532497 1.283029
9.541386 1.283137
9.561007 1.283376
9.420534 1.281668
9.355881 1.280882
9.342966 1.280725
9.289138 1.280070
9.285096 1.280021
9.285075 1.280021
9.383915 1.281223
9.401551 1.281437
9.406815 1.281501
9.207499 1.279078
9.146957 1.278342
9.093965 1.277697
9.091581 1.277668
9.077626 1.277499
9.114759 1.277950
9.141147 1.278271
9.074614 1.277462
9.061043 1.277297
9.061161 1.277299
9.131068 1.278148
9.150560 1.278385
9.003007 1.276592
9.020502 1.276804
9.004755 1.276613
8.981816 1.276334
8.983462 1.276354
9.088628 1.277633
9.074648 1.277463
9.062286 1.277312
9.020581 1.276805
9.010669 1.276685
9.012767 1.276710
9.015332 1.276741
9.015332 1.276741
9.050599 1.277170
9.035137 1.276982
8.983544 1.276355
8.982587 1.276343
8.979985 1.276312
8.967241 1.276157
8.993901 1.276481
9.083538 1.277571
9.283150 1.279997
9.385791 1.281245
9.442966 1.281940
9.442966 1.281940
9.410964 1.281551
9.401933 1.281442
9.401933 1.281442
9.393856 1.281343
9.433535 1.281826
9.446867 1.281988
9.484363 1.282444
9.483399 1.282432
9.507491 1.282725
9.499473 1.282627
9.499535 1.282628
9.499535 1.282628
9.476642 1.282350
9.356013 1.280883
9.327648 1.280538
9.324717 1.280503
9.324203 1.280497
9.342059 1.280714
9.339309 1.280680
9.445390 1.281970
9.423831 1.281708
9.412824 1.281574
9.412675 1.281572
9.446730 1.281986
9.589945 1.283727
9.557273 1.283330
9.539321 1.283112
9.480049 1.282391
9.513694 1.282800
9.481862 1.282413
9.519298 1.282868
9.477245 1.282357
9.618729 1.284077
9.641030 1.284348
9.675646 1.284769
9.673458 1.284743
9.669675 1.284697
9.591485 1.283746
9.518576 1.282860
9.477381 1.282359
9.488743 1.282497
9.488553 1.282495
9.484929 1.282451
9.534599 1.283054
9.519653 1.282873
9.516473 1.282834
9.544080 1.283170
9.544080 1.283170
9.533978 1.283047
9.521878 1.282900
9.530491 1.283005
9.589506 1.283722
9.610199 1.283974
9.498406 1.282614
9.525411 1.282943
9.505186 1.282697
9.553276 1.283282
9.578677 1.283590
9.578677 1.283590
9.577178 1.283572
9.602091 1.283875
9.672219 1.284728
9.554527 1.283297
9.771618 1.285936
9.832827 1.286680
9.838148 1.286745
9.838228 1.286746
9.849887 1.286888
9.849887 1.286888
10.082736 1.289719
10.087363 1.289775
10.053442 1.289362
10.099312 1.289920
10.151601 1.290556
10.177562 1.290871
10.138197 1.290393
10.115016 1.290111
9.968791 1.288333
9.954593 1.288161
9.954593 1.288161
9.992311 1.288619
9.896604 1.287456
9.896604 1.287456
9.990597 1.288598
9.996382 1.288669
9.973222 1.288387
9.901199 1.287511
9.928773 1.287847
9.894865 1.287434
9.854279 1.286941
9.901947 1.287521
9.909449 1.287612
9.867131 1.287097
9.825605 1.286592
9.704704 1.285123
9.724997 1.285369
9.730637 1.285438
9.724333 1.285361
9.651758 1.284479
9.650648 1.284465
9.689108 1.284933
9.708088 1.285164
9.780173 1.286040
9.779533 1.286032
9.800659 1.286289
9.813511 1.286445
9.813511 1.286445
9.817355 1.286492
9.801149 1.286295
9.626822 1.284176
9.636920 1.284298
9.550703 1.283250
9.584554 1.283662
9.532103 1.283024
9.562830 1.283398
9.746298 1.285628
9.768385 1.285897
9.808289 1.286382
10.039460 1.289192
10.039460 1.289192
10.030866 1.289088
10.035482 1.289144
9.980051 1.288470
9.835129 1.286708
10.079592 1.289680
10.037912 1.289174
10.133361 1.290334
10.129537 1.290288
10.112466 1.290080
10.113420 1.290092
10.152446 1.290566
9.919764 1.287737
9.877254 1.287220
9.834956 1.286706
9.848458 1.286870
9.848458 1.286870
9.718106 1.285285
9.664570 1.284635
9.634690 1.284271
9.659909 1.284578
9.647724 1.284430
9.647128 1.284423
9.637441 1.284305
9.588839 1.283714
9.589145 1.283718
9.589603 1.283723
9.584276 1.283658
9.795422 1.286225
9.801567 1.286300
9.803119 1.286319
9.803119 1.286319
9.718504 1.285290
9.796863 1.286243
9.831848 1.286668
9.839916 1.286766
9.865396 1.287076
9.909657 1.287614
9.790122 1.286161
9.748393 1.285654
9.772765 1.285950
9.768813 1.285902
9.758961 1.285782
9.654393 1.284511
9.479715 1.282387
9.428753 1.281768
9.405190 1.281481
9.453760 1.282072
9.420343 1.281665
9.260312 1.279720
9.466287 1.282224
9.451363 1.282043
9.448787 1.282011
9.454633 1.282082
9.527004 1.282962
9.485974 1.282463
9.284894 1.280019
9.200906 1.278998
9.146762 1.278339
9.127609 1.278106
9.049693 1.277159
9.075507 1.277473
9.075507 1.277473
9.030136 1.276921
8.984241 1.276363
9.005157 1.276618
8.970442 1.276196
8.985822 1.276383
8.985822 1.276383
8.982456 1.276342
9.121652 1.278034
9.352893 1.280845
9.351689 1.280831
9.306882 1.280286
9.285286 1.280023
9.292055 1.280106
9.299555 1.280197
9.310761 1.280333
9.324615 1.280502
9.310737 1.280333
9.288192 1.280059
9.371442 1.281071
9.228530 1.279333
9.221366 1.279246
9.222688 1.279262
9.121225 1.278029
9.123741 1.278059
9.025014 1.276859
9.060855 1.277295
9.239512 1.279467
9.258277 1.279695
9.265214 1.279779
9.244738 1.279530
9.251874 1.279617
9.214999 1.279169
9.190068 1.278866
9.186691 1.278825
9.213350 1.279149
9.240364 1.279477
9.240364 1.279477
9.265230 1.279780
9.295115 1.280143
9.411943 1.281563
9.414036 1.281589
9.408307 1.281519
9.488461 1.282494
9.487044 1.282476
9.288039 1.280057
9.189639 1.278861
9.195338 1.278930
9.181935 1.278767
9.180258 1.278747
9.120055 1.278015
9.120055 1.278015
9.323357 1.280486
9.323357 1.280486
9.362160 1.280958
9.357428 1.280900
9.383752 1.281221
9.579206 1.283597
9.454130 1.282076
9.464925 1.282207
9.481422 1.282408
9.483137 1.282429
9.393138 1.281335
9.460613 1.282155
9.492689 1.282545
9.564391 1.283417
9.554969 1.283302
9.571015 1.283497
9.570232 1.283488
9.609543 1.283966
9.655444 1.284524
9.648088 1.284434
9.732265 1.285458
9.795627 1.286228
9.839511 1.286761
9.831558 1.286665
9.827287 1.286613
9.800782 1.286291
9.798761 1.286266
9.806091 1.286355
9.785918 1.286110
9.787306 1.286127
9.717219 1.285275
9.679670 1.284818
9.741808 1.285574
9.837178 1.286733
9.838122 1.286745
9.739015 1.285540
9.637966 1.284311
9.652400 1.284487
9.676331 1.284778
9.708427 1.285168
9.745151 1.285614
9.780367 1.286042
9.869859 1.287130
9.872655 1.287164
9.818257 1.286503
9.852711 1.286922
9.851256 1.286904
9.883092 1.287291
9.936838 1.287945
9.869799 1.287130
9.871893 1.287155
9.991957 1.288615
9.985297 1.288534
9.959723 1.288223
9.881957 1.287278
9.889862 1.287374
9.928431 1.287843
9.956258 1.288181
9.955245 1.288169
9.972690 1.288381
9.973660 1.288392
9.714008 1.285236
9.501817 1.282656
9.641852 1.284358
9.641852 1.284358
9.624805 1.284151
9.593825 1.283775
9.604455 1.283904
9.680623 1.284830
9.758879 1.285781
9.928439 1.287843
10.058439 1.289423
9.981664 1.288490
10.020086 1.288957
10.020543 1.288962
10.001436 1.288730
9.976692 1.288429
9.949633 1.288100
9.963484 1.288269
9.977537 1.288440
9.981297 1.288485
9.979175 1.288459
9.980305 1.288473
10.018840 1.288942
10.140476 1.290421
10.148016 1.290512
10.140398 1.290420
10.101793 1.289950
10.114391 1.290103
10.124566 1.290227
10.164076 1.290707
10.165305 1.290722
10.167245 1.290746
10.184657 1.290958
10.169676 1.290776
10.151755 1.290558
10.203164 1.291183
10.478141 1.294526
10.468769 1.294412
10.274027 1.292044
10.182787 1.290935
10.033540 1.289120
10.019105 1.288945
10.018045 1.288932
10.000198 1.288715
10.242520 1.291661
10.257477 1.291843
10.296241 1.292314
10.294497 1.292293
10.371607 1.293231
10.341552 1.292865
10.373102 1.293249
10.378246 1.293311
10.468154 1.294404
10.478514 1.294530
10.454537 1.294239
10.457578 1.294276
10.472387 1.294456
10.486295 1.294625
10.647826 1.296589
10.627602 1.296343
10.660478 1.296743
10.744288 1.297761
10.935984 1.300092
10.937019 1.300105
10.951114 1.300276
10.951924 1.300286
11.143324 1.302613
11.138321 1.302552
11.137867 1.302546
11.128556 1.302433
11.128556 1.302433
11.131066 1.302464
11.148177 1.302672
11.146420 1.302650
10.893232 1.299572
10.893245 1.299572
10.870050 1.299290
10.877196 1.299377
10.874980 1.299350
10.799703 1.298435
10.868018 1.299266
10.870792 1.299299
10.871478 1.299308
10.903966 1.299703
10.920730 1.299907
10.899778 1.299652
10.964769 1.300442
10.871973 1.299314
10.868261 1.299269
10.743162 1.297748
10.571846 1.295665
10.592065 1.295911
10.596198 1.295961
10.595723 1.295955
10.604091 1.296057
10.619316 1.296242
10.603036 1.296044
10.628916 1.296359
10.628916 1.296359
10.671976 1.296882
10.628935 1.296359
10.583917 1.295812
10.517468 1.295004
10.516286 1.294990
10.575537 1.295710
10.556832 1.295482
10.833539 1.298847
10.889450 1.299526
10.889351 1.299525
10.899454 1.299648
10.964061 1.300433
10.964138 1.300434
10.921522 1.299916
10.906549 1.299734
10.794451 1.298371
10.761939 1.297976
10.749269 1.297822
10.809529 1.298555
10.809976 1.298560
10.863636 1.299212
10.853246 1.299086
10.794426 1.298371
11.153171 1.302733
11.137452 1.302541
11.081931 1.301866
11.183455 1.303101
11.184157 1.303109
11.202466 1.303332
11.209120 1.303413
11.199011 1.303290
11.230419 1.303672
11.244708 1.303845
11.210236 1.303426
11.211360 1.303440
11.158700 1.302800
11.158454 1.302797
11.193473 1.303223
11.200241 1.303305
11.210981 1.303435
11.217988 1.303521
11.215237 1.303487
11.197663 1.303273
11.198506 1.303284
11.046070 1.301430
11.091335 1.301981
11.064209 1.301651
11.512404 1.307100
11.517583 1.307163
11.459100 1.306452
11.225097 1.303607
11.294198 1.304447
11.391214 1.305627
11.391214 1.305627
11.389194 1.305602
11.385405 1.305556
11.385047 1.305552
11.344325 1.305057
11.148864 1.302680
11.167485 1.302907
11.167641 1.302908
10.366625 1.293170
10.689434 1.297095
10.837107 1.298890
10.713724 1.297390
10.664970 1.296797
10.663234 1.296776
11.278949 1.304262
11.279411 1.304267
11.246385 1.303866
11.253629 1.303954
11.209637 1.303419
11.211854 1.303446
11.257112 1.303996
11.257112 1.303996
11.183710 1.303104
11.342928 1.305040
11.342928 1.305040
11.342928 1.305040
11.322541 1.304792
11.327843 1.304856
11.608328 1.308266
11.591404 1.308060
11.549816 1.307555
11.581656 1.307942
11.660786 1.308904
11.707627 1.309473
11.690180 1.309261
11.007502 1.300962
10.989806 1.300746
11.014451 1.301046
11.199865 1.303300
11.078752 1.301828
11.090136 1.301966
11.086570 1.301923
11.105865 1.302157
11.063374 1.301641
11.065250 1.301664
10.805151 1.298501
10.845475 1.298992
10.893522 1.299576
10.890361 1.299537
10.839808 1.298923
10.839267 1.298916
10.839604 1.298920
10.848737 1.299031
10.848737 1.299031
10.848719 1.299031
10.840086 1.298926
10.857247 1.299135
10.658068 1.296713
10.652815 1.296649
10.479301 1.294540
10.428974 1.293928
10.399351 1.293568
10.409763 1.293694
10.546970 1.295363
10.481367 1.294565
10.534309 1.295209
10.491070 1.294683
10.563577 1.295564
10.601313 1.296023
10.630124 1.296374
10.638072 1.296470
10.002311 1.288741
9.996718 1.288673
9.973229 1.288387
9.962940 1.288262
9.962940 1.288262
9.962996 1.288263
9.856183 1.286964
9.881456 1.287271
9.949253 1.288096
10.710514 1.297351
10.750662 1.297839
10.714836 1.297403
10.708124 1.297322
10.708124 1.297322
10.723563 1.297510
10.723563 1.297510
10.750767 1.297840
10.744733 1.297767
10.744733 1.297767
10.615101 1.296191
10.670917 1.296869
10.996575 1.300829
10.991655 1.300769
10.980418 1.300632
10.978886 1.300614
11.003705 1.300915
11.000875 1.300881
10.995715 1.300818
11.027857 1.301209
10.901108 1.299668
11.062934 1.301635
11.061692 1.301620
11.058248 1.301578
11.051634 1.301498
11.092966 1.302001
11.079605 1.301838
11.389166 1.305602
11.467137 1.306550
11.481033 1.306719
11.352683 1.305158
11.303386 1.304559
11.192610 1.303212
11.039166 1.301347
10.997066 1.300835
11.011877 1.301015
11.200293 1.303305
11.204213 1.303353
11.194262 1.303232
11.166546 1.302895
11.138401 1.302553
11.120817 1.302339
11.120160 1.302331
11.110560 1.302214
11.060165 1.301602
11.043578 1.301400
10.995240 1.300812
10.958646 1.300368
10.942800 1.300175
10.958350 1.300364
10.989105 1.300738
11.038829 1.301342
10.941107 1.300154
11.059389 1.301592
10.779154 1.298185
10.808173 1.298538
10.801685 1.298459
10.801685 1.298459
10.801685 1.298459
10.826931 1.298766
10.696036 1.297175
10.680475 1.296986
10.755401 1.297897
10.208671 1.291250
10.216160 1.291341
10.185011 1.290962
10.360564 1.293096
10.340820 1.292856
10.373934 1.293259
10.320076 1.292604
10.307580 1.292452
9.883215 1.287293
9.853049 1.286926
9.874068 1.287182
9.963100 1.288264
9.973959 1.288396
10.029531 1.289072
10.278466 1.292098
10.278466 1.292098
10.278466 1.292098
10.278420 1.292098
10.265221 1.291937
10.274116 1.292045
10.273775 1.292041
10.270736 1.292004
10.273126 1.292033
10.262557 1.291905
10.244737 1.291688
10.208929 1.291253
10.137777 1.290388
10.111102 1.290063
10.045129 1.289261
9.928809 1.287847
9.923682 1.287785
9.979272 1.288461
9.939377 1.287976
10.085344 1.289750
10.082081 1.289711
10.238108 1.291608
10.292579 1.292270
10.300890 1.292371
10.366057 1.293163
10.151835 1.290559
10.136779 1.290376
10.408974 1.293685
10.419665 1.293815
10.420312 1.293823
10.442072 1.294087
10.407467 1.293667
10.396885 1.293538
10.384044 1.293382
10.389358 1.293446
10.720063 1.297467
10.779732 1.298192
10.768214 1.298052
10.731105 1.297601
10.731105 1.297601
10.731105 1.297601
10.728068 1.297564
10.728068 1.297564
10.352546 1.292999
10.403540 1.293619
10.949587 1.300257
10.927142 1.299985
10.109051 1.290038
10.341564 1.292865
10.256314 1.291829
10.252613 1.291784
10.291563 1.292257
10.246914 1.291715
10.160636 1.290666
10.260744 1.291883
10.260744 1.291883
10.285893 1.292188
10.139883 1.290413
10.137163 1.290380
10.165545 1.290725
10.158434 1.290639
10.125050 1.290233
10.128521 1.290275
10.218170 1.291365
10.193380 1.291064
10.204162 1.291195
10.324215 1.292654
10.356169 1.293043
10.350338 1.292972
10.418887 1.293805
10.414470 1.293752
10.414470 1.293752
10.395834 1.293525
10.410626 1.293705
10.456458 1.294262
10.456458 1.294262
10.456458 1.294262
10.462475 1.294335
10.472291 1.294455
10.483037 1.294585
10.634669 1.296429
10.456325 1.294261
10.456325 1.294261
10.494592 1.294726
10.505217 1.294855
10.505217 1.294855
10.524152 1.295085
10.546685 1.295359
10.546685 1.295359
10.521061 1.295048
10.543187 1.295317
10.547566 1.295370
10.513539 1.294956
10.555809 1.295470
10.394431 1.293508
10.408184 1.293675
10.533519 1.295199
10.534354 1.295209
10.517346 1.295002
10.470791 1.294436
10.448121 1.294161
10.448121 1.294161
10.465120 1.294367
10.202043 1.291169
10.207385 1.291234
10.230151 1.291511
10.166106 1.290732
10.167728 1.290752
10.167728 1.290752
10.220052 1.291388
10.236071 1.291583
10.249201 1.291742
10.252399 1.291781
10.246377 1.291708
10.191130 1.291036
10.981616 1.300647
10.720383 1.297471
10.735572 1.297656
10.771558 1.298093
10.764198 1.298004
10.929949 1.300019
10.937833 1.300115
10.959203 1.300374
10.953724 1.300308
11.028082 1.301212
11.087056 1.301929
11.113526 1.302251
11.116632 1.302288
11.102826 1.302120
11.101648 1.302106
11.028723 1.301220
11.194033 1.303229
11.101796 1.302108
11.010589 1.300999
11.041045 1.301369
11.109016 1.302196
10.942639 1.300173
11.003886 1.300918
10.941578 1.300160
10.501760 1.294813
10.525560 1.295102
10.557168 1.295487
10.554753 1.295457
10.596160 1.295961
10.853910 1.299094
10.854872 1.299106
10.909558 1.299771
11.087108 1.301929
11.203677 1.303347
11.057085 1.301564
11.061382 1.301617
10.999924 1.300869
11.005415 1.300936
10.969162 1.300495
10.987705 1.300721
11.052018 1.301503
11.042483 1.301387
11.224704 1.303602
10.764937 1.298013
10.730164 1.297590
10.724565 1.297522
10.927827 1.299993
10.846179 1.299000
10.851234 1.299062
10.842936 1.298961
10.842936 1.298961
11.057057 1.301564
11.172838 1.302972
11.235037 1.303728
11.197280 1.303269
11.315096 1.304701
11.392736 1.305645
11.394534 1.305667
11.930322 1.312181
12.157065 1.314938
12.158189 1.314951
12.203954 1.315508
12.216080 1.315655
12.208233 1.315560
12.319657 1.316914
12.319657 1.316914
12.328305 1.317019
12.295646 1.316622
12.291752 1.316575
12.288300 1.316533
12.213377 1.315622
12.196464 1.315417
12.223959 1.315751
12.235119 1.315887
12.235119 1.315887
12.542717 1.319626
12.576661 1.320039
12.544860 1.319652
12.530960 1.319483
12.530960 1.319483
12.533217 1.319511
12.547976 1.319690
12.563224 1.319875
12.484070 1.318913
12.438644 1.318361
12.443431 1.318419
12.434316 1.318308
12.408446 1.317994
12.465833 1.318691
12.359628 1.317400
12.393436 1.317811
12.511087 1.319242
12.534025 1.319520
12.330285 1.317043
12.449210 1.318489
12.508072 1.319205
12.499738 1.319104
12.495010 1.319046
12.432934 1.318291
12.422597 1.318166
12.771137 1.322403
12.789170 1.322622
12.811505 1.322894
12.820539 1.323004
12.817463 1.322966
12.825211 1.323061
12.797645 1.322726
12.747320 1.322114
12.656242 1.321006
12.737688 1.321997
12.743531 1.322068
12.727182 1.321869
12.727182 1.321869
12.718973 1.321769
12.698118 1.321515
12.700207 1.321541
12.717825 1.321755
12.717732 1.321754
12.642441 1.320839
12.641616 1.320829
12.647903 1.320905
12.720728 1.321790
12.782656 1.322543
12.853733 1.323407
12.869432 1.323598
12.877558 1.323697
12.878941 1.323714
13.365281 1.329627
13.841122 1.335412
13.940096 1.336615
14.094296 1.338490
14.289933 1.340868
14.291780 1.340891
14.227674 1.340111
14.221251 1.340033
14.201860 1.339797
14.210805 1.339906
14.217262 1.339985
14.273864 1.340673
14.265718 1.340574
14.234859 1.340199
14.198265 1.339754
14.615440 1.344826
14.102101 1.338585
14.367474 1.341811
14.359439 1.341713
14.115173 1.338744
14.110402 1.338686
14.110402 1.338686
14.110469 1.338686
14.409010 1.342316
14.399168 1.342196
14.423217 1.342489
14.439671 1.342689
14.428476 1.342553
14.434452 1.342625
14.448879 1.342801
15.560335 1.356313
15.552856 1.356222
15.524501 1.355878
16.183689 1.363892
16.260340 1.364824
16.350865 1.365924
16.340588 1.365799
16.295350 1.365249
16.277090 1.365027
16.278668 1.365047
16.313178 1.365466
16.176280 1.363802
16.006720 1.361740
16.131224 1.363254
16.129211 1.363230
16.028007 1.361999
16.027244 1.361990
16.272816 1.364975
16.294768 1.365242
16.311271 1.365443
16.299954 1.365305
16.165517 1.363671
16.101680 1.362895
15.827228 1.359558
15.827228 1.359558
15.783408 1.359025
15.644520 1.357337
15.674050 1.357696
15.678330 1.357748
15.647389 1.357372
15.432516 1.354759
15.428577 1.354711
15.287497 1.352996
15.311434 1.353287
15.335085 1.353575
15.307050 1.353234
15.350699 1.353765
15.347824 1.353730
15.391043 1.354255
15.401304 1.354380
15.301540 1.353167
15.298001 1.353124
15.047299 1.350076
15.088852 1.350581
15.068478 1.350334
15.642294 1.357310
15.632848 1.357195
15.656733 1.357485
15.656733 1.357485
15.983305 1.361456
15.783576 1.359027
15.477361 1.355305
15.576777 1.356513
15.591619 1.356694
15.676925 1.357731
15.617753 1.357011
15.617883 1.357013
15.625145 1.357101
15.714550 1.358188
14.859371 1.347791
14.929779 1.348647
14.859498 1.347793
15.054345 1.350162
15.060263 1.350234
15.006951 1.349586
14.979775 1.349255
14.964974 1.349075
15.549656 1.356184
15.476254 1.355291
14.794066 1.346997
14.981648 1.349278
14.980989 1.349270
14.981217 1.349273
14.978626 1.349241
15.004820 1.349560
14.807038 1.347155
14.100804 1.338569
13.950204 1.336738
13.917358 1.336339
13.952413 1.336765
14.169969 1.339410
14.304424 1.341044
14.295059 1.340931
14.273318 1.340666
14.154355 1.339220
14.121532 1.338821
14.122428 1.338832
14.122416 1.338832
13.766958 1.334510
13.825607 1.335223
13.835901 1.335348
13.744766 1.334240
13.660707 1.333218
13.703773 1.333742
13.212110 1.327764
13.415502 1.330237
13.415744 1.330240
13.415744 1.330240
13.405167 1.330112
13.350278 1.329444
13.708768 1.333803
13.699282 1.333687
13.194774 1.327554
13.195402 1.327561
13.215555 1.327806
13.162203 1.327158
13.179289 1.327365
13.072197 1.326063
13.072197 1.326063
13.081838 1.326181
13.077913 1.326133
13.036577 1.325630
13.023907 1.325476
13.017032 1.325393
13.015086 1.325369
13.035876 1.325622
13.008289 1.325286
13.008289 1.325286
13.020894 1.325440
13.072330 1.326065
13.073862 1.326084
13.188484 1.327477
13.214051 1.327788
13.205346 1.327682
13.207156 1.327704
14.295891 1.340941
14.205978 1.339848
14.213556 1.339940
14.339040 1.341465
14.354297 1.341651
13.442110 1.330561
13.593919 1.332406
13.591874 1.332381
13.796481 1.334869
13.673715 1.333376
13.469077 1.330889
13.349861 1.329439
13.474762 1.330958
13.474762 1.330958
13.400634 1.330056
13.820184 1.335157
13.819175 1.335145
13.819175 1.335145
13.830126 1.335278
13.863926 1.335689
13.869095 1.335752
13.882870 1.335919
13.811304 1.335049
13.804282 1.334964
13.782022 1.334693
13.788912 1.334777
13.802028 1.334936
13.752224 1.334331
13.769222 1.334538
13.766167 1.334500
13.774162 1.334598
13.772174 1.334574
13.771529 1.334566
13.705849 1.333767
13.712944 1.333853
13.973249 1.337018
13.972510 1.337009
14.023245 1.337626
14.013401 1.337506
13.931401 1.336509
13.974277 1.337031
14.028201 1.337686
14.034179 1.337759
14.105263 1.338623
14.129850 1.338922
14.125500 1.338869
14.232167 1.340166
14.230664 1.340148
14.231019 1.340152
14.235881 1.340211
14.229073 1.340128
14.233434 1.340181
14.250321 1.340387
14.240441 1.340267
14.237422 1.340230
14.235527 1.340207
13.645758 1.333037
13.672759 1.333365
13.767667 1.334519
13.682514 1.333483
13.635745 1.332915
13.599073 1.332469
13.573959 1.332164
13.825532 1.335222
13.783398 1.334710
13.789672 1.334786
13.810168 1.335035
13.826096 1.335229
14.222710 1.340051
14.224464 1.340072
14.196217 1.339729
14.196263 1.339729
14.196395 1.339731
14.185829 1.339603
14.195758 1.339723
13.961947 1.336881
13.961726 1.336878
13.681203 1.333468
13.670353 1.333336
13.570780 1.332125
13.619825 1.332721
13.464790 1.330836
13.465612 1.330846
13.465548 1.330846
13.457583 1.330749
13.393210 1.329966
13.303279 1.328873
13.245753 1.328173
13.417511 1.330262
13.526868 1.331591
13.543159 1.331789
13.557588 1.331965
13.560016 1.331994
13.532554 1.331660
13.428122 1.330391
13.428122 1.330391
13.421939 1.330315
13.420856 1.330302
13.332543 1.329229
13.322373 1.329105
13.303384 1.328874
13.459498 1.330772
13.461807 1.330800
13.466617 1.330859
13.489355 1.331135
13.479182 1.331011
13.434996 1.330474
13.462263 1.330806
13.465175 1.330841
13.152355 1.327038
13.246907 1.328187
13.280431 1.328595
13.257055 1.328311
13.286075 1.328664
13.333669 1.329242
12.881611 1.323746
12.831783 1.323141
12.796057 1.322706
12.775848 1.322460
12.776244 1.322465
12.782480 1.322541
12.786091 1.322585
13.627412 1.332814
13.627630 1.332816
13.628058 1.332821
13.673596 1.333375
13.388841 1.329913
13.178850 1.327360
13.179072 1.327363
13.387491 1.329897
13.372090 1.329709
13.372576 1.329715
13.398158 1.330026
13.274744 1.328526
13.400351 1.330053
13.396597 1.330007
13.242316 1.328132
13.466154 1.330853
13.464826 1.330837
13.179754 1.327371
13.157198 1.327097
13.111855 1.326546
13.036270 1.325627
13.034291 1.325603
13.047391 1.325762
12.955650 1.324646
12.942499 1.324487
12.941263 1.324472
12.944399 1.324510
13.411214 1.330185
13.686831 1.333536
13.686831 1.333536
13.726494 1.334018
13.792624 1.334822
13.792624 1.334822
13.952702 1.336768
13.832426 1.335306
13.832426 1.335306
13.678531 1.333435
13.745446 1.334249
14.130173 1.338926
14.187988 1.339629
13.820377 1.335160
13.663045 1.333247
13.610257 1.332605
13.610257 1.332605
13.505832 1.331335
13.493536 1.331186
13.365754 1.329632
13.346427 1.329397
13.348435 1.329422
13.337290 1.329286
13.316369 1.329032
13.329111 1.329187
13.317047 1.329040
13.331418 1.329215
13.122114 1.326670
13.016291 1.325384
13.030439 1.325556
13.082638 1.326190
13.087306 1.326247
13.067307 1.326004
13.067162 1.326002
12.987841 1.325038
12.956971 1.324663
12.951935 1.324601
12.883711 1.323772
11.755125 1.310051
11.782845 1.310388
11.943412 1.312340
11.935877 1.312248
11.932974 1.312213
11.923497 1.312098
11.915979 1.312006
11.944463 1.312353
11.927115 1.312142
11.996768 1.312989
11.996768 1.312989
11.826760 1.310922
11.822089 1.310865
12.068503 1.313861
12.071742 1.313900
12.041856 1.313537
12.180641 1.315224
12.149918 1.314851
12.206593 1.315540
12.244675 1.316003
12.221637 1.315723
12.057120 1.313722
12.112299 1.314393
12.087122 1.314087
12.087122 1.314087
12.661917 1.321075
12.603908 1.320370
12.658907 1.321039
12.773147 1.322428
12.797035 1.322718
12.887135 1.323813
12.877481 1.323696
12.985862 1.325014
12.856099 1.323436
12.857629 1.323455
12.837607 1.323211
12.840250 1.323243
12.837518 1.323210
12.908302 1.324071
13.308090 1.328931
13.301179 1.328847
13.365961 1.329635
13.319595 1.329071
13.319595 1.329071
13.186310 1.327451
13.137567 1.326858
13.143799 1.326934
13.134069 1.326816
13.055158 1.325856
12.980741 1.324952
13.239776 1.328101
13.270538 1.328475
13.269274 1.328459
13.207017 1.327703
13.197011 1.327581
13.210183 1.327741
13.068169 1.326014
12.798577 1.322737
12.750880 1.322157
12.745454 1.322091
12.750446 1.322152
12.750446 1.322152
12.740853 1.322035
12.579085 1.320068
13.650437 1.333093
13.756878 1.334388
13.775006 1.334608
13.778329 1.334648
14.075200 1.338258
14.046479 1.337908
14.060905 1.338084
14.061745 1.338094
13.920394 1.336376
13.958743 1.336842
13.862983 1.335678
13.862983 1.335678
13.849125 1.335509
13.849125 1.335509
13.864595 1.335697
13.962382 1.336886
13.958770 1.336842
13.967229 1.336945
14.012091 1.337490
14.045372 1.337895
13.967943 1.336954
13.969078 1.336967
13.811134 1.335047
13.701636 1.333716
13.716496 1.333897
13.797138 1.334877
13.808845 1.335019
13.801075 1.334925
14.009397 1.337458
14.108959 1.338668
14.109021 1.338669
14.139643 1.339041
14.077293 1.338283
14.163563 1.339332
14.332898 1.341391
14.741658 1.346360
14.732481 1.346249
15.183728 1.351735
15.237967 1.352394
15.237570 1.352389
15.236570 1.352377
15.222493 1.352206
15.227780 1.352270
15.248808 1.352526
15.279346 1.352897
15.238322 1.352398
15.877606 1.360171
15.997986 1.361634
15.954565 1.361106
15.945281 1.360993
15.945281 1.360993
15.930509 1.360814
15.930509 1.360814
15.880606 1.360207
15.880406 1.360205
15.943183 1.360968
15.943183 1.360968
15.664530 1.357580
15.664366 1.357578
15.805712 1.359297
15.782914 1.359019
15.944835 1.360988
15.947186 1.361017
15.947186 1.361017
15.839187 1.359704
15.606830 1.356879
15.610409 1.356922
15.612204 1.356944
15.647818 1.357377
15.373346 1.354040
15.151146 1.351339
15.290129 1.353028
15.287801 1.353000
15.296936 1.353111
15.565137 1.356372
15.565401 1.356375
15.557850 1.356283
15.565506 1.356376
15.504612 1.355636
15.531353 1.355961
15.530125 1.355946
15.516564 1.355781
15.552950 1.356224
15.552950 1.356224
16.015420 1.361846
15.388495 1.354224
15.265208 1.352725
15.056393 1.350187
15.127256 1.351048
15.119505 1.350954
14.952773 1.348927
14.977767 1.349231
15.048569 1.350091
15.048050 1.350085
15.030268 1.349869
15.034073 1.349915
14.907448 1.348376
15.012613 1.349654
15.045387 1.350053
14.964726 1.349072
14.787399 1.346916
15.154356 1.351378
14.305217 1.341054
14.287804 1.340842
14.294909 1.340929
14.351633 1.341618
14.351924 1.341622
14.397465 1.342176
14.301946 1.341014
14.714073 1.346025
14.557765 1.344124
14.556804 1.344113
14.599181 1.344628
14.824234 1.347364
15.021291 1.349760
15.209523 1.352048
15.513082 1.355739
15.538286 1.356045
15.494706 1.355515
15.462025 1.355118
15.459629 1.355089
15.445656 1.354919
15.445656 1.354919
15.410901 1.354497
15.410237 1.354489
15.101755 1.350738
15.127838 1.351055
14.070510 1.338201
13.533984 1.331678
13.711439 1.333835
13.541310 1.331767
13.944402 1.336667
13.908618 1.336232
13.908618 1.336232
13.877741 1.335857
13.901218 1.336142
13.741973 1.334206
13.805146 1.334974
13.951779 1.336757
14.093655 1.338482
14.097635 1.338530
14.136193 1.338999
14.136193 1.338999
14.001654 1.337363
14.398776 1.342192
14.377346 1.341931
14.405761 1.342276
14.234357 1.340193
14.036569 1.337788
14.003417 1.337385
14.151048 1.339180
14.269844 1.340624
14.206347 1.339852
14.206347 1.339852
14.212586 1.339928
14.078059 1.338292
14.444775 1.342751
14.581705 1.344416
14.465830 1.343007
13.972565 1.337010
13.978719 1.337085
14.057071 1.338037
13.958350 1.336837
14.049021 1.337939
14.084234 1.338367
14.118190 1.338780
14.186127 1.339606
13.734312 1.334113
13.756155 1.334379
13.601774 1.332502
13.596473 1.332437
13.700742 1.333705
13.832003 1.335301
13.800763 1.334921
13.842239 1.335425
13.843093 1.335436
13.758880 1.334412
13.750088 1.334305
13.784295 1.334721
13.731854 1.334083
13.745812 1.334253
13.771284 1.334563
13.760824 1.334436
13.908860 1.336235
13.780482 1.334675
13.780482 1.334675
13.770940 1.334559
13.731928 1.334084
13.646903 1.333050
13.809581 1.335028
13.760449 1.334431
13.833623 1.335321
13.837211 1.335364
14.585553 1.344462
14.534798 1.343845
14.533100 1.343825
14.522173 1.343692
14.533551 1.343830
14.616275 1.344836
14.626463 1.344960
14.626526 1.344960
14.635861 1.345074
14.578727 1.344379
14.576343 1.344350
14.576072 1.344347
14.564280 1.344204
14.563878 1.344199
14.565250 1.344215
14.567300 1.344240
14.660761 1.345377
14.732954 1.346254
14.732954 1.346254
14.689476 1.345726
14.496336 1.343378
14.498518 1.343404
14.123533 1.338845
14.123533 1.338845
14.121492 1.338820
14.117856 1.338776
14.285639 1.340816
13.944561 1.336669
13.983010 1.337137
13.983286 1.337140
13.629177 1.332835
13.691652 1.333595
13.691652 1.333595
14.045530 1.337897
14.464229 1.342987
14.479757 1.343176
14.187786 1.339626
14.039299 1.337821
13.992565 1.337253
13.963747 1.336903
13.807775 1.335006
13.770722 1.334556
14.489121 1.343290
14.464377 1.342989
14.411081 1.342341
14.404152 1.342257
14.405359 1.342272
14.381332 1.341979
14.381332 1.341979
14.438101 1.342670
14.462536 1.342967
14.255409 1.340449
14.200661 1.339783
14.196283 1.339730
14.196861 1.339737
14.188442 1.339634
14.200585 1.339782
14.303551 1.341034
14.270134 1.340628
14.238221 1.340240
14.214902 1.339956
14.214902 1.339956
14.658920 1.345354
14.659055 1.345356
14.679205 1.345601
14.679205 1.345601
14.749543 1.346456
14.738762 1.346325
14.740372 1.346345
14.432068 1.342596
14.591468 1.344534
14.624237 1.344933
14.645720 1.345194
14.645720 1.345194
14.777414 1.346795
14.753297 1.346502
14.728903 1.346205
14.723433 1.346139
14.750668 1.346470
14.752811 1.346496
14.391857 1.342107
14.458590 1.342919
14.475843 1.343128
14.430586 1.342578
14.493941 1.343349
14.562816 1.344186
14.572259 1.344301
14.630224 1.345005
14.574458 1.344327
14.554102 1.344080
14.571408 1.344290
14.572232 1.344300
14.600931 1.344649
14.545881 1.343980
14.531820 1.343809
14.531820 1.343809
14.527989 1.343762
14.529709 1.343783
14.535599 1.343855
14.473223 1.343097
14.502814 1.343456
14.502814 1.343456
14.458413 1.342917
14.439515 1.342687
14.468682 1.343041
14.432411 1.342600
16.355429 1.365980
16.355429 1.365980
16.390183 1.366402
15.959972 1.361172
15.959762 1.361169
16.102413 1.362904
16.195679 1.364038
16.189330 1.363960
16.166367 1.363681
15.728891 1.358363
15.727699 1.358348
15.750303 1.358623
16.310504 1.365434
16.342633 1.365824
16.330504 1.365677
16.354567 1.365969
16.336765 1.365753
16.339427 1.365785
16.355698 1.365983
16.447090 1.367094
16.460052 1.367252
16.522152 1.368007
16.495491 1.367683
16.413256 1.366683
16.481978 1.367518
16.478705 1.367479
16.488332 1.367596
16.488160 1.367594
16.488160 1.367594
16.470911 1.367384
16.480247 1.367497
16.483679 1.367539
16.085796 1.362702
16.085796 1.362702
16.030344 1.362028
16.106035 1.362948
15.871449 1.360096
15.978600 1.361398
15.972659 1.361326
14.739034 1.346328
14.568089 1.344250
14.593270 1.344556
14.532826 1.343821
14.747657 1.346433
14.715356 1.346040
14.716636 1.346056
14.598805 1.344623
14.563768 1.344197
14.527022 1.343751
14.764476 1.346638
14.764018 1.346632
14.650394 1.345251
14.528343 1.343767
14.617599 1.344852
14.736599 1.346299
14.659198 1.345358
14.522424 1.343695
14.462523 1.342967
14.387181 1.342051
14.387181 1.342051
14.387712 1.342057
14.345335 1.341542
14.243705 1.340306
14.108360 1.338661
14.118286 1.338781
14.126076 1.338876
14.151485 1.339185
14.194434 1.339707
14.247784 1.340356
14.481104 1.343192
14.485634 1.343248
14.487147 1.343266
14.226845 1.340101
14.250211 1.340385
14.287643 1.340840
14.284195 1.340798
14.040396 1.337834
14.140816 1.339055
13.888496 1.335988
13.781077 1.334682
13.845576 1.335466
13.839175 1.335388
13.153785 1.327055
13.158301 1.327110
13.157108 1.327096
13.259167 1.328337
13.253177 1.328264
13.285001 1.328651
13.285001 1.328651
13.280806 1.328600
13.280806 1.328600
13.288013 1.328687
13.286856 1.328673
13.287017 1.328675
13.303129 1.328871
13.257075 1.328311
13.337877 1.329293
13.479557 1.331016
13.371647 1.329704
13.338744 1.329304
13.321647 1.329096
13.436332 1.330490
13.486683 1.331103
13.572667 1.332148
13.555678 1.331941
13.568066 1.332092
14.799066 1.347058
14.821001 1.347325
14.849774 1.347675
14.833102 1.347472
14.822133 1.347339
14.819036 1.347301
14.572985 1.344309
14.441266 1.342708
14.444582 1.342748
14.409129 1.342317
13.801059 1.334925
13.760784 1.334435
13.208990 1.327726
13.185108 1.327436
13.252882 1.328260
13.281561 1.328609
13.193867 1.327543
13.171542 1.327271
13.159781 1.327128
13.276827 1.328551
13.276827 1.328551
13.234283 1.328034
13.262412 1.328376
13.309944 1.328954
13.382343 1.329834
13.377715 1.329778
13.373308 1.329724
13.279568 1.328585
13.410278 1.330174
13.411134 1.330184
13.342166 1.329346
13.342301 1.329347
13.459876 1.330777
13.481993 1.331046
13.472013 1.330924
13.186902 1.327458
13.179154 1.327364
13.172901 1.327288
13.162955 1.327167
13.176000 1.327325
13.166514 1.327210
13.120980 1.326657
13.389879 1.329926
13.451354 1.330673
13.397950 1.330024
13.420312 1.330296
13.412366 1.330199
13.405962 1.330121
13.391636 1.329947
13.443272 1.330575
13.444475 1.330589
13.381703 1.329826
13.055066 1.325855
13.064997 1.325976
12.948679 1.324562
12.923707 1.324258
12.943085 1.324494
12.945322 1.324521
12.619321 1.320558
12.626812 1.320649
12.668874 1.321160
12.511461 1.319246
12.456755 1.318581
12.398127 1.317868
12.341188 1.317176
12.285917 1.316504
12.335933 1.317112
12.353330 1.317324
12.378000 1.317624
12.675221 1.321237
12.664196 1.321103
12.628428 1.320668
12.633945 1.320735
12.636995 1.320772
12.682105 1.321321
12.834644 1.323175
12.835992 1.323192
12.839326 1.323232
12.794221 1.322684
12.791370 1.322649
12.676324 1.321251
12.577211 1.320046
12.574070 1.320007
12.528077 1.319448
12.625012 1.320627
12.637709 1.320781
12.644745 1.320867
12.696569 1.321497
12.783355 1.322552
12.831341 1.323135
12.836307 1.323196
12.913282 1.324131
12.913282 1.324131
12.962985 1.324736
12.586661 1.320160
12.609479 1.320438
12.503053 1.319144
12.482762 1.318897
12.482762 1.318897
12.526656 1.319431
12.532909 1.319507
12.503297 1.319147
12.443780 1.318423
12.443780 1.318423
12.471526 1.318761
12.673279 1.321213
12.673279 1.321213
12.673279 1.321213
12.545602 1.319661
12.939834 1.324454
12.944913 1.324516
12.983479 1.324985
12.983479 1.324985
12.874741 1.323663
12.904221 1.324021
12.935783 1.324405
12.899052 1.323958
12.888008 1.323824
12.890309 1.323852
12.958118 1.324676
12.896802 1.323931
12.909965 1.324091
12.828813 1.323104
12.828106 1.323096
12.826845 1.323081
12.848869 1.323348
12.881437 1.323744
12.881830 1.323749
12.882425 1.323756
12.889073 1.323837
12.889073 1.323837
12.643456 1.320851
12.643456 1.320851
12.604528 1.320378
12.437088 1.318342
12.444261 1.318429
13.135702 1.326835
13.137090 1.326852
12.952779 1.324612
12.957473 1.324669
13.310669 1.328963
13.266670 1.328428
13.266137 1.328421
13.273492 1.328511
13.234681 1.328039
13.352845 1.329475
13.352845 1.329475
13.368101 1.329661
13.370805 1.329694
13.387892 1.329902
13.388274 1.329906
13.388766 1.329912
13.387317 1.329895
13.312559 1.328986
13.150300 1.327013
13.394638 1.329984
13.485595 1.331089
13.492815 1.331177
13.499029 1.331253
13.495203 1.331206
13.595565 1.332426
13.570665 1.332124
13.569813 1.332113
13.469779 1.330897
13.496248 1.331219
13.283433 1.328632
13.160752 1.327140
13.163758 1.327177
13.136719 1.326848
13.143892 1.326935
13.113409 1.326564
13.109679 1.326519
13.183301 1.327414
13.217032 1.327824
13.211039 1.327751
13.221337 1.327877
13.221337 1.327877
13.224998 1.327921
13.222984 1.327897
13.132127 1.326792
13.224655 1.327917
13.259314 1.328338
13.241061 1.328116
13.040905 1.325683
13.040883 1.325683
12.987293 1.325031
12.962461 1.324729
12.921987 1.324237
12.918168 1.324191
12.918168 1.324191
12.918168 1.324191
12.918445 1.324194
12.979017 1.324931
12.973315 1.324861
12.878159 1.323704
12.806793 1.322837
12.921355 1.324230
12.916770 1.324174
12.887194 1.323814
13.636572 1.332925
13.691971 1.333598
13.690376 1.333579
13.671392 1.333348
13.704769 1.333754
13.704769 1.333754
13.651489 1.333106
13.553026 1.331909
13.576592 1.332196
13.567771 1.332088
13.589838 1.332357
13.547451 1.331841
13.554192 1.331923
13.554192 1.331923
13.361620 1.329582
14.933545 1.348693
15.155777 1.351395
15.115231 1.350902
13.706720 1.333778
13.708597 1.333801
13.708597 1.333801
13.741729 1.334203
13.773234 1.334586
13.773234 1.334586
13.773908 1.334595
13.786381 1.334746
13.849074 1.335508
13.975599 1.337047
14.015454 1.337531
14.024840 1.337645
14.578607 1.344378
14.573348 1.344314
14.575422 1.344339
14.556651 1.344111
14.590446 1.344522
14.590446 1.344522
14.590097 1.344518
14.590097 1.344518
14.600357 1.344642
14.615711 1.344829
14.598091 1.344615
14.527028 1.343751
14.527028 1.343751
14.527028 1.343751
14.544314 1.343961
14.538114 1.343886
14.534812 1.343845
14.537557 1.343879
14.537557 1.343879
14.545898 1.343980
14.429902 1.342570
14.882824 1.348076
14.909061 1.348395
15.365800 1.353948
15.365800 1.353948
15.639520 1.357276
15.639520 1.357276
15.732914 1.358412
15.300748 1.353157
15.301245 1.353163
15.297745 1.353121
15.281691 1.352926
15.399515 1.354358
15.141148 1.351217
15.554113 1.356238
15.554034 1.356237
15.563281 1.356349
15.562469 1.356339
15.542788 1.356100
15.564067 1.356359
15.457644 1.355065
15.468596 1.355198
15.469670 1.355211
14.565002 1.344212
14.548469 1.344011
14.580666 1.344403
14.550567 1.344037
14.631266 1.345018
14.575052 1.344335
14.572255 1.344301
14.491696 1.343321
14.599498 1.344632
14.904616 1.348341
14.894725 1.348221
15.200191 1.351935
15.383345 1.354162
14.879311 1.348034
14.868965 1.347908
15.341338 1.353651
15.370936 1.354011
15.353578 1.353800
15.564255 1.356361
15.640220 1.357285
15.642936 1.357318
15.642936 1.357318
15.695631 1.357958
15.694048 1.357939
15.681500 1.357786
15.661138 1.357539
15.658675 1.357509
15.654529 1.357459
15.672923 1.357682
16.039038 1.362133
15.957752 1.361145
15.693328 1.357930
15.693328 1.357930
15.692206 1.357917
15.838489 1.359695
15.831692 1.359612
15.844967 1.359774
15.795078 1.359167
15.730959 1.358388
15.720238 1.358257
15.633430 1.357202
15.634407 1.357214
15.654499 1.357458
15.291720 1.353048
15.275075 1.352845
15.284167 1.352956
15.245413 1.352485
15.237011 1.352383
15.214370 1.352107
15.214370 1.352107
15.172469 1.351598
15.340576 1.353642
15.718335 1.358234
15.769114 1.358852
15.787936 1.359080
15.786557 1.359064
15.786557 1.359064
15.784934 1.359044
15.801141 1.359241
16.071835 1.362532
16.372509 1.366188
16.372509 1.366188
16.328907 1.365657
16.286976 1.365148
16.104371 1.362928
15.093271 1.350635
14.861105 1.347812
14.686195 1.345686
14.700265 1.345857
14.827754 1.347407
14.827754 1.347407
14.827003 1.347398
14.856120 1.347752
14.851636 1.347697
14.844180 1.347607
14.822406 1.347342
14.820536 1.347319
14.910616 1.348414
15.055534 1.350176
15.049971 1.350109
15.059407 1.350223
15.080084 1.350475
15.081843 1.350496
14.983722 1.349303
14.804956 1.347130
14.806068 1.347143
14.712818 1.346010
14.975724 1.349206
14.708845 1.345961
14.707169 1.345941
14.553939 1.344078
14.553939 1.344078
14.504902 1.343482
14.499193 1.343412
14.519956 1.343665
14.506194 1.343497
14.473012 1.343094
14.639843 1.345122
14.650326 1.345250
15.186981 1.351774
15.186472 1.351768
15.176116 1.351642
15.153190 1.351363
15.146299 1.351280
15.083579 1.350517
15.086823 1.350557
15.135665 1.351150
14.624649 1.344938
14.654205 1.345297
14.423867 1.342497
14.457238 1.342902
14.172790 1.339444
14.171508 1.339428
14.171567 1.339429
14.139819 1.339043
14.146820 1.339128
14.146358 1.339123
14.151902 1.339190
14.696336 1.345809
14.804727 1.347127
14.795329 1.347013
14.928512 1.348632
15.063159 1.350269
15.017408 1.349713
15.017973 1.349720
15.163921 1.351494
15.160673 1.351454
15.267526 1.352753
15.267526 1.352753
15.214676 1.352111
15.158574 1.351429
14.858385 1.347779
14.706352 1.345931
14.654835 1.345305
14.657230 1.345334
14.663357 1.345408
14.067104 1.338159
14.114310 1.338733
14.111178 1.338695
14.086808 1.338399
14.028344 1.337688
14.111959 1.338704
14.101101 1.338572
14.138994 1.339033
14.064572 1.338128
14.056325 1.338028
14.061987 1.338097
14.193842 1.339700
14.336509 1.341434
14.337045 1.341441
14.337045 1.341441
14.313736 1.341158
14.261892 1.340527
14.254314 1.340435
14.256193 1.340458
14.138490 1.339027
14.514186 1.343595
14.508468 1.343525
14.520605 1.343673
14.484859 1.343238
14.435885 1.342643
14.397063 1.342171
14.333745 1.341401
13.863128 1.335679
13.916595 1.336329
13.952165 1.336762
14.108703 1.338665
14.145951 1.339118
14.147138 1.339132
13.582211 1.332264
13.600934 1.332492
13.476211 1.330975
13.471207 1.330914
13.471207 1.330914
13.475144 1.330962
13.476103 1.330974
13.478013 1.330997
13.486960 1.331106
13.486960 1.331106
13.432684 1.330446
13.419019 1.330280
13.639637 1.332962
13.750679 1.334312
13.923801 1.336417
14.046016 1.337903
14.087656 1.338409
14.085216 1.338379
14.095068 1.338499
14.101475 1.338577
14.117373 1.338770
14.118741 1.338787
14.083680 1.338361
13.750117 1.334305
13.756695 1.334385
13.751589 1.334323
13.752655 1.334336
13.747866 1.334278
13.740706 1.334191
13.710398 1.333822
13.709455 1.333811
13.702900 1.333731
13.704193 1.333747
13.702754 1.333730
13.698383 1.333676
13.698383 1.333676
13.692697 1.333607
13.734803 1.334119
13.731415 1.334078
13.704541 1.333751
13.699653 1.333692
13.740836 1.334193
13.422469 1.330322
13.430408 1.330418
13.514142 1.331436
13.413123 1.330208
13.425472 1.330358
13.422571 1.330323
13.422571 1.330323
13.400014 1.330049
13.451573 1.330676
13.442942 1.330571
13.650586 1.333095
13.616953 1.332686
13.619613 1.332719
13.743883 1.334230
13.754741 1.334362
13.650331 1.333092
13.653114 1.333126
13.637498 1.332936
13.626251 1.332799
13.412947 1.330206
13.382492 1.329836
13.424022 1.330341
13.424022 1.330341
13.423382 1.330333
13.423382 1.330333
13.423442 1.330334
13.302470 1.328863
13.460039 1.330779
13.454748 1.330714
13.473618 1.330944
13.121827 1.326667
13.174642 1.327309
13.095041 1.326341
13.073199 1.326076
12.882455 1.323757
13.604780 1.332538
13.604780 1.332538
13.306997 1.328918
13.044071 1.325721
13.042971 1.325708
12.990565 1.325071
13.049616 1.325789
13.007821 1.325281
12.926308 1.324290
12.928665 1.324318
13.326266 1.329152
13.075528 1.326104
13.109942 1.326522
13.107521 1.326493
13.108161 1.326501
13.262117 1.328372
13.232722 1.328015
13.230781 1.327991
13.114588 1.326579
13.111530 1.326542
12.989692 1.325060
12.959895 1.324698
12.947032 1.324542
12.947685 1.324550
12.954466 1.324632
12.955537 1.324645
12.785718 1.322580
12.754708 1.322203
12.753676 1.322191
12.810911 1.322887
12.808860 1.322862
12.751485 1.322164
12.983050 1.324980
12.969707 1.324817
12.962914 1.324735
12.952141 1.324604
12.984378 1.324996
12.944805 1.324515
13.104126 1.326452
12.822719 1.323030
12.834409 1.323172
12.838581 1.323223
12.798354 1.322734
12.798468 1.322736
12.787502 1.322602
12.744440 1.322079
13.253254 1.328265
13.253254 1.328265
12.980072 1.324943
12.980072 1.324943
12.934848 1.324394
12.927325 1.324302
12.909441 1.324085
12.910525 1.324098
12.920736 1.324222
12.960702 1.324708
12.914104 1.324141
12.920990 1.324225
13.094947 1.326340
13.162337 1.327159
13.144049 1.326937
13.103029 1.326438
13.093915 1.326327
13.153028 1.327046
13.182753 1.327408
13.359475 1.329556
13.335641 1.329266
13.199747 1.327614
13.202807 1.327651
13.817446 1.335124
13.834446 1.335331
13.856937 1.335604
13.772511 1.334578
13.874965 1.335823
13.877574 1.335855
13.873340 1.335803
13.879091 1.335873
13.891966 1.336030
14.103973 1.338607
14.103973 1.338607
14.119610 1.338798
14.076257 1.338270
14.076257 1.338270
14.049304 1.337943
14.038385 1.337810
13.523532 1.331551
13.522140 1.331534
13.529079 1.331618
13.532544 1.331660
13.496610 1.331223
13.500415 1.331270
13.532109 1.331655
13.523344 1.331548
13.519860 1.331506
13.519860 1.331506
13.541726 1.331772
13.537809 1.331724
13.510381 1.331391
13.362996 1.329599
13.362996 1.329599
13.299305 1.328825
13.363771 1.329608
13.366077 1.329636
13.439008 1.330523
13.439008 1.330523
13.381436 1.329823
13.384222 1.329857
13.394584 1.329983
13.375821 1.329755
13.361016 1.329575
13.365219 1.329626
13.378433 1.329787
13.355702 1.329510
13.371023 1.329696
13.371937 1.329708
13.367482 1.329653
13.216374 1.327816
13.191819 1.327518
13.127698 1.326738
13.023950 1.325477
13.022063 1.325454
13.189524 1.327490
13.192479 1.327526
13.187382 1.327464
13.185473 1.327441
13.291712 1.328732
13.245403 1.328169
12.921718 1.324234
12.943969 1.324504
12.925766 1.324283
12.922147 1.324239
12.922147 1.324239
12.900855 1.323980
12.885744 1.323797
12.890361 1.323853
12.891351 1.323865
12.901446 1.323987
12.966606 1.324780
12.966852 1.324783
13.087367 1.326248
13.095931 1.326352
13.093068 1.326317
13.093068 1.326317
13.055335 1.325858
12.745957 1.322097
12.745957 1.322097
12.726926 1.321866
12.726926 1.321866
12.767015 1.322353
12.764846 1.322327
13.038384 1.325652
13.040395 1.325677
13.005539 1.325253
13.005539 1.325253
13.026172 1.325504
13.023227 1.325468
13.029613 1.325546
13.008397 1.325288
12.828419 1.323100
12.824124 1.323047
12.824124 1.323047
12.741899 1.322048
12.809860 1.322874
12.899891 1.323969
12.937376 1.324424
12.466509 1.318700
12.505675 1.319176
12.754696 1.322203
12.754541 1.322201
12.756954 1.322231
12.755593 1.322214
13.012338 1.325336
12.968944 1.324808
12.983413 1.324984
13.130694 1.326775
13.130694 1.326775
13.216180 1.327814
13.218455 1.327842
13.288759 1.328696
13.258657 1.328330
13.286460 1.328668
13.478155 1.330999
13.485097 1.331083
13.395422 1.329993
13.389643 1.329923
13.437155 1.330500
13.432788 1.330447
13.463281 1.330818
13.464637 1.330835
13.764770 1.334483
13.988857 1.337208
13.879617 1.335880
13.956522 1.336815
13.944246 1.336665
13.741700 1.334203
13.765796 1.334496
13.762591 1.334457
13.755578 1.334372
13.726584 1.334019
13.736064 1.334134
13.736064 1.334134
13.738734 1.334167
14.044450 1.337884
13.347760 1.329414
13.715255 1.333882
13.721282 1.333955
13.953686 1.336780
13.939681 1.336610
13.934383 1.336546
13.547584 1.331843
13.554386 1.331926
13.630125 1.332847
13.636448 1.332923
13.636448 1.332923
13.625987 1.332796
13.901206 1.336142
13.698603 1.333679
13.732609 1.334092
13.724483 1.333994
14.293360 1.340910
14.293360 1.340910
14.280872 1.340758
14.225329 1.340083
14.158042 1.339265
14.014805 1.337523
14.047824 1.337925
14.047824 1.337925
14.048350 1.337931
13.849530 1.335514
13.848459 1.335501
13.666516 1.333289
13.666516 1.333289
13.661704 1.333230
13.649214 1.333079
13.649214 1.333079
13.696760 1.333657
13.538340 1.331731
13.527742 1.331602
13.698861 1.333682
13.792687 1.334823
13.584071 1.332287
13.587655 1.332330
13.563202 1.332033
13.569235 1.332106
13.337678 1.329291
13.337678 1.329291
13.337678 1.329291
13.334217 1.329249
13.327730 1.329170
13.400658 1.330057
13.400658 1.330057
13.381661 1.329826
13.356807 1.329524
13.356803 1.329524
13.517324 1.331475
13.534752 1.331687
13.420229 1.330295
13.419687 1.330288
13.370589 1.329691
13.739811 1.334180
13.452343 1.330685
13.323996 1.329125
13.280111 1.328591
13.279785 1.328587
13.254199 1.328276
13.189661 1.327491
13.190475 1.327501
13.281323 1.328606
13.283570 1.328633
13.383278 1.329845
13.384300 1.329858
13.366553 1.329642
13.368087 1.329661
13.367886 1.329658
13.375380 1.329749
13.284921 1.328650
13.301363 1.328850
13.322246 1.329103
13.322825 1.329110
13.341422 1.329337
13.311470 1.328972
13.328747 1.329182
13.578508 1.332219
13.579289 1.332228
13.430771 1.330423
13.394638 1.329984
13.369053 1.329672
13.295969 1.328784
13.258246 1.328325
13.262098 1.328372
13.304009 1.328882
13.303646 1.328877
12.839681 1.323237
12.865709 1.323553
12.873028 1.323642
12.874088 1.323655
12.874088 1.323655
12.888613 1.323831
12.884420 1.323780
12.877153 1.323692
12.858614 1.323467
12.681286 1.321311
12.683991 1.321344
12.630674 1.320696
12.637833 1.320783
12.803425 1.322796
12.693762 1.321463
12.704528 1.321593
12.545232 1.319657
12.551977 1.319739
12.535831 1.319542
12.456836 1.318582
12.441743 1.318399
12.426330 1.318211
12.443851 1.318424
12.483874 1.318911
12.482146 1.318890
12.466669 1.318702
12.336041 1.317113
11.855713 1.311274
11.855180 1.311267
11.855180 1.311267
11.844768 1.311141
11.844768 1.311141
11.842885 1.311118
11.717589 1.309595
11.648066 1.308749
11.634504 1.308584
11.632688 1.308562
11.766335 1.310187
11.824997 1.310900
11.813485 1.310760
11.815772 1.310788
11.837919 1.311057
11.955676 1.312489
11.841005 1.311095
11.800049 1.310597
11.754120 1.310039
11.716657 1.309583
11.706836 1.309464
11.719274 1.309615
11.749956 1.309988
11.922680 1.312088
11.917548 1.312026
11.894750 1.311748
11.924758 1.312113
11.916007 1.312007
11.916007 1.312007
12.004550 1.313083
12.105924 1.314316
12.100716 1.314252
12.211746 1.315602
12.222575 1.315734
12.227105 1.315789
12.312610 1.316829
12.262791 1.316223
12.264224 1.316240
12.271216 1.316325
11.925085 1.312117
12.226210 1.315778
12.300024 1.316676
12.252977 1.316104
12.333929 1.317088
12.334035 1.317089
12.207012 1.315545
12.229503 1.315818
12.267952 1.316286
12.243882 1.315993
12.247108 1.316032
12.238459 1.315927
12.243858 1.315993
12.148783 1.314837
11.811945 1.310742
11.815918 1.310790
11.813129 1.310756
11.811088 1.310731
11.848251 1.311183
11.773405 1.310273
12.058127 1.313735
12.061135 1.313771
12.066051 1.313831
12.142110 1.314756
12.224266 1.315755
12.147244 1.314818
11.740433 1.309872
11.755636 1.310057
11.757023 1.310074
11.673996 1.309065
11.840561 1.311090
11.843844 1.311130
11.367018 1.305332
11.365783 1.305317
11.348780 1.305111
11.151151 1.302708
11.244074 1.303838
11.312399 1.304668
11.311779 1.304661
11.421138 1.305990
11.427725 1.306070
11.427206 1.306064
11.416448 1.305933
11.410943 1.305866
11.711636 1.309522
11.675465 1.309082
11.780982 1.310365
11.589837 1.308041
11.575925 1.307872
11.880466 1.311575
11.880560 1.311576
11.891477 1.311709
11.915385 1.311999
12.017954 1.313246
12.145389 1.314796
12.075661 1.313948
12.083780 1.314047
12.101383 1.314261
12.018068 1.313248
12.022717 1.313304
12.033069 1.313430
12.057115 1.313722
12.573372 1.319999
12.594908 1.320261
12.581277 1.320095
12.803918 1.322802
12.800408 1.322759
12.566938 1.319921
12.584522 1.320134
12.487580 1.318956
12.277018 1.316396
12.874472 1.323660
12.853761 1.323408
12.862653 1.323516
12.917168 1.324179
12.922438 1.324243
13.035873 1.325622
12.937354 1.324424
13.006618 1.325266
12.513737 1.319274
12.267003 1.316274
11.680381 1.309142
11.606822 1.308248
11.503701 1.306994
11.563661 1.307723
11.618580 1.308391
11.616918 1.308371
11.619040 1.308396
11.619561 1.308403
11.631811 1.308552
11.658090 1.308871
11.658090 1.308871
11.746831 1.309950
11.754979 1.310049
11.770763 1.310241
11.599444 1.308158
11.763825 1.310157
11.636961 1.308614
11.637347 1.308619
11.440834 1.306230
11.446860 1.306303
11.652754 1.308806
11.676348 1.309093
11.675438 1.309082
11.656125 1.308847
11.645789 1.308722
11.643047 1.308688
11.696684 1.309340
11.793420 1.310516
11.789419 1.310468
11.789705 1.310471
11.814741 1.310776
11.925040 1.312117
11.878970 1.311557
11.832346 1.310990
11.805249 1.310660
11.798073 1.310573
11.795288 1.310539
11.732327 1.309774
11.732327 1.309774
11.995830 1.312977
12.169247 1.315086
12.168324 1.315074
12.650232 1.320933
12.683802 1.321341
12.553267 1.319754
12.553267 1.319754
12.541382 1.319610
12.541132 1.319607
12.529512 1.319466
12.407834 1.317986
12.588880 1.320187
12.602291 1.320350
12.591768 1.320223
12.529596 1.319467
12.532529 1.319502
12.532171 1.319498
12.442536 1.318408
12.597000 1.320286
12.593689 1.320246
12.635133 1.320750
12.847789 1.323335
12.855261 1.323426
12.858268 1.323463
12.826980 1.323082
12.936418 1.324413
12.802237 1.322781
12.695883 1.321488
12.747192 1.322112
12.743597 1.322068
12.740516 1.322031
12.747473 1.322116
12.798278 1.322733
12.597529 1.320293
12.524179 1.319401
12.497209 1.319073
12.725750 1.321851
12.783730 1.322556
12.783730 1.322556
12.783730 1.322556
12.884636 1.323783
12.882492 1.323757
13.598217 1.332459
13.556489 1.331951
13.526778 1.331590
13.524638 1.331564
13.517796 1.331481
13.914329 1.336302
13.820516 1.335161
13.778705 1.334653
13.768214 1.334525
13.738623 1.334166
13.737223 1.334149
13.768606 1.334530
13.768916 1.334534
13.769401 1.334540
13.884412 1.335938
13.884412 1.335938
13.872550 1.335794
13.872413 1.335792
13.879331 1.335876
13.882611 1.335916
13.847970 1.335495
13.878461 1.335866
13.541300 1.331767
13.545538 1.331818
13.544740 1.331808
13.499859 1.331263
13.375390 1.329750
13.220939 1.327872
13.176676 1.327334
13.179323 1.327366
13.129254 1.326757
13.127957 1.326741
13.129002 1.326754
13.128794 1.326752
13.126971 1.326729
13.146078 1.326962
13.155590 1.327077
13.104861 1.326461
13.100721 1.326410
13.097627 1.326373
13.465075 1.330840
13.376742 1.329766
13.378863 1.329792
13.378863 1.329792
13.407121 1.330135
13.407008 1.330134
13.437531 1.330505
13.496747 1.331225
13.488964 1.331130
13.481672 1.331042
13.497445 1.331233
13.517422 1.331476
13.517422 1.331476
13.565480 1.332061
13.565480 1.332061
13.573203 1.332154
13.364141 1.329613
13.369287 1.329675
13.373342 1.329725
13.358591 1.329545
13.359883 1.329561
13.331382 1.329214
13.280168 1.328592
13.324117 1.329126
13.325434 1.329142
13.311538 1.328973
13.337575 1.329290
13.367047 1.329648
13.431563 1.330432
13.490202 1.331145
13.511480 1.331404
13.534417 1.331683
13.452786 1.330690
13.394118 1.329977
13.395418 1.329993
12.437539 1.318347
12.613628 1.320488
12.606960 1.320407
12.604541 1.320378
12.580234 1.320082
12.305637 1.316744
12.326531 1.316998
12.275930 1.316383
11.921348 1.312072
11.921390 1.312072
12.076628 1.313960
12.087270 1.314089
12.088644 1.314106
12.555449 1.319781
12.554296 1.319767
12.574983 1.320018
12.687389 1.321385
12.676020 1.321247
12.776255 1.322465
12.946107 1.324530
12.948030 1.324554
13.430732 1.330422
13.407806 1.330144
13.866307 1.335718
13.359224 1.329553
13.339853 1.329317
13.339853 1.329317
13.365053 1.329624
13.484020 1.331070
13.512270 1.331414
13.512270 1.331414
13.556112 1.331947
13.555432 1.331938
13.274224 1.328520
12.861538 1.323502
12.863485 1.323526
12.821131 1.323011
12.823847 1.323044
12.751064 1.322159
12.762345 1.322296
12.774525 1.322444
12.774525 1.322444
12.761385 1.322285
12.753913 1.322194
12.719454 1.321775
13.097747 1.326374
13.103420 1.326443
13.106452 1.326480
13.096128 1.326354
13.115480 1.326590
13.119097 1.326634
13.104263 1.326453
12.887889 1.323823
12.827124 1.323084
12.848562 1.323345
12.796200 1.322708
12.760113 1.322269
12.748491 1.322128
12.731440 1.321921
12.735959 1.321976
12.761026 1.322280
12.777904 1.322485
12.826939 1.323082
12.904544 1.324025
12.904175 1.324021
12.903174 1.324008
12.961899 1.324722
13.052326 1.325822
12.975338 1.324886
13.242158 1.328130
13.318936 1.329063
13.432906 1.330449
13.348977 1.329428
13.197343 1.327585
13.120131 1.326646
13.130827 1.326776
13.122200 1.326671
13.122295 1.326672
13.121074 1.326658
13.051543 1.325812
13.039915 1.325671
12.972987 1.324857
12.819731 1.322994
12.846092 1.323314
12.839019 1.323229
12.813616 1.322920
12.772398 1.322419
12.436354 1.318333
12.114027 1.314414
11.943319 1.312339
11.943319 1.312339
11.917319 1.312023
11.961339 1.312558
11.982206 1.312812
11.905866 1.311884
11.939252 1.312289
11.920452 1.312061
11.901269 1.311828
11.821554 1.310859
11.792546 1.310506
12.001898 1.313051
12.014177 1.313200
12.265772 1.316259
12.329909 1.317039
12.334858 1.317099
12.357852 1.317379
12.392176 1.317796
12.398925 1.317878
12.399790 1.317889
12.379425 1.317641
12.329056 1.317029
12.334332 1.317093
12.377748 1.317621
12.391068 1.317782
12.335197 1.317103
12.710896 1.321671
12.712944 1.321696
12.716704 1.321741
11.882736 1.311602
11.962921 1.312577
11.963193 1.312581
12.386934 1.317732
12.492207 1.319012
12.350680 1.317291
12.350680 1.317291
12.349808 1.317281
12.300972 1.316687
12.492402 1.319014
12.512510 1.319259
12.443298 1.318417
12.267721 1.316283
12.207719 1.315553
12.039071 1.313503
11.853938 1.311252
11.834241 1.311013
11.823260 1.310879
11.863603 1.311370
11.863603 1.311370
11.864170 1.311377
11.846009 1.311156
11.711466 1.309520
11.748560 1.309971
11.262608 1.304063
11.459252 1.306454
11.547113 1.307522
11.536579 1.307394
11.307703 1.304611
11.316686 1.304720
11.922751 1.312089
12.007420 1.313118
11.994186 1.312957
12.281290 1.316448
12.324514 1.316973
12.314323 1.316849
12.296621 1.316634
12.296245 1.316630
12.296656 1.316635
12.234782 1.315882
12.176928 1.315179
11.777024 1.310317
11.479619 1.306701
11.430767 1.306107
11.299581 1.304513
11.337110 1.304969
11.330355 1.304887
11.329882 1.304881
11.329879 1.304881
11.289624 1.304391
11.293109 1.304434
11.339892 1.305003
11.302409 1.304547
11.360704 1.305256
11.704585 1.309436
11.770182 1.310234
11.794425 1.310529
11.794425 1.310529
11.839879 1.311081
11.839996 1.311083
12.321995 1.316943
12.208477 1.315563
12.260095 1.316190
12.233234 1.315864
12.246333 1.316023
12.275312 1.316375
12.251361 1.316084
12.216931 1.315665
12.228288 1.315803
12.249689 1.316064
12.267050 1.316275
12.332907 1.317075
12.197736 1.315432
12.218473 1.315684
12.338784 1.317147
12.401475 1.317909
12.500827 1.319117
12.495853 1.319056
12.524193 1.319401
12.575455 1.320024
12.565632 1.319905
12.613578 1.320488
12.696298 1.321493
12.751589 1.322166
12.820951 1.323009
12.469062 1.318731
12.632052 1.320712
12.727280 1.321870
12.627554 1.320658
12.627554 1.320658
12.627554 1.320658
12.627554 1.320658
12.688678 1.321401
12.754711 1.322204
12.855793 1.323432
12.828038 1.323095
12.831010 1.323131
12.822980 1.323034
12.825079 1.323059
12.722043 1.321806
12.748596 1.322129
12.741529 1.322043
12.742875 1.322060
12.552443 1.319744
12.486489 1.318943
12.278951 1.316419
12.159322 1.314965
12.099531 1.314238
12.121859 1.314510
12.118047 1.314463
12.153684 1.314896
11.932270 1.312205
11.932270 1.312205
11.938417 1.312279
11.939356 1.312291
12.146500 1.314809
12.146500 1.314809
12.146095 1.314804
12.053562 1.313679
12.012797 1.313184
11.995667 1.312975
11.963527 1.312585
11.967277 1.312630
11.967324 1.312631
11.959049 1.312530
11.962017 1.312566
12.037428 1.313483
12.060840 1.313768
12.126129 1.314561
12.142872 1.314765
12.137473 1.314699
12.141166 1.314744
12.065110 1.313820
11.953250 1.312460
12.001160 1.313042
12.012742 1.313183
12.034755 1.313451
12.209911 1.315580
12.209894 1.315580
12.158019 1.314949
12.416495 1.318092
12.274020 1.316359
12.273334 1.316351
12.331317 1.317056
12.348229 1.317262
12.340761 1.317171
12.614681 1.320501
12.615166 1.320507
12.549337 1.319707
12.539668 1.319589
12.494080 1.319035
12.453662 1.318543
12.453662 1.318543
12.464591 1.318676
12.438676 1.318361
12.418783 1.318119
12.179502 1.315210
12.297735 1.316648
12.302008 1.316700
12.285375 1.316497
12.223502 1.315745
12.342145 1.317188
12.276841 1.316394
12.468091 1.318719
12.500660 1.319115
12.484091 1.318913
12.121348 1.314503
12.121399 1.314504
12.324993 1.316979
12.320052 1.316919
12.324428 1.316972
12.365699 1.317474
12.291831 1.316576
12.005979 1.313101
12.078388 1.313981
12.082412 1.314030
12.100996 1.314256
12.109390 1.314358
12.045996 1.313587
12.072537 1.313910
12.086366 1.314078
11.893142 1.311729
11.871154 1.311462
11.823042 1.310877
12.162766 1.315007
12.133430 1.314650
12.192820 1.315372
12.183678 1.315261
12.185960 1.315289
12.092569 1.314153
12.086248 1.314077
12.154762 1.314910
12.153349 1.314892
12.135912 1.314680
11.998653 1.313012
11.974869 1.312722
11.980402 1.312790
11.934554 1.312232
12.000463 1.313034
11.999749 1.313025
12.000813 1.313038
12.000350 1.313032
11.967335 1.312631
12.150338 1.314856
12.315150 1.316859
12.313343 1.316838
12.372812 1.317561
12.423397 1.318176
12.415704 1.318082
11.621260 1.308423
11.517452 1.307161
11.507000 1.307034
11.535377 1.307379
12.151098 1.314865
12.139079 1.314719
12.050170 1.313638
11.981721 1.312806
11.946592 1.312379
11.946592 1.312379
11.948283 1.312399
11.949187 1.312410
11.954193 1.312471
11.956063 1.312494
12.111828 1.314388
12.263901 1.316236
12.239161 1.315936
12.109214 1.314356
12.289064 1.316542
12.288055 1.316530
12.171524 1.315113
12.198207 1.315438
12.190032 1.315338
12.281867 1.316455
12.249451 1.316061
12.096043 1.314196
12.153270 1.314891
12.065630 1.313826
12.041253 1.313530
12.048928 1.313623
12.069695 1.313875
12.069695 1.313875
12.138136 1.314707
12.138136 1.314707
12.103388 1.314285
12.133204 1.314647
12.090588 1.314129
12.090436 1.314127
12.457667 1.318592
12.483703 1.318909
12.439185 1.318367
12.426614 1.318215
12.717594 1.321752
12.714268 1.321712
12.714378 1.321713
12.714378 1.321713
12.690028 1.321417
12.692758 1.321450
12.656302 1.321007
12.671293 1.321189
12.634583 1.320743
12.513372 1.319269
12.501495 1.319125
12.394655 1.317826
12.377143 1.317613
12.353043 1.317320
12.560863 1.319847
12.576747 1.320040
12.625076 1.320627
12.681198 1.321310
12.715993 1.321733
12.761385 1.322285
12.544260 1.319645
12.688239 1.321395
12.608081 1.320421
12.645827 1.320880
12.624787 1.320624
13.219970 1.327860
13.193620 1.327540
13.193620 1.327540
13.193620 1.327540
13.196770 1.327578
13.196750 1.327578
13.227344 1.327950
13.666660 1.333291
13.724680 1.333996
12.710465 1.321666
12.483573 1.318907
12.493972 1.319034
12.614133 1.320494
12.622989 1.320602
12.591974 1.320225
12.521632 1.319370
12.496994 1.319070
13.036603 1.325631
13.036603 1.325631
12.995522 1.325131
13.045218 1.325735
13.041194 1.325686
13.251728 1.328246
13.189869 1.327494
13.122883 1.326680
13.125974 1.326717
13.128029 1.326742
13.136064 1.326840
13.300745 1.328842
13.281690 1.328610
13.308773 1.328940
13.255791 1.328295
13.233570 1.328025
13.240204 1.328106
13.237737 1.328076
13.559388 1.331987
13.562447 1.332024
13.057206 1.325881
12.672444 1.321203
12.701735 1.321559
12.701735 1.321559
13.061720 1.325936
13.240219 1.328106
13.290060 1.328712
13.744261 1.334234
13.832632 1.335309
13.649015 1.333076
13.680608 1.333460
13.647764 1.333061
13.375012 1.329745
13.255273 1.328289
13.268196 1.328446
13.250027 1.328225
13.248643 1.328209
13.190421 1.327501
13.417207 1.330258
13.421966 1.330316
13.421966 1.330316
13.724691 1.333996
13.723665 1.333984
13.737396 1.334151
13.719388 1.333932
13.063444 1.325957
12.824153 1.323048
12.815597 1.322944
12.816815 1.322959
12.710306 1.321664
12.710306 1.321664
12.715372 1.321725
12.715372 1.321725
12.786742 1.322593
12.441972 1.318401
12.293369 1.316595
12.293369 1.316595
12.307549 1.316767
12.331732 1.317061
12.393360 1.317810
11.741019 1.309879
11.787471 1.310444
11.857829 1.311300
12.512119 1.319254
12.516401 1.319306
12.599194 1.320313
12.444374 1.318431
13.022424 1.325458
13.059162 1.325905
13.097409 1.326370
13.055448 1.325860
13.118113 1.326622
13.215993 1.327812
13.151095 1.327023
13.129902 1.326765
13.099681 1.326398
13.037041 1.325636
13.046527 1.325751
13.038721 1.325656
13.036973 1.325635
12.999441 1.325179
12.998542 1.325168
12.987109 1.325029
12.985604 1.325011
12.580375 1.320084
12.582035 1.320104
12.575085 1.320020
12.417041 1.318098
12.397027 1.317855
12.425422 1.318200
12.459826 1.318618
12.790954 1.322644
12.797121 1.322719
12.871659 1.323625
12.838171 1.323218
12.841723 1.323261
13.190651 1.327504
13.222334 1.327889
13.179026 1.327362
13.183625 1.327418
13.126051 1.326718
12.945472 1.324523
12.943726 1.324502
12.921927 1.324236
12.912209 1.324118
12.894572 1.323904
13.093335 1.326320
13.085649 1.326227
13.128461 1.326747
13.162230 1.327158
13.178910 1.327361
13.155285 1.327074
13.203191 1.327656
13.082464 1.326188
13.136036 1.326840
12.724955 1.321842
12.696947 1.321501
12.961953 1.324723
12.971999 1.324845
12.988087 1.325041
12.988087 1.325041
12.980793 1.324952
12.923863 1.324260
12.882234 1.323754
12.897743 1.323942
12.886752 1.323809
12.659242 1.321043
12.694362 1.321470
12.706479 1.321617
12.707875 1.321634
12.631219 1.320702
12.678262 1.321274
12.680320 1.321299
12.634474 1.320742
12.648199 1.320909
12.682495 1.321326
12.674500 1.321228
12.667691 1.321146
12.678816 1.321281
12.571174 1.319972
12.571174 1.319972
12.564378 1.319890
