93.003229 3.968995
90.755306 3.921789
87.492348 3.853269
82.346232 3.745202
81.752978 3.732744
76.588157 3.624285
72.643806 3.541455
68.508993 3.454625
69.016070 3.465274
68.116751 3.446389
64.885964 3.378543
65.321616 3.387692
60.960060 3.296101
60.960060 3.296101
60.322216 3.282706
57.262072 3.218444
53.233810 3.133852
52.923821 3.127343
52.879073 3.126403
50.471887 3.075853
50.286293 3.071956
48.168100 3.027475
47.791658 3.019569
49.509749 3.055649
49.489378 3.055221
49.270894 3.050633
50.003944 3.066027
50.868362 3.084179
50.774911 3.082217
48.922218 3.043311
46.803672 2.998822
46.803672 2.998822
46.925805 3.001387
46.923746 3.001344
46.912971 3.001117
45.243045 2.966050
45.208557 2.965325
42.548689 2.909469
44.108944 2.942234
44.535329 2.951188
44.290346 2.946043
44.290346 2.946043
44.290346 2.946043
44.334994 2.946981
43.149338 2.922082
43.225738 2.923687
43.225738 2.923687
43.267362 2.924561
43.501113 2.929470
43.531855 2.930115
41.531304 2.888104
41.531304 2.888104
41.465367 2.886720
41.465367 2.886720
41.465367 2.886720
41.789240 2.893521
41.789240 2.893521
41.786335 2.893460
43.624151 2.932053
43.624151 2.932053
43.624151 2.932053
43.556235 2.930627
43.556235 2.930627
43.556235 2.930627
43.834817 2.936477
44.272094 2.945660
44.078603 2.941597
43.851169 2.936821
43.811390 2.935985
43.811390 2.935985
43.708128 2.933817
43.461441 2.928637
44.994483 2.960830
45.027568 2.961525
45.058079 2.962165
45.058079 2.962165
45.058079 2.962165
45.058079 2.962165
42.985820 2.918649
42.963623 2.918183
44.321604 2.946700
44.433595 2.949051
43.782776 2.935384
43.782776 2.935384
43.371747 2.926753
43.254867 2.924299
43.189944 2.922935
43.189944 2.922935
42.070425 2.899426
42.070425 2.899426
40.198595 2.860118
40.262780 2.861466
40.262780 2.861466
42.649380 2.911584
42.649380 2.911584
42.649380 2.911584
42.488149 2.908198
42.370400 2.905725
42.611509 2.910788
42.590926 2.910356
42.973130 2.918382
42.666911 2.911952
42.943246 2.917755
42.539297 2.909272
42.623891 2.911048
42.766539 2.914044
42.787828 2.914491
42.641288 2.911414
42.667428 2.911963
42.638281 2.911350
42.508165 2.908618
42.508165 2.908618
42.329288 2.904862
43.016903 2.919301
42.897612 2.916796
42.925988 2.917392
42.033300 2.898646
42.033300 2.898646
41.018316 2.877332
40.945697 2.875807
42.190737 2.901952
42.190737 2.901952
42.207475 2.902304
42.168542 2.901486
41.911945 2.896098
41.911945 2.896098
41.551848 2.888536
41.551848 2.888536
41.551848 2.888536
41.511176 2.887682
41.451989 2.886439
41.130034 2.879678
41.010687 2.877172
41.010687 2.877172
40.495906 2.866361
39.490057 2.845239
39.490987 2.845259
39.490987 2.845259
39.643775 2.848467
39.641634 2.848422
38.211874 2.818398
38.220827 2.818586
38.311053 2.820480
38.298488 2.820216
38.298488 2.820216
38.191836 2.817977
35.770987 2.767140
35.018692 2.751342
35.062156 2.752255
34.955841 2.750022
35.066890 2.752354
35.067899 2.752375
35.042463 2.751841
35.046095 2.751917
35.046095 2.751917
35.048079 2.751959
35.877005 2.769366
35.877005 2.769366
35.881874 2.769469
35.881874 2.769469
35.874692 2.769318
36.173438 2.775591
36.173438 2.775591
36.173438 2.775591
36.173438 2.775591
38.254680 2.819297
36.388135 2.780100
37.178622 2.796700
37.178622 2.796700
36.858647 2.789980
36.797519 2.788697
36.267734 2.777571
35.787305 2.767483
35.907249 2.770001
35.593770 2.763418
35.583380 2.763200
35.220879 2.755588
36.576289 2.784051
36.637082 2.785328
36.632507 2.785232
35.945803 2.770811
36.006906 2.772094
36.006906 2.772094
36.037943 2.772746
36.037943 2.772746
36.842317 2.789637
35.983129 2.771595
35.463164 2.760676
35.464670 2.760707
34.883375 2.748500
34.763927 2.745992
34.608423 2.742727
34.620928 2.742989
34.620928 2.742989
34.620928 2.742989
34.766976 2.746056
34.766976 2.746056
35.058031 2.752168
35.055390 2.752113
34.224669 2.734668
34.234209 2.734868
34.234209 2.734868
34.234209 2.734868
34.008407 2.730126
34.008407 2.730126
33.862026 2.727052
33.782261 2.725377
33.783556 2.725405
31.700120 2.681653
31.700120 2.681653
31.331801 2.673919
28.905185 2.622961
29.074660 2.626520
29.074660 2.626520
30.940783 2.665708
29.579172 2.637114
30.972834 2.666381
29.584841 2.637233
29.584841 2.637233
29.584841 2.637233
29.628539 2.638151
29.254866 2.630304
29.200471 2.629162
28.557213 2.615653
28.544816 2.615393
28.347924 2.611258
27.130684 2.585697
27.111405 2.585292
27.111405 2.585292
25.260079 2.546415
25.279229 2.546817
25.274990 2.546728
25.371548 2.548756
25.402309 2.549402
25.402309 2.549402
25.336312 2.548016
25.336312 2.548016
25.348232 2.548266
25.235050 2.545889
25.280708 2.546848
25.323243 2.547741
25.323243 2.547741
26.591389 2.574372
26.695385 2.576556
26.531848 2.573122
26.531848 2.573122
26.545895 2.573417
26.545895 2.573417
26.545895 2.573417
26.550157 2.573506
26.715258 2.576973
26.715258 2.576973
26.403781 2.570432
25.329887 2.547881
25.333029 2.547947
25.333029 2.547947
24.990282 2.540749
24.729173 2.535266
24.729173 2.535266
24.729173 2.535266
24.731336 2.535312
25.287211 2.546985
25.284301 2.546924
24.878160 2.538395
24.909648 2.539056
24.271942 2.525664
24.290541 2.526055
24.240531 2.525005
24.169537 2.523514
24.225300 2.524685
28.980350 2.624539
28.922004 2.623314
28.922004 2.623314
28.883913 2.622514
28.883913 2.622514
29.590232 2.637346
29.556960 2.636648
29.556960 2.636648
29.361226 2.632537
29.361226 2.632537
29.343626 2.632168
29.339127 2.632073
29.073404 2.626493
29.050548 2.626013
29.267349 2.630566
29.294153 2.631129
29.866009 2.643138
29.850630 2.642815
29.857354 2.642956
29.857354 2.642956
29.874207 2.643310
30.005287 2.646062
30.016977 2.646308
30.518158 2.656833
28.443140 2.613258
28.440472 2.613202
28.921372 2.623301
28.829127 2.621364
28.829127 2.621364
28.852915 2.621863
28.869388 2.622209
29.049623 2.625994
29.002984 2.625014
29.331616 2.631916
28.605487 2.616667
28.605487 2.616667
28.623169 2.617039
28.032368 2.604632
28.227678 2.608733
28.227678 2.608733
30.234356 2.650873
30.907898 2.665017
30.368840 2.653697
30.086005 2.647758
30.058317 2.647176
28.064719 2.605311
28.064719 2.605311
28.064719 2.605311
28.991368 2.624771
28.941291 2.623719
28.893474 2.622715
28.893474 2.622715
28.761984 2.619954
28.494588 2.614338
28.494588 2.614338
28.494588 2.614338
28.458285 2.613576
28.509632 2.614654
28.563598 2.615788
28.507758 2.614615
28.507758 2.614615
28.703819 2.618732
28.679829 2.618228
28.679829 2.618228
28.679829 2.618228
28.910468 2.623072
28.910468 2.623072
29.648751 2.638575
29.579018 2.637111
30.103925 2.648134
30.103925 2.648134
30.111722 2.648298
30.111722 2.648298
30.309692 2.652455
30.309692 2.652455
30.309692 2.652455
30.309692 2.652455
32.461986 2.697652
33.277571 2.714779
33.197217 2.713092
32.893734 2.706719
33.012464 2.709212
33.657410 2.722756
33.845061 2.726696
34.001022 2.729971
35.317540 2.757618
35.317540 2.757618
35.317540 2.757618
35.302887 2.757310
35.296740 2.757181
35.219941 2.755568
35.219941 2.755568
35.292006 2.757082
35.402382 2.759399
35.402382 2.759399
35.402382 2.759399
35.414026 2.759644
35.390836 2.759157
35.390836 2.759157
35.699692 2.765643
35.699692 2.765643
35.699692 2.765643
35.632308 2.764228
35.620703 2.763984
35.077651 2.752580
35.972657 2.771375
34.994698 2.750838
36.187476 2.775886
36.193262 2.776008
36.193262 2.776008
37.469676 2.802812
37.505744 2.803569
37.665384 2.806922
37.498525 2.803418
34.619692 2.742963
34.353568 2.737375
34.469717 2.739814
34.168394 2.733486
34.168394 2.733486
34.116494 2.732396
34.103583 2.732125
34.072951 2.731482
34.072951 2.731482
34.072951 2.731482
33.927155 2.728420
33.927155 2.728420
33.822693 2.726227
33.831099 2.726403
33.543035 2.720354
33.554934 2.720604
33.717586 2.724019
33.274337 2.714711
33.274337 2.714711
33.274839 2.714722
33.274839 2.714722
32.705725 2.702771
33.185761 2.712851
33.185761 2.712851
33.185761 2.712851
33.185761 2.712851
33.251756 2.714237
33.253834 2.714281
33.196545 2.713078
33.133005 2.711743
33.133005 2.711743
33.133005 2.711743
33.180839 2.712748
33.175683 2.712640
33.175683 2.712640
32.428913 2.696958
31.371477 2.674752
31.390864 2.675159
31.390864 2.675159
31.328293 2.673845
31.328293 2.673845
31.353647 2.674377
31.353647 2.674377
31.366269 2.674643
31.348093 2.674261
31.358105 2.674471
32.146263 2.691022
31.993361 2.687811
32.025057 2.688477
32.036074 2.688708
32.039795 2.688786
31.447031 2.676339
31.406197 2.675481
31.406197 2.675481
31.391804 2.675179
31.446178 2.676321
31.431507 2.676013
31.431507 2.676013
31.431507 2.676013
31.986466 2.687666
31.986466 2.687666
31.838238 2.684554
31.042233 2.667838
31.032555 2.667635
30.978826 2.666506
30.978826 2.666506
30.464715 2.655710
30.521372 2.656900
30.592400 2.658392
30.954495 2.665995
30.954495 2.665995
30.932076 2.665525
30.854007 2.663885
30.854007 2.663885
30.869177 2.664204
30.901813 2.664889
31.632710 2.680238
31.618571 2.679941
31.649761 2.680596
31.649761 2.680596
31.174958 2.670625
31.174958 2.670625
31.218307 2.671535
30.766129 2.662040
31.398416 2.675318
30.804021 2.662836
30.817618 2.663121
30.871806 2.664259
30.863970 2.664094
31.345583 2.674208
31.318278 2.673635
31.290404 2.673049
30.717977 2.661029
30.134888 2.648784
29.976893 2.645466
29.976893 2.645466
30.473056 2.655885
30.514648 2.656759
30.327257 2.652824
30.004680 2.646050
30.000246 2.645957
30.021668 2.646406
30.057889 2.647167
30.365559 2.653628
30.351105 2.653324
30.727705 2.661233
30.808733 2.662935
30.895264 2.664752
32.392803 2.696199
31.913038 2.686124
31.913038 2.686124
32.618083 2.700930
32.802214 2.704797
32.802214 2.704797
32.754963 2.703805
33.192830 2.713000
33.199269 2.713135
33.199269 2.713135
30.613095 2.658826
30.781807 2.662369
30.781807 2.662369
30.625526 2.659087
30.625526 2.659087
30.213454 2.650434
30.418661 2.654743
30.794994 2.662646
30.853560 2.663876
31.175688 2.670640
31.183768 2.670810
30.961065 2.666133
30.969222 2.666305
31.034483 2.667675
31.028589 2.667551
31.028589 2.667551
31.028589 2.667551
31.066649 2.668351
31.083129 2.668697
31.756651 2.682840
31.769987 2.683120
31.539207 2.678274
31.539207 2.678274
30.181663 2.649766
30.360931 2.653531
30.147105 2.649041
30.151474 2.649132
30.266178 2.651541
31.281778 2.672868
31.031320 2.667609
31.022161 2.667416
30.945392 2.665804
30.939984 2.665691
30.609164 2.658744
30.589660 2.658334
32.542506 2.699343
32.582229 2.700177
32.535551 2.699197
32.535551 2.699197
32.535551 2.699197
33.078481 2.710598
32.814145 2.705047
31.586444 2.679266
31.586444 2.679266
32.165294 2.691422
32.497616 2.698400
32.380751 2.695946
32.404495 2.696445
32.404495 2.696445
32.304327 2.694341
32.304327 2.694341
32.337058 2.695029
33.798519 2.725719
33.813679 2.726037
33.549959 2.720499
32.889744 2.706635
33.016798 2.709303
33.043361 2.709861
32.933080 2.707545
33.038711 2.709763
33.062267 2.710258
33.926036 2.728397
33.402331 2.717399
33.790284 2.725546
33.821936 2.726211
33.821936 2.726211
34.075819 2.731542
34.106020 2.732176
34.313838 2.736540
34.519529 2.740860
34.519529 2.740860
34.302065 2.736293
34.294815 2.736141
34.494992 2.740345
34.292317 2.736088
34.186286 2.733862
34.194322 2.734031
34.414026 2.738644
34.337274 2.737033
34.355328 2.737412
30.482310 2.656080
30.474614 2.655918
30.468329 2.655786
30.483470 2.656104
30.490226 2.656246
30.115338 2.648373
30.115338 2.648373
30.115338 2.648373
30.115338 2.648373
30.188020 2.649900
30.196489 2.650078
30.522988 2.656934
30.524884 2.656974
30.524884 2.656974
30.524884 2.656974
30.395037 2.654247
30.372765 2.653779
30.372765 2.653779
30.343196 2.653158
30.409755 2.654556
32.279056 2.693811
31.216143 2.671490
31.271946 2.672662
31.271946 2.672662
31.240679 2.672005
30.390063 2.654143
30.390063 2.654143
30.391968 2.654183
30.282727 2.651889
30.648122 2.659562
30.611305 2.658789
30.989618 2.666733
30.474453 2.655915
30.426158 2.654901
30.426158 2.654901
29.944717 2.644791
29.622999 2.638035
29.622999 2.638035
29.621884 2.638011
29.692566 2.639495
29.691628 2.639476
29.707561 2.639810
29.707561 2.639810
29.649291 2.638587
29.651949 2.638642
29.669621 2.639014
29.845839 2.642714
29.840607 2.642604
29.836900 2.642526
29.805571 2.641869
29.732747 2.640339
29.400049 2.633353
29.521099 2.635895
29.638557 2.638361
30.737645 2.661442
31.058302 2.668175
30.757140 2.661851
31.076692 2.668562
31.025754 2.667492
30.942031 2.665734
31.055898 2.668125
31.237396 2.671936
31.219418 2.671559
30.606280 2.658683
30.573122 2.657987
30.433814 2.655061
30.321132 2.652695
30.315358 2.652574
29.727091 2.640220
29.331345 2.631910
29.334613 2.631979
29.403250 2.633420
29.403250 2.633420
28.929374 2.623469
29.100819 2.627069
29.030403 2.625590
28.988536 2.624711
28.988536 2.624711
28.988536 2.624711
28.988536 2.624711
29.028413 2.625548
29.025947 2.625497
29.016283 2.625294
29.012507 2.625214
28.975907 2.624446
29.180962 2.628752
29.180962 2.628752
29.180962 2.628752
29.188258 2.628905
27.423595 2.591848
27.284056 2.588918
29.012083 2.625206
29.675052 2.639128
29.675052 2.639128
29.675052 2.639128
29.652042 2.638644
29.851251 2.642828
28.868335 2.622187
28.868335 2.622187
28.861783 2.622049
28.886508 2.622569
28.886508 2.622569
28.869677 2.622215
28.165740 2.607433
28.214535 2.608457
28.897277 2.622795
28.073743 2.605501
27.525558 2.593989
27.078482 2.584601
26.983931 2.582615
26.698419 2.576620
26.698419 2.576620
26.678498 2.576201
26.520145 2.572876
26.520145 2.572876
26.520145 2.572876
26.535427 2.573197
26.383015 2.569996
26.350958 2.569323
26.350958 2.569323
25.660247 2.554818
25.535162 2.552192
25.544189 2.552381
25.544189 2.552381
25.661663 2.554848
25.669977 2.555023
25.380184 2.548937
25.380184 2.548937
25.386062 2.549061
25.400494 2.549364
25.405333 2.549465
24.827997 2.537341
24.834264 2.537473
24.586494 2.532270
24.287547 2.525992
24.287547 2.525992
24.146676 2.523034
24.200884 2.524172
24.200884 2.524172
24.200884 2.524172
25.366458 2.548649
25.385298 2.549044
23.863293 2.517083
23.863293 2.517083
24.735498 2.535399
24.735498 2.535399
25.033174 2.541650
24.989649 2.540736
25.180075 2.544735
25.303405 2.547325
25.477807 2.550987
25.534616 2.552180
26.216314 2.566495
26.151163 2.565127
26.151163 2.565127
26.485375 2.572146
25.925405 2.560387
25.925405 2.560387
24.781877 2.536373
24.800145 2.536756
24.800145 2.536756
24.743684 2.535571
24.715064 2.534970
24.715064 2.534970
24.565072 2.531820
24.561148 2.531738
24.478543 2.530003
23.671653 2.513059
23.675289 2.513135
23.721897 2.514114
23.713297 2.513933
23.713297 2.513933
23.724521 2.514169
23.745448 2.514608
23.868073 2.517183
23.853445 2.516876
23.374681 2.506822
23.398525 2.507323
23.408213 2.507526
23.399285 2.507339
23.406711 2.507495
23.384441 2.507027
23.381513 2.506966
23.381513 2.506966
23.382390 2.506984
23.363395 2.506585
23.677767 2.513187
23.677767 2.513187
23.152426 2.502155
23.399264 2.507339
23.890608 2.517657
23.890662 2.517658
23.902976 2.517916
23.934319 2.518574
23.895147 2.517752
23.895147 2.517752
23.895147 2.517752
23.983579 2.519609
23.934015 2.518568
23.928066 2.518443
23.798244 2.515717
23.853830 2.516884
23.853830 2.516884
24.326971 2.526820
24.326971 2.526820
24.095379 2.521957
24.136261 2.522815
24.135872 2.522807
24.131225 2.522709
24.206151 2.524283
24.207764 2.524317
23.559797 2.510710
23.559797 2.510710
23.192411 2.502995
23.200550 2.503166
23.200550 2.503166
23.200550 2.503166
22.689802 2.492440
22.666921 2.491960
22.711509 2.492896
22.575826 2.490047
22.575826 2.490047
22.575826 2.490047
22.568341 2.489889
22.466138 2.487743
22.283814 2.483915
22.373037 2.485788
22.321653 2.484709
22.324518 2.484769
22.464783 2.487715
23.579310 2.511119
23.579310 2.511119
23.566410 2.510849
23.565935 2.510839
23.909496 2.518053
23.742788 2.514552
23.742788 2.514552
23.742788 2.514552
23.357534 2.506462
23.383059 2.506998
22.991729 2.498780
22.991729 2.498780
22.991729 2.498780
23.054845 2.500106
23.033633 2.499660
23.068586 2.500394
23.068586 2.500394
22.780736 2.494350
22.780736 2.494350
22.854591 2.495901
22.881896 2.496474
22.907876 2.497020
22.901659 2.496889
22.916100 2.497192
23.049281 2.499989
23.051546 2.500037
23.057984 2.500172
23.069066 2.500404
23.194771 2.503044
22.820017 2.495175
22.804906 2.494857
22.804906 2.494857
22.797644 2.494705
22.788989 2.494523
24.344314 2.527184
24.365517 2.527629
24.410420 2.528572
24.962623 2.540168
24.962623 2.540168
23.622017 2.512016
23.958635 2.519085
24.036872 2.520728
23.745397 2.514607
23.853358 2.516874
23.597736 2.511506
23.502402 2.509504
23.477366 2.508979
23.532752 2.510142
23.541400 2.510323
23.783727 2.515412
23.526842 2.510018
23.491709 2.509280
23.483653 2.509111
23.483653 2.509111
23.318744 2.505648
23.293901 2.505126
23.303832 2.505335
23.297894 2.505210
23.283468 2.504907
23.283468 2.504907
22.738503 2.493463
22.654317 2.491695
22.641232 2.491420
22.652265 2.491652
22.325809 2.484796
23.070302 2.500430
23.074704 2.500523
23.195895 2.503068
23.152166 2.502150
23.173279 2.502593
23.463382 2.508685
24.161407 2.523343
24.161407 2.523343
23.872571 2.517278
23.882815 2.517493
24.355743 2.527424
24.340029 2.527094
24.397285 2.528297
24.404424 2.528447
24.381008 2.527955
24.667150 2.533964
24.671976 2.534065
24.338653 2.527065
22.056402 2.479139
22.069059 2.479405
22.069059 2.479405
21.738152 2.472456
21.853239 2.474873
21.852397 2.474855
21.755820 2.472827
21.755820 2.472827
21.771208 2.473150
22.155086 2.481211
22.038813 2.478770
21.915539 2.476181
21.982842 2.477594
21.973676 2.477402
22.310401 2.484473
22.353534 2.485379
22.353534 2.485379
22.353534 2.485379
22.566179 2.489844
22.503893 2.488536
22.439654 2.487187
21.230293 2.461791
21.149939 2.460104
21.162856 2.460375
21.318588 2.463645
21.227119 2.461724
21.227119 2.461724
21.227859 2.461740
20.635986 2.449311
20.932446 2.455536
20.671875 2.450064
20.672852 2.450085
20.672852 2.450085
20.522843 2.446935
20.487268 2.446188
20.506501 2.446592
20.515964 2.446790
20.895535 2.454761
20.895535 2.454761
20.966481 2.456251
20.818511 2.453144
21.534026 2.468169
21.552814 2.468564
21.550456 2.468514
21.530850 2.468103
21.530850 2.468103
21.530850 2.468103
21.524939 2.467978
22.476415 2.487959
22.486524 2.488171
22.484795 2.488135
22.290032 2.484045
22.955118 2.498012
22.955118 2.498012
22.918578 2.497244
22.631312 2.491212
22.581323 2.490162
22.443849 2.487275
22.368196 2.485686
22.413938 2.486647
22.413938 2.486647
22.418318 2.486739
22.885437 2.496548
22.875012 2.496329
23.042834 2.499854
23.042834 2.499854
23.070322 2.500431
23.070322 2.500431
22.385816 2.486057
22.403686 2.486432
22.372952 2.485786
22.383785 2.486014
22.630948 2.491204
22.671471 2.492055
22.687165 2.492385
22.690898 2.492463
22.690102 2.492446
22.693326 2.492514
22.689526 2.492434
22.689526 2.492434
22.622427 2.491025
22.737444 2.493441
22.522668 2.488930
22.425467 2.486889
22.412158 2.486610
22.400431 2.486363
22.403391 2.486426
22.418046 2.486733
22.875846 2.496347
22.877250 2.496376
22.863057 2.496078
22.903578 2.496929
22.827280 2.495327
24.535962 2.531209
24.440088 2.529195
24.434870 2.529086
24.422142 2.528819
24.526972 2.531020
24.237943 2.524950
24.338004 2.527052
24.320047 2.526675
24.320047 2.526675
24.316383 2.526598
24.363468 2.527586
24.404953 2.528458
24.331615 2.526918
24.251062 2.525226
24.262072 2.525457
23.571263 2.510950
23.554329 2.510595
23.428354 2.507949
23.680579 2.513246
23.537940 2.510251
25.643625 2.554469
25.635273 2.554294
25.522499 2.551926
26.369096 2.569704
26.366695 2.569653
26.367466 2.569670
26.374149 2.569810
26.302026 2.568295
26.338626 2.569064
26.278745 2.567807
26.282241 2.567880
26.218661 2.566545
26.459019 2.571592
26.448889 2.571379
26.448889 2.571379
26.520406 2.572881
26.520406 2.572881
26.583882 2.574214
26.925325 2.581384
26.885671 2.580552
28.928515 2.623451
28.884103 2.622518
28.884103 2.622518
28.646343 2.617525
28.590892 2.616361
28.598910 2.616529
28.595465 2.616457
26.735246 2.577393
18.782757 2.410394
18.875698 2.412345
18.892349 2.412695
19.272248 2.420673
19.282030 2.420878
19.299146 2.421238
19.312108 2.421510
19.215436 2.419480
19.179179 2.418718
19.428538 2.423955
19.444328 2.424286
19.399320 2.423341
19.334987 2.421990
19.330889 2.421904
19.502396 2.425506
18.916669 2.413206
19.044370 2.415887
19.062378 2.416266
19.336071 2.422013
19.298530 2.421225
19.317780 2.421629
19.317780 2.421629
19.380912 2.422955
19.273548 2.420700
19.302929 2.421317
19.735831 2.430408
19.707296 2.429809
19.707296 2.429809
19.628673 2.428158
19.598133 2.427516
19.666303 2.428948
19.665890 2.428939
19.616992 2.427912
19.625238 2.428085
18.765229 2.410026
18.537338 2.405240
18.589474 2.406335
18.603963 2.406639
18.602585 2.406610
18.602585 2.406610
18.622819 2.407035
18.622819 2.407035
18.611012 2.406787
18.669035 2.408006
18.561232 2.405742
18.814028 2.411050
18.863619 2.412092
18.850520 2.411817
18.814534 2.411061
18.837498 2.411543
19.076869 2.416570
19.106178 2.417185
18.576671 2.406066
18.291114 2.400069
18.457333 2.403560
18.517247 2.404818
18.538713 2.405269
18.496652 2.404386
18.453887 2.403488
18.825805 2.411298
18.817553 2.411124
18.829009 2.411365
18.925577 2.413393
18.962097 2.414160
19.470007 2.424826
19.353288 2.422375
19.363353 2.422586
20.107289 2.438208
19.534020 2.426170
19.535618 2.426203
19.516533 2.425803
19.546241 2.426427
19.546241 2.426427
19.394729 2.423245
19.635442 2.428300
19.664430 2.428908
19.083882 2.416717
19.193896 2.419027
18.723670 2.409153
17.489183 2.383229
17.493692 2.383324
17.485121 2.383144
17.499520 2.383446
17.499520 2.383446
17.448896 2.382383
17.444267 2.382286
17.488425 2.383213
17.330346 2.379894
17.353970 2.380390
17.425078 2.381883
17.419489 2.381766
17.415553 2.381683
17.397491 2.381304
17.397491 2.381304
17.516630 2.383805
17.320545 2.379688
17.131467 2.375717
18.716748 2.409007
19.111596 2.417299
19.264487 2.420510
19.445701 2.424315
19.500982 2.425476
19.492992 2.425308
19.619579 2.427967
19.798448 2.431723
19.805312 2.431867
19.857842 2.432970
19.711427 2.429895
19.734860 2.430387
19.688964 2.429424
19.685412 2.429349
19.543149 2.426362
19.680204 2.429240
19.486454 2.425171
19.572105 2.426970
19.605584 2.427673
19.623670 2.428053
19.623670 2.428053
19.618290 2.427940
19.535381 2.426198
19.540882 2.426314
19.623158 2.428042
19.543349 2.426366
19.543349 2.426366
19.734315 2.430376
19.734315 2.430376
19.728187 2.430247
19.624051 2.428061
19.780264 2.431341
19.790888 2.431564
19.781720 2.431371
19.784905 2.431438
19.801904 2.431795
19.942618 2.434750
19.942618 2.434750
19.766924 2.431061
19.556502 2.426642
19.479714 2.425029
19.484141 2.425122
19.575843 2.427048
19.233920 2.419868
19.202889 2.419216
19.196006 2.419072
19.152483 2.418158
19.141595 2.417929
19.144265 2.417985
19.148902 2.418083
19.133368 2.417756
19.115068 2.417372
19.110826 2.417283
19.090201 2.416850
19.093846 2.416926
19.111378 2.417295
19.111378 2.417295
19.032281 2.415634
18.753558 2.409780
18.753558 2.409780
18.731200 2.409311
18.731200 2.409311
18.731200 2.409311
18.996701 2.414886
18.738222 2.409458
18.735843 2.409408
18.769590 2.410117
18.835085 2.411493
18.817134 2.411116
18.845397 2.411709
18.832134 2.411431
18.908952 2.413044
18.855368 2.411918
18.866178 2.412145
18.884528 2.412531
18.907798 2.413019
19.115144 2.417374
19.335333 2.421998
19.381636 2.422970
19.411914 2.423606
19.360943 2.422535
19.415431 2.423680
19.261612 2.420449
19.249696 2.420199
19.367088 2.422664
19.100052 2.417057
19.092423 2.416897
19.092423 2.416897
18.775175 2.410234
18.835726 2.411506
18.868831 2.412201
19.007531 2.415114
19.007531 2.415114
18.873846 2.412306
19.070942 2.416445
19.090634 2.416859
18.802206 2.410802
18.826522 2.411313
18.759305 2.409901
18.663337 2.407886
18.638068 2.407355
18.789888 2.410543
18.789888 2.410543
18.577665 2.406087
18.497316 2.404400
18.232600 2.398841
18.180230 2.397741
17.897876 2.391811
17.539384 2.384283
17.559651 2.384709
17.328557 2.379856
17.374297 2.380817
17.342219 2.380143
17.222672 2.377632
17.183453 2.376809
17.181479 2.376767
17.129642 2.375679
17.121529 2.375509
17.027910 2.373543
17.108514 2.375235
17.136428 2.375821
17.134456 2.375780
16.865991 2.370142
16.875085 2.370333
16.852762 2.369865
15.270409 2.336636
15.239775 2.335992
15.253391 2.336278
15.344311 2.338188
15.344311 2.338188
15.534787 2.342188
15.543293 2.342366
15.545927 2.342421
15.508474 2.341635
15.489948 2.341246
15.418379 2.339743
15.421737 2.339814
15.421737 2.339814
15.394151 2.339234
15.397678 2.339308
15.397678 2.339308
15.694206 2.345535
15.677830 2.345191
15.830412 2.348396
15.694739 2.345546
15.716477 2.346003
15.746405 2.346631
15.560164 2.342720
15.547915 2.342463
15.547915 2.342463
15.620204 2.343981
15.816999 2.348114
15.821408 2.348206
15.919404 2.350264
13.782913 2.305399
13.892213 2.307694
13.534098 2.300174
13.541450 2.300328
13.573839 2.301008
13.527371 2.300033
13.527340 2.300032
13.526793 2.300020
13.458744 2.298591
13.210387 2.293376
13.209732 2.293362
13.219732 2.293572
13.366833 2.296661
13.224725 2.293677
13.352950 2.296370
13.292729 2.295105
13.300489 2.295268
13.255836 2.294330
13.300355 2.295265
13.300355 2.295265
13.492652 2.299303
13.492652 2.299303
13.393298 2.297217
13.412523 2.297621
13.620865 2.301996
14.427337 2.318932
14.351499 2.317339
14.444874 2.319300
14.455566 2.319524
14.708859 2.324843
14.626341 2.323111
14.618504 2.322946
14.674916 2.324131
14.531345 2.321116
14.526352 2.321011
15.474417 2.340920
15.579273 2.343122
15.594221 2.343436
15.650818 2.344624
15.200497 2.335168
14.256460 2.315343
14.270677 2.315642
14.290242 2.316053
16.216575 2.356505
15.948674 2.350879
15.947348 2.350851
15.947348 2.350851
15.947348 2.350851
15.937782 2.350650
15.937782 2.350650
15.942978 2.350759
15.982156 2.351582
16.071008 2.353448
15.959910 2.351115
15.959910 2.351115
15.968489 2.351295
16.032959 2.352649
16.032959 2.352649
16.555532 2.363623
16.546455 2.363432
16.559763 2.363712
16.460391 2.361625
16.447164 2.361347
16.066583 2.353355
16.051800 2.353045
16.058402 2.353183
15.819775 2.348172
16.008779 2.352141
15.989011 2.351726
16.170368 2.355534
16.159190 2.355300
16.277614 2.357787
16.399087 2.360338
16.430433 2.360996
16.529305 2.363072
16.386475 2.360073
16.209650 2.356359
16.283953 2.357920
16.279764 2.357832
16.131286 2.354714
16.128952 2.354665
16.186061 2.355864
16.112730 2.354324
16.524545 2.362972
16.641090 2.365419
16.810359 2.368974
16.907187 2.371007
16.277964 2.357794
16.281166 2.357861
16.260010 2.357417
16.190725 2.355962
15.691727 2.345483
15.674998 2.345132
15.608996 2.343746
15.540906 2.342316
12.694777 2.282548
12.662554 2.281872
12.569566 2.279919
12.563907 2.279800
12.512254 2.278716
12.542481 2.279350
12.605261 2.280669
13.102399 2.291108
12.393184 2.276215
12.096644 2.269988
11.827117 2.264328
11.926230 2.266409
12.030981 2.268609
12.026112 2.268507
12.235823 2.272911
12.235823 2.272911
12.031935 2.268629
12.009831 2.268165
12.024978 2.268483
11.974007 2.267413
11.972647 2.267384
12.029205 2.268572
12.029304 2.268574
12.228160 2.272750
12.169328 2.271514
12.155161 2.271217
12.395196 2.276257
12.390640 2.276162
12.400201 2.276362
12.609697 2.280762
12.593668 2.280425
12.649618 2.281600
12.991298 2.288775
12.991298 2.288775
12.916891 2.287213
12.918766 2.287252
13.165373 2.292431
13.188776 2.292922
13.188776 2.292922
13.107641 2.291218
13.102773 2.291116
12.436832 2.277132
12.436832 2.277132
12.833004 2.285451
12.811014 2.284989
12.830742 2.285404
12.837283 2.285541
12.839077 2.285579
12.793546 2.284623
12.679272 2.282223
12.633729 2.281266
12.648538 2.281577
12.573311 2.279998
12.528786 2.279063
12.518675 2.278850
12.462691 2.277675
12.507433 2.278614
12.552752 2.279566
12.624505 2.281073
12.666785 2.281961
12.518223 2.278841
12.420177 2.276782
12.480388 2.278046
11.968589 2.267299
11.684384 2.261331
11.754892 2.262811
11.780386 2.263347
11.386658 2.255078
11.384440 2.255032
11.739978 2.262498
11.795845 2.263671
11.784378 2.263430
11.563770 2.258798
11.590488 2.259359
11.548913 2.258486
11.551282 2.258535
11.551282 2.258535
11.537054 2.258237
11.562807 2.258777
11.507872 2.257624
11.646054 2.260526
11.655352 2.260721
11.773769 2.263208
11.714658 2.261966
11.674551 2.261124
11.740969 2.262519
11.744575 2.262595
11.732118 2.262333
11.732118 2.262333
11.692646 2.261504
11.743591 2.262574
11.782318 2.263387
11.745504 2.262614
11.718010 2.262037
11.822780 2.264237
11.744770 2.262599
11.767413 2.263074
11.770768 2.263145
11.659631 2.260811
11.611598 2.259802
11.611598 2.259802
11.617633 2.259929
11.616922 2.259914
11.590144 2.259352
11.607219 2.259710
11.488888 2.257225
11.515159 2.257777
11.549693 2.258502
11.523596 2.257954
11.475915 2.256953
11.475915 2.256953
11.514864 2.257771
11.514864 2.257771
11.520902 2.257897
11.810022 2.263969
11.858625 2.264990
11.799682 2.263752
11.808258 2.263932
11.816898 2.264113
11.838730 2.264572
11.704154 2.261746
11.477904 2.256995
11.508161 2.257630
11.404712 2.255458
11.434441 2.256082
11.434441 2.256082
11.439391 2.256186
11.453343 2.256479
11.453343 2.256479
11.450171 2.256412
11.519268 2.257863
11.471877 2.256868
11.473749 2.256907
11.520408 2.257887
11.520408 2.257887
11.496135 2.257377
11.493990 2.257332
11.489466 2.257237
11.511991 2.257710
11.387310 2.255092
11.092962 2.248911
11.072584 2.248483
11.126417 2.249613
11.159377 2.250306
11.181167 2.250763
11.172051 2.250572
11.141420 2.249929
11.412650 2.255624
11.417931 2.255735
11.560154 2.258722
11.541322 2.258326
11.521783 2.257916
11.548204 2.258471
11.548204 2.258471
11.573119 2.258994
11.581319 2.259166
14.091423 2.311877
14.048791 2.310982
14.325150 2.316786
14.420020 2.318778
15.369932 2.338726
15.424919 2.339880
15.439045 2.340177
15.421012 2.339798
15.634554 2.344283
15.825650 2.348296
15.586632 2.343276
15.923470 2.350350
15.921785 2.350314
15.975448 2.351441
15.949348 2.350893
15.821547 2.348209
15.821547 2.348209
15.771196 2.347152
16.073841 2.353507
16.092326 2.353896
16.012762 2.352225
16.430850 2.361005
16.428425 2.360954
16.403900 2.360439
16.397564 2.360306
16.483485 2.362110
16.540213 2.363301
16.516568 2.362805
15.905541 2.349973
15.952239 2.350954
15.901078 2.349880
15.912500 2.350119
15.902090 2.349901
15.904066 2.349942
15.965960 2.351242
16.304686 2.358355
16.294720 2.358146
16.294720 2.358146
16.294720 2.358146
16.291086 2.358070
16.259217 2.357400
16.222012 2.356619
16.555611 2.363624
16.545419 2.363410
16.492387 2.362297
16.423158 2.360843
16.423230 2.360845
16.575471 2.364042
16.572903 2.363988
16.578543 2.364106
16.540354 2.363304
16.598332 2.364522
16.580231 2.364141
16.197829 2.356111
16.199484 2.356146
16.262145 2.357462
16.296657 2.358187
16.263877 2.357498
14.713985 2.324951
14.713985 2.324951
14.734641 2.325385
14.766184 2.326047
15.134911 2.333790
15.124914 2.333580
15.159629 2.334309
15.165470 2.334432
15.168446 2.334495
15.168446 2.334495
14.903586 2.328933
14.899818 2.328853
14.716990 2.325014
14.934876 2.329590
14.909583 2.329058
14.914847 2.329169
14.914847 2.329169
14.911338 2.329095
14.926584 2.329416
14.930883 2.329506
15.196743 2.335089
15.089068 2.332828
15.074444 2.332521
15.139394 2.333884
15.121491 2.333508
15.121491 2.333508
15.053013 2.332070
15.156245 2.334238
15.228699 2.335760
15.482600 2.341092
15.481110 2.341060
15.535278 2.342198
15.450071 2.340409
15.433776 2.340066
15.323432 2.337749
15.206407 2.335292
15.263023 2.336481
15.302323 2.337306
15.293895 2.337129
15.316759 2.337609
15.409938 2.339566
15.142400 2.333948
15.142400 2.333948
15.147292 2.334050
15.147292 2.334050
15.198589 2.335128
15.316138 2.337596
15.470447 2.340836
15.433012 2.340050
15.407760 2.339520
15.462945 2.340679
15.558388 2.342683
15.558388 2.342683
15.736717 2.346428
15.789476 2.347536
15.703351 2.345727
15.766120 2.347045
15.733204 2.346354
15.652233 2.344654
15.648608 2.344578
15.695825 2.345569
15.695825 2.345569
15.679347 2.345223
15.799647 2.347749
15.941186 2.350722
16.033446 2.352659
16.125664 2.354596
15.394221 2.339236
15.662335 2.344866
15.663551 2.344892
15.736139 2.346416
15.701071 2.345679
15.730901 2.346306
15.783174 2.347404
15.575615 2.343045
15.592559 2.343401
15.569029 2.342907
15.616899 2.343912
15.637378 2.344342
15.788396 2.347513
15.608205 2.343729
15.604999 2.343662
15.669631 2.345019
15.663022 2.344880
15.642085 2.344441
15.529295 2.342072
15.529295 2.342072
15.499375 2.341444
15.529289 2.342072
15.572213 2.342973
15.790682 2.347561
15.860166 2.349020
15.839740 2.348591
15.661494 2.344848
15.639385 2.344384
15.612966 2.343829
15.703985 2.345741
15.722646 2.346133
15.676850 2.345171
15.666077 2.344945
15.700329 2.345664
15.598035 2.343516
15.515967 2.341792
15.611466 2.343798
15.667072 2.344965
15.846723 2.348738
15.740931 2.346516
15.871554 2.349260
15.860004 2.349017
15.910871 2.350085
16.086017 2.353763
16.143401 2.354968
15.887719 2.349599
15.849186 2.348790
15.921208 2.350302
15.955290 2.351018
15.824981 2.348281
15.827047 2.348325
15.782779 2.347395
15.818216 2.348139
15.420393 2.339785
15.420393 2.339785
15.426031 2.339904
15.432863 2.340047
14.699490 2.324647
14.772078 2.326171
14.772078 2.326171
14.979954 2.330536
15.339154 2.338079
15.318257 2.337640
15.366227 2.338648
15.289426 2.337035
15.198292 2.335121
15.191401 2.334977
15.112672 2.333323
15.019811 2.331373
14.995815 2.330869
15.073288 2.332496
15.002852 2.331017
14.670933 2.324047
14.712117 2.324912
14.644490 2.323492
14.549037 2.321487
14.547837 2.321462
14.547837 2.321462
14.521814 2.320915
14.552273 2.321555
14.504857 2.320559
14.558882 2.321694
14.571611 2.321961
14.571611 2.321961
14.557316 2.321661
14.554468 2.321601
14.544246 2.321387
14.561064 2.321740
14.566613 2.321856
14.587697 2.322299
14.547883 2.321463
14.381902 2.317977
14.445638 2.319316
14.370044 2.317728
14.378832 2.317913
14.378832 2.317913
14.438729 2.319171
14.431255 2.319014
14.440037 2.319198
14.707824 2.324822
14.709309 2.324853
14.704347 2.324749
14.699838 2.324654
14.699838 2.324654
14.702182 2.324703
14.746160 2.325627
14.461575 2.319651
14.219476 2.314567
14.200516 2.314168
13.932414 2.308538
13.818525 2.306147
13.818525 2.306147
13.863750 2.307096
13.883537 2.307512
13.847604 2.306757
13.851743 2.306844
13.829469 2.306377
13.783992 2.305422
13.785907 2.305462
13.825632 2.306296
13.743004 2.304561
13.743004 2.304561
13.702830 2.303717
13.535567 2.300205
13.452138 2.298453
13.441359 2.298226
13.425874 2.297901
13.427467 2.297935
13.417899 2.297734
13.458773 2.298592
13.466632 2.298757
13.473510 2.298902
13.439108 2.298179
13.434206 2.298076
13.399566 2.297349
13.409460 2.297557
13.304104 2.295344
13.307997 2.295426
13.303649 2.295335
13.320163 2.295681
13.398772 2.297332
13.358020 2.296476
13.366619 2.296657
13.510286 2.299674
13.502447 2.299509
13.552405 2.300558
13.586107 2.301266
13.361778 2.296555
13.507869 2.299623
13.462642 2.298673
13.478287 2.299002
13.467325 2.298772
13.601928 2.301598
13.560546 2.300729
13.559795 2.300713
13.435066 2.298094
13.311090 2.295491
13.258023 2.294376
13.270131 2.294631
13.288750 2.295022
13.295106 2.295155
13.383066 2.297002
13.265587 2.294535
13.452115 2.298452
13.440820 2.298215
13.318391 2.295644
13.318391 2.295644
13.652461 2.302659
13.652461 2.302659
13.554725 2.300607
13.458353 2.298583
13.450421 2.298417
13.448215 2.298370
13.548575 2.300478
13.548575 2.300478
13.567459 2.300874
13.573843 2.301008
13.573843 2.301008
13.410860 2.297586
13.410860 2.297586
13.385609 2.297056
13.392171 2.297193
13.392171 2.297193
13.567474 2.300875
13.457337 2.298562
13.457337 2.298562
13.420039 2.297779
13.434298 2.298078
13.300118 2.295260
13.256039 2.294335
13.308048 2.295427
13.347836 2.296262
13.298907 2.295235
13.298907 2.295235
13.318355 2.295643
13.296187 2.295178
13.638476 2.302366
13.638476 2.302366
13.874357 2.307319
14.083031 2.311701
14.117366 2.312422
14.117366 2.312422
14.183378 2.313808
14.251341 2.315236
13.947303 2.308851
13.942082 2.308741
14.150779 2.313124
13.914023 2.308152
13.653374 2.302679
13.653374 2.302679
13.847071 2.306746
13.652733 2.302665
13.853135 2.306873
13.780474 2.305348
13.795653 2.305666
13.799341 2.305744
13.834589 2.306484
13.728855 2.304264
13.764296 2.305008
13.733758 2.304367
13.735723 2.304408
13.733060 2.304352
13.678698 2.303210
13.695848 2.303571
13.738703 2.304470
13.786475 2.305474
13.813424 2.306040
13.664745 2.302917
13.662603 2.302872
13.456350 2.298541
13.485329 2.299150
13.718262 2.304041
13.712180 2.303913
13.749770 2.304703
13.640413 2.302406
13.787725 2.305500
13.820779 2.306194
13.950708 2.308922
13.895661 2.307767
13.899362 2.307844
14.182836 2.313797
13.959197 2.309101
13.959197 2.309101
13.894046 2.307733
14.033194 2.310655
14.033194 2.310655
13.666381 2.302952
13.593763 2.301427
13.555640 2.300626
13.511917 2.299708
13.411380 2.297597
13.413466 2.297641
13.382346 2.296987
13.389267 2.297132
13.414467 2.297662
13.367395 2.296673
13.153423 2.292180
12.705863 2.282781
12.846520 2.285735
12.769246 2.284112
12.769246 2.284112
12.828045 2.285347
12.854090 2.285894
12.818736 2.285152
12.860228 2.286023
12.798387 2.284724
12.768404 2.284095
12.741672 2.283533
12.741597 2.283532
12.680514 2.282249
12.847633 2.285758
12.822162 2.285223
12.857542 2.285966
12.918141 2.287239
12.929922 2.287486
13.036647 2.289728
13.626928 2.302123
13.054302 2.290098
13.054302 2.290098
13.070972 2.290448
13.074248 2.290517
13.065330 2.290330
12.977145 2.288478
12.964148 2.288205
12.980152 2.288541
12.899678 2.286851
12.787135 2.284488
12.643898 2.281480
12.808477 2.284936
12.808477 2.284936
12.785935 2.284463
12.824491 2.285272
12.833808 2.285468
12.809755 2.284963
12.817326 2.285122
12.853517 2.285882
12.759414 2.283906
12.805218 2.284868
12.780385 2.284346
12.745541 2.283614
12.745541 2.283614
12.754430 2.283801
12.721771 2.283115
12.781274 2.284365
12.751022 2.283730
12.769189 2.284111
12.761672 2.283953
12.967416 2.288274
12.921600 2.287312
12.927855 2.287443
12.928377 2.287454
13.068863 2.290404
13.073061 2.290492
13.119778 2.291473
13.027255 2.289530
13.135830 2.291810
13.085966 2.290763
13.071530 2.290460
13.045131 2.289906
14.496750 2.320389
14.530601 2.321100
14.521704 2.320913
14.285494 2.315953
14.373227 2.317795
14.262776 2.315476
14.244064 2.315083
14.265972 2.315543
14.343672 2.317175
14.283763 2.315917
14.173312 2.313597
14.189075 2.313928
14.166059 2.313445
14.187787 2.313901
13.911539 2.308100
13.881716 2.307474
13.820517 2.306189
13.815173 2.306076
13.810114 2.305970
13.810114 2.305970
13.855644 2.306926
13.910269 2.308073
13.948762 2.308882
13.934569 2.308584
13.937591 2.308647
13.935810 2.308610
13.935810 2.308610
13.917138 2.308218
13.888224 2.307610
14.731702 2.325323
14.690199 2.324452
14.690199 2.324452
14.690199 2.324452
14.690199 2.324452
14.739158 2.325480
14.748845 2.325683
13.853964 2.306891
13.853964 2.306891
13.625559 2.302094
13.347034 2.296246
13.196826 2.293091
13.224116 2.293664
13.216983 2.293515
13.474778 2.298928
13.474778 2.298928
13.507037 2.299606
13.548978 2.300486
13.506389 2.299592
13.506389 2.299592
13.524129 2.299964
13.616301 2.301900
13.658315 2.302782
13.662512 2.302870
13.645662 2.302517
13.904569 2.307954
14.079870 2.311635
14.095830 2.311970
13.715379 2.303981
13.665214 2.302927
13.665214 2.302927
13.678901 2.303215
13.678901 2.303215
14.189640 2.313940
14.340294 2.317104
14.378374 2.317903
14.462758 2.319675
14.450696 2.319422
14.476933 2.319973
14.424022 2.318862
14.424022 2.318862
14.192008 2.313990
14.252094 2.315251
14.276466 2.315763
14.323209 2.316745
14.206648 2.314297
14.035393 2.310701
14.073376 2.311498
14.073376 2.311498
14.046130 2.310926
14.093018 2.311911
14.078615 2.311608
14.078615 2.311608
14.074477 2.311522
14.034007 2.310672
14.104153 2.312145
14.093267 2.311916
14.075381 2.311541
14.128193 2.312650
14.121592 2.312511
14.035144 2.310696
14.209828 2.314364
14.284021 2.315922
14.137655 2.312848
14.222772 2.314636
14.216982 2.314514
14.331164 2.316912
14.088945 2.311825
14.074662 2.311525
14.097197 2.311999
14.044756 2.310897
14.132910 2.312749
14.128046 2.312647
14.170185 2.313531
14.301122 2.316281
14.352306 2.317356
14.350499 2.317318
14.398019 2.318316
14.365691 2.317637
14.461350 2.319646
14.442558 2.319251
14.413795 2.318647
14.440765 2.319213
14.166897 2.313462
14.151137 2.313131
14.314573 2.316564
14.314573 2.316564
14.331048 2.316909
13.944269 2.308787
13.973448 2.309400
13.849211 2.306791
14.384034 2.318022
14.362039 2.317560
14.277392 2.315783
14.258225 2.315380
14.283486 2.315911
14.091688 2.311883
14.174872 2.313630
14.192547 2.314001
14.235927 2.314912
14.204354 2.314249
14.263677 2.315495
14.248970 2.315186
13.870218 2.307232
14.083156 2.311704
14.135031 2.312793
14.126187 2.312607
14.179450 2.313726
14.179806 2.313733
14.183129 2.313803
14.162858 2.313378
14.294488 2.316142
14.297816 2.316212
14.326927 2.316823
14.546361 2.321431
14.581255 2.322164
14.705121 2.324765
14.705121 2.324765
14.703439 2.324730
14.641029 2.323419
14.578726 2.322111
13.701080 2.303680
13.730667 2.304302
13.748183 2.304670
13.748183 2.304670
13.727943 2.304245
13.776266 2.305259
14.122420 2.312528
14.262249 2.315465
14.897263 2.328800
14.829329 2.327373
14.766009 2.326043
14.758356 2.325883
14.694107 2.324534
14.741759 2.325534
15.496195 2.341377
15.554938 2.342611
15.547465 2.342454
15.455418 2.340521
15.455418 2.340521
15.463794 2.340697
15.584710 2.343236
14.624352 2.323069
14.624352 2.323069
14.553571 2.321582
14.665923 2.323942
14.613140 2.322833
14.662387 2.323867
14.754289 2.325797
14.539209 2.321281
14.543618 2.321373
14.472131 2.319872
14.457543 2.319566
14.378264 2.317901
14.303655 2.316334
14.335094 2.316994
14.355331 2.317419
14.363139 2.317583
14.379343 2.317924
14.449594 2.319399
14.356110 2.317436
14.279211 2.315821
14.388630 2.318119
14.388633 2.318119
14.309432 2.316456
14.363322 2.317587
14.307011 2.316405
14.307011 2.316405
14.321413 2.316707
14.280755 2.315853
14.278512 2.315806
14.289471 2.316036
14.329678 2.316881
14.249198 2.315191
14.165274 2.313428
14.036463 2.310723
14.210890 2.314386
14.200169 2.314161
14.111558 2.312300
14.125217 2.312587
14.065563 2.311334
14.036201 2.310718
13.646609 2.302537
13.577740 2.301090
13.588874 2.301324
13.627324 2.302132
13.627324 2.302132
13.701377 2.303687
13.688912 2.303425
13.734244 2.304377
13.734244 2.304377
13.796047 2.305675
13.791456 2.305578
13.765825 2.305040
13.764315 2.305008
13.410976 2.297588
13.437606 2.298148
13.426601 2.297916
13.474102 2.298914
13.564100 2.300804
13.688983 2.303426
13.629598 2.302179
13.270090 2.294630
13.518232 2.299841
13.518232 2.299841
13.732178 2.304333
13.704970 2.303762
13.669707 2.303022
13.682697 2.303294
13.669702 2.303021
13.653679 2.302685
13.667566 2.302977
13.622732 2.302035
13.580228 2.301143
13.425873 2.297901
13.096034 2.290975
13.153035 2.292172
13.187644 2.292898
13.154560 2.292204
13.231327 2.293816
13.282437 2.294889
13.273029 2.294691
13.358531 2.296487
13.363800 2.296598
13.321875 2.295717
13.361046 2.296540
13.361046 2.296540
13.413650 2.297644
13.421731 2.297814
12.948388 2.287874
12.736484 2.283424
12.759029 2.283898
12.678881 2.282215
12.611709 2.280804
12.596552 2.280486
12.552930 2.279570
12.451226 2.277434
12.372722 2.275785
12.483526 2.278112
12.547870 2.279463
12.560415 2.279727
12.600465 2.280568
12.778876 2.284314
12.883662 2.286515
12.860624 2.286031
12.855584 2.285925
13.132600 2.291743
12.972135 2.288373
12.936354 2.287621
12.914594 2.287164
12.885969 2.286563
12.871366 2.286257
12.676595 2.282167
12.691377 2.282477
12.721242 2.283104
12.581250 2.280164
12.597439 2.280504
12.704982 2.282763
12.799820 2.284754
12.742092 2.283542
12.777720 2.284290
12.773745 2.284207
12.756506 2.283845
12.767268 2.284071
12.787975 2.284506
12.844309 2.285689
12.947933 2.287865
12.995955 2.288873
13.007645 2.289119
13.341778 2.296135
13.400338 2.297365
13.192766 2.293006
13.616937 2.301913
13.572050 2.300971
13.564862 2.300820
13.867734 2.307180
13.717187 2.304019
13.704286 2.303748
13.693410 2.303519
13.662442 2.302869
13.562357 2.300767
13.568007 2.300886
13.549674 2.300501
13.531317 2.300115
13.678333 2.303203
13.556212 2.300638
13.510215 2.299672
13.505920 2.299582
13.423378 2.297849
13.747115 2.304647
13.797840 2.305712
13.666406 2.302952
13.800319 2.305764
13.686188 2.303368
13.600934 2.301577
13.601807 2.301596
13.627361 2.302132
13.506239 2.299589
13.494646 2.299345
13.468910 2.298805
13.245269 2.294109
13.223169 2.293644
13.082854 2.290698
13.082854 2.290698
13.099179 2.291041
12.926673 2.287418
13.075500 2.290543
13.058427 2.290185
13.105347 2.291170
13.007998 2.289126
13.167569 2.292477
13.145612 2.292016
13.129432 2.291676
13.215446 2.293482
13.027143 2.289528
13.028343 2.289553
13.040534 2.289809
13.113003 2.291331
13.076440 2.290563
13.156532 2.292245
13.105499 2.291173
13.105499 2.291173
13.130068 2.291689
13.046998 2.289945
13.046998 2.289945
13.074273 2.290518
13.101299 2.291085
13.324011 2.295762
13.375188 2.296837
13.345857 2.296221
13.352014 2.296350
13.027062 2.289526
12.828091 2.285348
12.769036 2.284108
13.010566 2.289180
12.956200 2.288038
12.700423 2.282667
12.858922 2.285995
12.875574 2.286345
12.975763 2.288449
12.994649 2.288846
12.994649 2.288846
13.008758 2.289142
12.958913 2.288095
12.954231 2.287997
13.546843 2.300441
13.706697 2.303798
13.724130 2.304164
13.720340 2.304085
13.745995 2.304624
13.745995 2.304624
13.800380 2.305766
13.806515 2.305894
13.808669 2.305940
13.729239 2.304272
13.754006 2.304792
13.585832 2.301260
13.544843 2.300399
13.627415 2.302133
13.649869 2.302605
13.807757 2.305921
13.803460 2.305830
13.787779 2.305501
13.787779 2.305501
13.761003 2.304939
13.745295 2.304609
13.657205 2.302759
13.634549 2.302283
13.746784 2.304640
13.760606 2.304930
13.531862 2.300127
13.491083 2.299271
13.294592 2.295144
13.188420 2.292915
13.117326 2.291422
13.065244 2.290328
12.937160 2.287638
13.116012 2.291394
13.351925 2.296348
13.295944 2.295173
13.014832 2.289269
12.882909 2.286499
13.022266 2.289426
13.130869 2.291706
13.000844 2.288976
13.000844 2.288976
13.035893 2.289712
13.035893 2.289712
13.139320 2.291884
13.157600 2.292268
13.278822 2.294813
13.346359 2.296231
13.378309 2.296902
13.392869 2.297208
13.357111 2.296457
13.357111 2.296457
13.359923 2.296516
13.352915 2.296369
13.510904 2.299687
13.473785 2.298907
13.239527 2.293988
13.258023 2.294376
13.323408 2.295749
13.354572 2.296404
13.350508 2.296319
13.334282 2.295978
13.311379 2.295497
13.303382 2.295329
13.295309 2.295159
13.276447 2.294763
13.209122 2.293349
13.153364 2.292179
13.165048 2.292424
13.228907 2.293765
13.216207 2.293498
13.323808 2.295758
13.373415 2.296800
13.311789 2.295505
13.227975 2.293745
13.221471 2.293609
13.233463 2.293861
13.194120 2.293034
13.091276 2.290875
13.128141 2.291649
13.091247 2.290874
13.123104 2.291543
13.231486 2.293819
13.231486 2.293819
13.173948 2.292611
12.709657 2.282861
12.709657 2.282861
12.722026 2.283121
12.562340 2.279767
12.563580 2.279793
12.542162 2.279344
12.693064 2.282512
12.541021 2.279320
12.541021 2.279320
12.637552 2.281347
12.415290 2.276679
12.405568 2.276475
12.390982 2.276169
12.428843 2.276964
12.380610 2.275951
12.329551 2.274879
12.355268 2.275419
11.947491 2.266856
11.977129 2.267478
12.104924 2.270162
12.139693 2.270892
12.092236 2.269895
12.119117 2.270460
12.046355 2.268932
11.930938 2.266508
11.937991 2.266656
12.128782 2.270663
12.633949 2.281271
13.017591 2.289327
13.042607 2.289853
13.042607 2.289853
12.888090 2.286608
12.938347 2.287663
12.948475 2.287876
12.870092 2.286230
12.830087 2.285390
12.940533 2.287709
12.696645 2.282588
12.792182 2.284594
12.828744 2.285362
12.851739 2.285845
12.851739 2.285845
12.695165 2.282557
12.801223 2.284784
12.930046 2.287489
13.065009 2.290323
13.067094 2.290367
12.874837 2.286330
12.875702 2.286348
12.741171 2.283523
12.685720 2.282358
12.574099 2.280014
12.563723 2.279796
12.571877 2.279968
12.583808 2.280218
12.586489 2.280274
12.597741 2.280511
12.954493 2.288002
12.951599 2.287942
12.971185 2.288353
13.019429 2.289366
12.951597 2.287942
12.908133 2.287029
12.930959 2.287508
12.930959 2.287508
12.930959 2.287508
13.026762 2.289520
13.044002 2.289882
13.003805 2.289038
12.977435 2.288484
13.003877 2.289039
13.023507 2.289452
13.037837 2.289753
13.093621 2.290924
13.006095 2.289086
12.980787 2.288555
12.989673 2.288741
13.004363 2.289050
13.081614 2.290672
13.211372 2.293397
13.139668 2.291891
13.107101 2.291207
13.033333 2.289658
13.011924 2.289208
13.015614 2.289286
12.571098 2.279951
12.167820 2.271483
12.110015 2.270269
12.442356 2.277248
12.437072 2.277137
12.446366 2.277332
12.442544 2.277252
12.169259 2.271513
12.169259 2.271513
11.796042 2.263675
11.760968 2.262939
11.965299 2.267230
11.463643 2.256695
11.509482 2.257658
11.710607 2.261881
11.613301 2.259838
11.518691 2.257851
11.553762 2.258588
11.410400 2.255577
11.440056 2.256200
11.452306 2.256457
11.519318 2.257864
11.545761 2.258420
11.555451 2.258623
11.963458 2.267191
11.963458 2.267191
11.954933 2.267012
12.023447 2.268451
12.029983 2.268588
11.821748 2.264215
11.828189 2.264350
11.828189 2.264350
11.857464 2.264965
11.829627 2.264381
11.829627 2.264381
11.771958 2.263170
11.742211 2.262545
11.711354 2.261897
11.721585 2.262112
11.721585 2.262112
11.787213 2.263490
11.799729 2.263753
11.685506 2.261354
11.642997 2.260461
10.997803 2.246913
10.895569 2.244766
10.527201 2.237030
10.507499 2.236616
10.506842 2.236603
10.508948 2.236647
10.334659 2.232987
10.302430 2.232310
10.224437 2.230672
10.187581 2.229898
10.240306 2.231005
10.304983 2.232364
10.362184 2.233565
10.344626 2.233196
10.374365 2.233821
10.503098 2.236524
10.456877 2.235553
10.449409 2.235397
10.420990 2.234800
10.423555 2.234854
10.446411 2.235334
10.618772 2.238953
10.618772 2.238953
10.626961 2.239125
10.463967 2.235702
10.455997 2.235535
10.447944 2.235366
10.409224 2.234553
10.126374 2.228613
10.110013 2.228269
10.110013 2.228269
10.109903 2.228267
10.135237 2.228799
10.170101 2.229531
10.128612 2.228660
10.114392 2.228361
10.251978 2.231251
10.287615 2.231999
10.392843 2.234209
10.415727 2.234689
10.424993 2.234884
10.409315 2.234555
10.490371 2.236257
10.433457 2.235062
10.431474 2.235020
10.415020 2.234674
10.459455 2.235608
10.437046 2.235137
10.440928 2.235218
10.457525 2.235567
10.437187 2.235140
10.441347 2.235227
10.401538 2.234391
10.394909 2.234252
10.430611 2.235002
10.346952 2.233245
10.731964 2.241330
10.756646 2.241848
10.813754 2.243048
10.815650 2.243087
10.678489 2.240207
10.653490 2.239682
10.466132 2.235748
10.626373 2.239113
10.619498 2.238968
10.564697 2.237818
10.563404 2.237790
10.496492 2.236385
10.491953 2.236290
10.498750 2.236433
10.506495 2.236595
10.591216 2.238374
10.612066 2.238812
10.470217 2.235834
10.470217 2.235834
10.424049 2.234864
10.386688 2.234079
10.348025 2.233268
10.356486 2.233445
10.454732 2.235508
10.454732 2.235508
10.438913 2.235176
10.474624 2.235926
10.478716 2.236012
10.534639 2.237186
10.569177 2.237912
10.573160 2.237995
10.572478 2.237981
11.035625 2.247707
11.260973 2.252439
11.310052 2.253470
11.246906 2.252144
11.246906 2.252144
10.805167 2.242867
10.805167 2.242867
10.819146 2.243161
11.007785 2.247122
10.991903 2.246789
10.991903 2.246789
10.967624 2.246279
10.967616 2.246279
12.470020 2.277829
12.438397 2.277165
12.579282 2.280123
12.590767 2.280364
11.149799 2.250104
11.178546 2.250708
11.145728 2.250019
11.129841 2.249685
11.035850 2.247712
11.039856 2.247796
10.988523 2.246718
11.038243 2.247762
11.032727 2.247646
10.945163 2.245807
10.892876 2.244709
10.656083 2.239737
10.620620 2.238992
10.395359 2.234262
10.395359 2.234262
10.388402 2.234115
10.705998 2.240785
10.799604 2.242751
10.612534 2.238822
10.998605 2.246929
10.997013 2.246896
11.002953 2.247021
11.022978 2.247441
10.908451 2.245036
10.925246 2.245389
10.964363 2.246210
11.028245 2.247552
10.955659 2.246028
10.955659 2.246028
10.996750 2.246891
10.762906 2.241980
13.184811 2.292839
13.326025 2.295804
13.348270 2.296272
13.463827 2.298698
13.688284 2.303412
13.756283 2.304840
13.756283 2.304840
13.975604 2.309445
14.032376 2.310637
14.032376 2.310637
14.032376 2.310637
14.051521 2.311040
14.080612 2.311650
14.063321 2.311287
14.063321 2.311287
14.046527 2.310935
13.978414 2.309504
14.009165 2.310150
14.042151 2.310843
14.044179 2.310885
14.022224 2.310424
13.840934 2.306617
14.285205 2.315947
14.530966 2.321108
14.534677 2.321186
14.533515 2.321161
14.741136 2.325521
14.742149 2.325542
14.739953 2.325496
14.749568 2.325698
14.749568 2.325698
15.011874 2.331207
15.059592 2.332209
15.080680 2.332651
15.223929 2.335660
15.313215 2.337535
15.334903 2.337990
15.307598 2.337417
15.204619 2.335254
15.204619 2.335254
14.909356 2.329054
14.925057 2.329383
15.024501 2.331472
14.892268 2.328695
14.906685 2.328998
14.825671 2.327296
14.802055 2.326800
14.802055 2.326800
14.860910 2.328036
14.892752 2.328705
14.838319 2.327562
14.867138 2.328167
14.883280 2.328506
12.508766 2.278642
12.511835 2.278707
12.494428 2.278341
12.439611 2.277190
12.475930 2.277953
12.477032 2.277976
12.443296 2.277267
12.414592 2.276665
12.425272 2.276889
12.332672 2.274944
12.332672 2.274944
12.375175 2.275837
12.465603 2.277736
12.426424 2.276913
12.449637 2.277401
12.481722 2.278074
12.312928 2.274530
12.635775 2.281309
12.618190 2.280940
12.658245 2.281781
12.660819 2.281835
12.661026 2.281840
12.656426 2.281743
12.656426 2.281743
12.926035 2.287405
12.922828 2.287337
12.859839 2.286015
12.785000 2.284443
12.936489 2.287624
13.024421 2.289471
13.024421 2.289471
13.009501 2.289158
13.038951 2.289776
13.038951 2.289776
13.039131 2.289780
12.501901 2.278498
12.502686 2.278515
12.612798 2.280827
12.627069 2.281127
12.538392 2.279264
12.918034 2.287237
12.965044 2.288224
12.953348 2.287978
12.953348 2.287978
13.134416 2.291781
13.266146 2.294547
13.291540 2.295080
13.315042 2.295574
13.304925 2.295361
13.264619 2.294515
13.202091 2.293202
13.149607 2.292100
13.214000 2.293452
13.357587 2.296467
13.166325 2.292451
12.640573 2.281410
12.659164 2.281801
12.636546 2.281326
12.636546 2.281326
12.685750 2.282359
12.598520 2.280527
12.583179 2.280205
12.574756 2.280028
12.584515 2.280233
12.621668 2.281013
12.633342 2.281258
12.675307 2.282140
12.667528 2.281976
12.720648 2.283092
12.679423 2.282226
12.688661 2.282420
12.656292 2.281740
12.649872 2.281605
12.662022 2.281861
12.697518 2.282606
12.714390 2.282960
12.728483 2.283256
12.720468 2.283088
12.813956 2.285051
12.859859 2.286015
12.635427 2.281302
12.659216 2.281802
12.826636 2.285317
12.826636 2.285317
12.790956 2.284568
12.807553 2.284917
12.969530 2.288318
13.166762 2.292460
13.175892 2.292652
13.045494 2.289913
13.034597 2.289685
12.965410 2.288232
12.988985 2.288727
12.996398 2.288882
12.973987 2.288412
12.647561 2.281557
12.512700 2.278725
12.834966 2.285492
12.792866 2.284608
12.751110 2.283731
12.765774 2.284039
12.759772 2.283913
12.558931 2.279696
12.522679 2.278934
12.547045 2.279446
12.547045 2.279446
12.769288 2.284113
12.726190 2.283208
12.749929 2.283707
12.709949 2.282867
12.709949 2.282867
12.867379 2.286173
12.867379 2.286173
12.848521 2.285777
12.875067 2.286334
12.844327 2.285689
12.969127 2.288310
12.974461 2.288422
12.900282 2.286864
12.900282 2.286864
12.852596 2.285863
12.674543 2.282124
12.539345 2.279284
12.710544 2.282880
12.683329 2.282308
12.111280 2.270295
12.119783 2.270474
12.119783 2.270474
12.105945 2.270183
12.135089 2.270795
12.135089 2.270795
12.137031 2.270836
12.043913 2.268881
12.001216 2.267984
12.001216 2.267984
12.001216 2.267984
11.989649 2.267741
11.989649 2.267741
12.066045 2.269345
12.104407 2.270151
12.440301 2.277205
12.448732 2.277382
12.233193 2.272855
12.286703 2.273979
12.764979 2.284023
12.563469 2.279791
12.566070 2.279846
12.582694 2.280195
12.582694 2.280195
12.347551 2.275257
12.347551 2.275257
12.671493 2.282059
12.673287 2.282097
11.799308 2.263744
11.793558 2.263623
11.794020 2.263633
11.818172 2.264140
11.824184 2.264266
11.829819 2.264385
12.218999 2.272557
12.346190 2.275228
12.331861 2.274927
12.296174 2.274178
14.014292 2.310258
14.042698 2.310854
14.152043 2.313150
13.832954 2.306450
13.825943 2.306302
13.915013 2.308173
13.779553 2.305328
13.766851 2.305062
13.770116 2.305130
13.847238 2.306750
13.894446 2.307741
13.861558 2.307050
13.939500 2.308687
14.382188 2.317983
14.245014 2.315103
14.234883 2.314890
14.233757 2.314866
14.228145 2.314749
14.179454 2.313726
14.203175 2.314224
13.963731 2.309196
13.976033 2.309454
13.709363 2.303854
13.726888 2.304222
13.728866 2.304264
13.728866 2.304264
13.737177 2.304438
13.698396 2.303624
13.715266 2.303978
13.655606 2.302725
13.714180 2.303956
13.746330 2.304631
13.690205 2.303452
13.664666 2.302916
14.118690 2.312450
14.069174 2.311410
14.057805 2.311171
13.945071 2.308804
13.915075 2.308174
13.957042 2.309056
14.011570 2.310201
13.949754 2.308902
13.899911 2.307856
14.050956 2.311028
14.086160 2.311767
14.714271 2.324957
13.385118 2.297045
13.431360 2.298016
13.431360 2.298016
13.372024 2.296770
13.360510 2.296529
13.406814 2.297501
13.413389 2.297639
13.341525 2.296130
13.331195 2.295913
13.326164 2.295807
12.930411 2.287497
12.887827 2.286602
12.850632 2.285821
12.238455 2.272966
12.219896 2.272576
12.183941 2.271821
12.153378 2.271179
12.091968 2.269890
12.081975 2.269680
11.944514 2.266793
11.953628 2.266985
11.934087 2.266574
11.919391 2.266266
11.839088 2.264579
11.879677 2.265432
11.900967 2.265879
11.923445 2.266351
11.908263 2.266032
12.007645 2.268119
12.036244 2.268719
12.074294 2.269519
11.968600 2.267299
12.000178 2.267962
12.058480 2.269186
12.063762 2.269297
11.883692 2.265516
11.922994 2.266341
11.967026 2.267266
11.898574 2.265828
12.114638 2.270366
12.115841 2.270391
12.007189 2.268109
12.007189 2.268109
12.007189 2.268109
12.053090 2.269073
12.005771 2.268080
12.004940 2.268062
11.931617 2.266522
11.608304 2.259733
11.664133 2.260905
11.697576 2.261608
11.697576 2.261608
11.745317 2.262610
11.786264 2.263470
11.867928 2.265185
11.885086 2.265545
11.885086 2.265545
11.874254 2.265318
11.833016 2.264452
11.833016 2.264452
11.812053 2.264012
11.696163 2.261578
11.658606 2.260789
11.657571 2.260768
11.651692 2.260644
11.512768 2.257727
11.527838 2.258043
11.372938 2.254790
11.408583 2.255539
11.369106 2.254710
11.354374 2.254400
11.350608 2.254321
11.317284 2.253622
11.271978 2.252670
11.357852 2.254474
11.368427 2.254696
11.467830 2.256783
11.382053 2.254982
11.368719 2.254702
12.011723 2.268205
11.970152 2.267332
11.914666 2.266166
11.870957 2.265249
11.870957 2.265249
12.379116 2.275920
12.334424 2.274981
12.334424 2.274981
12.313669 2.274545
12.320384 2.274686
12.324327 2.274769
12.278508 2.273807
12.278508 2.273807
12.284532 2.273933
12.249925 2.273207
12.249925 2.273207
12.249925 2.273207
12.070839 2.269446
12.091850 2.269887
12.088564 2.269818
12.186056 2.271865
12.776443 2.284263
12.743658 2.283575
13.525012 2.299983
13.575451 2.301042
13.640772 2.302414
13.640772 2.302414
13.133109 2.291753
12.236150 2.272917
12.215230 2.272478
12.529698 2.279082
12.527355 2.279033
12.554417 2.279601
12.556492 2.279644
12.581547 2.280171
12.629687 2.281182
12.642544 2.281452
12.738131 2.283459
12.730087 2.283290
12.730087 2.283290
12.282564 2.273892
12.204154 2.272246
12.032239 2.268635
12.347478 2.275255
12.457671 2.277569
12.604356 2.280650
12.594384 2.280440
12.582025 2.280181
12.587427 2.280294
12.526678 2.279018
12.529781 2.279084
13.102673 2.291114
13.102673 2.291114
13.152244 2.292155
13.082277 2.290686
13.096195 2.290978
13.028737 2.289561
13.065968 2.290343
13.102616 2.291113
13.007402 2.289113
13.011319 2.289196
12.962577 2.288172
12.949393 2.287895
12.976311 2.288461
13.390997 2.297169
13.406866 2.297502
13.431162 2.298012
12.993786 2.288827
13.002850 2.289018
12.962540 2.288171
12.855876 2.285931
12.862606 2.286073
12.862606 2.286073
12.789063 2.284528
12.789063 2.284528
12.789512 2.284538
12.829823 2.285384
12.768710 2.284101
12.795130 2.284656
12.857112 2.285957
12.810672 2.284982
12.690270 2.282454
12.643239 2.281466
14.728892 2.325264
14.135798 2.312809
14.126393 2.312612
14.890769 2.328663
14.969754 2.330322
15.864362 2.349108
15.856312 2.348939
16.098039 2.354016
16.034157 2.352674
16.000752 2.351973
15.787231 2.347489
15.795751 2.347668
15.797513 2.347705
15.733021 2.346350
15.733021 2.346350
15.769437 2.347115
15.754399 2.346799
15.781294 2.347364
15.737808 2.346451
15.712730 2.345924
15.773294 2.347196
15.722389 2.346127
15.686762 2.345379
15.723799 2.346157
15.723799 2.346157
15.705958 2.345782
15.529788 2.342083
15.052988 2.332070
15.029783 2.331583
14.851902 2.327847
14.887626 2.328597
14.878521 2.328406
14.764503 2.326012
14.825624 2.327295
14.887998 2.328605
14.882279 2.328485
14.884027 2.328522
14.875845 2.328350
14.869557 2.328218
15.270537 2.336638
15.421955 2.339818
15.408923 2.339544
15.577969 2.343094
15.659277 2.344802
15.582700 2.343194
15.554337 2.342598
15.602120 2.343602
15.588397 2.343313
15.588397 2.343313
15.605129 2.343665
15.569086 2.342908
15.486758 2.341179
15.438141 2.340158
15.435323 2.340099
15.318362 2.337643
15.115968 2.333393
15.159479 2.334306
15.185831 2.334860
15.067203 2.332368
15.089967 2.332846
15.102817 2.333116
15.255171 2.336316
15.280944 2.336857
14.749483 2.325696
14.786618 2.326476
14.563471 2.321790
14.539311 2.321283
14.571249 2.321954
14.578787 2.322112
14.695951 2.324572
14.683050 2.324301
14.670100 2.324029
14.670100 2.324029
14.670100 2.324029
14.941832 2.329736
15.519724 2.341871
15.248188 2.336169
15.214253 2.335456
15.346092 2.338225
15.350647 2.338321
15.293614 2.337123
15.346353 2.338231
15.493477 2.341320
15.460320 2.340624
15.444462 2.340291
15.451926 2.340447
14.996512 2.330884
14.996512 2.330884
15.003659 2.331034
15.089699 2.332841
14.814578 2.327063
14.933026 2.329551
14.642230 2.323444
14.672455 2.324079
14.591202 2.322373
14.552819 2.321567
14.599036 2.322537
14.637370 2.323342
13.985334 2.309650
13.861761 2.307055
13.876549 2.307365
14.355687 2.317427
14.447331 2.319351
14.489243 2.320232
14.472594 2.319882
14.234949 2.314891
14.182423 2.313788
14.124132 2.312564
14.668668 2.323999
14.643053 2.323461
14.657070 2.323756
14.681679 2.324273
14.681679 2.324273
14.704392 2.324750
14.721584 2.325111
14.754875 2.325810
14.723366 2.325148
14.740874 2.325516
15.002225 2.331004
15.002225 2.331004
15.002225 2.331004
15.028377 2.331553
15.024996 2.331482
15.044080 2.331883
15.079454 2.332626
15.116760 2.333409
15.169391 2.334514
14.702756 2.324715
14.724983 2.325182
14.671730 2.324064
13.658376 2.302784
13.658376 2.302784
13.482475 2.299090
13.398453 2.297325
13.398453 2.297325
13.398453 2.297325
13.370312 2.296734
13.501147 2.299482
13.525855 2.300001
13.457687 2.298569
13.098028 2.291017
13.214967 2.293472
13.275646 2.294746
13.329230 2.295872
13.326146 2.295807
13.429547 2.297978
13.410754 2.297584
13.367212 2.296669
13.329865 2.295885
13.389929 2.297146
12.539357 2.279285
12.506104 2.278586
12.474448 2.277922
12.431588 2.277022
12.269459 2.273617
12.272073 2.273672
12.273159 2.273695
12.263506 2.273492
12.318030 2.274637
12.385626 2.276056
12.386362 2.276072
12.386362 2.276072
12.434214 2.277077
12.401930 2.276399
12.351875 2.275348
12.351875 2.275348
12.356012 2.275434
12.298481 2.274226
12.298481 2.274226
12.597545 2.280507
12.686994 2.282385
12.886138 2.286567
13.077207 2.290579
13.084149 2.290725
13.074339 2.290519
13.084556 2.290734
13.123134 2.291544
13.086551 2.290776
13.031103 2.289611
12.991832 2.288786
12.991832 2.288786
13.242614 2.294053
13.245291 2.294109
13.214417 2.293461
13.153464 2.292181
13.153464 2.292181
13.324216 2.295766
13.335455 2.296002
13.378579 2.296908
13.324100 2.295764
13.274708 2.294727
13.414763 2.297668
13.414763 2.297668
13.210434 2.293377
13.210434 2.293377
13.254631 2.294305
13.347779 2.296261
13.327379 2.295833
13.335063 2.295994
13.321607 2.295712
13.321924 2.295718
13.369502 2.296717
13.329389 2.295875
13.255756 2.294329
13.209257 2.293352
13.405536 2.297474
13.396237 2.297279
13.399556 2.297349
13.263290 2.294487
13.274223 2.294717
13.203496 2.293231
13.212174 2.293414
13.213969 2.293451
13.256340 2.294341
13.164118 2.292404
13.175243 2.292638
13.147140 2.292048
17.218762 2.377550
17.218762 2.377550
16.953648 2.371983
17.050753 2.374022
17.050753 2.374022
16.970412 2.372335
16.810350 2.368974
16.082991 2.353700
16.121129 2.354501
16.192530 2.356000
16.172548 2.355580
16.168963 2.355505
15.623618 2.344053
15.750839 2.346725
15.759563 2.346908
15.720250 2.346082
15.663496 2.344890
15.634617 2.344284
15.763853 2.346998
15.748294 2.346671
15.688603 2.345418
15.507896 2.341623
15.557885 2.342673
15.540676 2.342311
15.242699 2.336054
15.237157 2.335937
15.257600 2.336367
15.294866 2.337149
15.294866 2.337149
15.294866 2.337149
15.294866 2.337149
15.195254 2.335057
15.316421 2.337602
15.357038 2.338455
15.314708 2.337566
15.295455 2.337162
15.247057 2.336145
15.458251 2.340580
15.463531 2.340691
15.484330 2.341128
15.498976 2.341436
15.527814 2.342041
15.527814 2.342041
15.565129 2.342825
15.559913 2.342715
15.580873 2.343155
15.580873 2.343155
15.578148 2.343098
15.539515 2.342287
15.551325 2.342535
15.646776 2.344539
15.582199 2.343183
15.579158 2.343119
15.571287 2.342954
15.552262 2.342555
15.552262 2.342555
14.997780 2.330911
15.027680 2.331538
15.019504 2.331367
15.019504 2.331367
15.029414 2.331575
15.062196 2.332263
15.035601 2.331705
15.068550 2.332397
15.058063 2.332177
15.074206 2.332516
15.729227 2.346271
15.909408 2.350054
15.907356 2.350011
15.934997 2.350592
16.010928 2.352186
16.521637 2.362911
16.561783 2.363754
16.561783 2.363754
16.050360 2.353014
16.082088 2.353681
15.710575 2.345879
15.677336 2.345181
15.492403 2.341297
15.492403 2.341297
15.501998 2.341499
15.851263 2.348833
15.856268 2.348939
15.813515 2.348041
15.597610 2.343507
15.640307 2.344403
15.613413 2.343839
15.621944 2.344018
15.557723 2.342669
15.543235 2.342365
15.514711 2.341766
15.440343 2.340204
15.440343 2.340204
15.254135 2.336294
15.435854 2.340110
15.394184 2.339235
15.062109 2.332261
17.009649 2.373159
17.066293 2.374349
17.090695 2.374861
17.380181 2.380940
17.353129 2.380372
17.337946 2.380053
17.783596 2.389412
17.285976 2.378962
17.303332 2.379326
17.287812 2.379000
17.284095 2.378922
17.192379 2.376996
17.169095 2.376507
16.747249 2.367649
16.728380 2.367253
16.903126 2.370922
16.846165 2.369726
16.844862 2.369699
16.843719 2.369675
16.843737 2.369675
16.860172 2.370020
16.893382 2.370718
17.122732 2.375534
16.543576 2.363372
16.538405 2.363263
16.532217 2.363133
16.498689 2.362429
16.913975 2.371150
16.888439 2.370614
16.858254 2.369980
16.609340 2.364753
16.578467 2.364104
16.634881 2.365289
16.385750 2.360057
16.385750 2.360057
16.371217 2.359752
16.451211 2.361432
16.436207 2.361117
16.189606 2.355938
16.471114 2.361850
16.443711 2.361275
14.453831 2.319488
14.505962 2.320583
14.449088 2.319388
14.440625 2.319211
14.526554 2.321015
14.525379 2.320990
14.486313 2.320170
11.909778 2.266064
11.966811 2.267261
11.947838 2.266863
11.872627 2.265284
11.872627 2.265284
12.083338 2.269708
13.929412 2.308475
14.022313 2.310426
14.081770 2.311675
14.066189 2.311348
14.096153 2.311977
14.072823 2.311487
14.270395 2.315636
14.314427 2.316560
14.351037 2.317329
14.359174 2.317500
14.361968 2.317559
14.429110 2.318969
14.444265 2.319287
14.576263 2.322059
14.562064 2.321761
14.562064 2.321761
14.752636 2.325763
14.550278 2.321513
14.375118 2.317835
14.388514 2.318116
14.390877 2.318166
14.146365 2.313031
13.734915 2.304391
13.842495 2.306650
13.869494 2.307217
13.938156 2.308659
13.835186 2.306497
13.824298 2.306268
13.799858 2.305755
13.821122 2.306201
13.876535 2.307365
13.876535 2.307365
13.870830 2.307245
13.833441 2.306460
13.833441 2.306460
13.682100 2.303282
13.682100 2.303282
13.806925 2.305903
13.844413 2.306690
13.820323 2.306184
13.815145 2.306076
13.823135 2.306244
13.943313 2.308767
13.943313 2.308767
13.536152 2.300217
13.603294 2.301627
13.608480 2.301736
13.614393 2.301860
13.979422 2.309525
13.880166 2.307441
13.838002 2.306556
13.838002 2.306556
13.976693 2.309468
13.976693 2.309468
13.945995 2.308824
13.940121 2.308700
13.800520 2.305769
13.800520 2.305769
13.799112 2.305739
13.790485 2.305558
13.673407 2.303099
13.717843 2.304032
13.843854 2.306679
13.843854 2.306679
13.802776 2.305816
14.045590 2.310915
13.993549 2.309822
14.047847 2.310962
14.035040 2.310693
14.139492 2.312887
14.191534 2.313980
14.064826 2.311319
14.040959 2.310818
14.003686 2.310035
14.297873 2.316213
14.292620 2.316103
13.646731 2.302539
13.648832 2.302583
13.648832 2.302583
13.702116 2.303702
13.440034 2.298199
13.597388 2.301503
13.592248 2.301395
13.513319 2.299737
13.513319 2.299737
13.407173 2.297508
13.568987 2.300906
13.568987 2.300906
13.651666 2.302643
13.651666 2.302643
13.703852 2.303739
13.670513 2.303039
13.693327 2.303518
13.828963 2.306366
13.922295 2.308326
13.922295 2.308326
13.933618 2.308564
13.937212 2.308639
14.104025 2.312142
14.155636 2.313226
14.173370 2.313598
14.076241 2.311559
14.072208 2.311474
14.042080 2.310841
14.042080 2.310841
14.036129 2.310716
14.015306 2.310279
14.057162 2.311158
14.081881 2.311677
14.092477 2.311900
14.086385 2.311772
14.132348 2.312737
13.906353 2.307991
13.947264 2.308850
13.898016 2.307816
13.882440 2.307489
13.890757 2.307664
13.885558 2.307554
13.885558 2.307554
13.887243 2.307590
13.878733 2.307411
14.009141 2.310150
13.976106 2.309456
13.931883 2.308527
13.977889 2.309493
14.135155 2.312796
14.329721 2.316882
14.358184 2.317479
14.356085 2.317435
14.556337 2.321640
14.538726 2.321271
14.536601 2.321226
14.570693 2.321942
14.729874 2.325285
14.729874 2.325285
14.750287 2.325713
14.692044 2.324490
14.698620 2.324628
14.693364 2.324518
14.731630 2.325322
14.639308 2.323383
14.183005 2.313801
14.158127 2.313278
15.379624 2.338929
15.356711 2.338448
15.362586 2.338571
15.343483 2.338170
15.475510 2.340943
15.471706 2.340863
15.522153 2.341922
15.424615 2.339874
15.492979 2.341310
15.501645 2.341492
15.580561 2.343149
15.582178 2.343183
15.597984 2.343515
15.580722 2.343152
15.248979 2.336186
14.098426 2.312025
13.780632 2.305351
13.786079 2.305465
13.766633 2.305057
13.767910 2.305084
13.719286 2.304063
13.719286 2.304063
13.665944 2.302943
13.655020 2.302713
13.641479 2.302429
13.673364 2.303098
13.567223 2.300869
13.623950 2.302061
13.605052 2.301664
13.608890 2.301744
13.647298 2.302551
13.647298 2.302551
13.644834 2.302499
13.602716 2.301615
13.553619 2.300584
13.768731 2.305101
13.689154 2.303430
13.715778 2.303989
13.684294 2.303328
13.755308 2.304819
13.561591 2.300751
13.522935 2.299939
13.578965 2.301116
13.578965 2.301116
13.569558 2.300918
14.005736 2.310078
13.960681 2.309132
13.910921 2.308087
13.926800 2.308420
13.954952 2.309012
13.926884 2.308422
13.914853 2.308170
13.798494 2.305726
13.818476 2.306146
13.799623 2.305750
13.893503 2.307721
13.459453 2.298606
13.467170 2.298768
13.571377 2.300957
13.705580 2.303775
13.660852 2.302836
13.664790 2.302918
13.627390 2.302133
13.375475 2.296843
13.378096 2.296898
13.291662 2.295083
13.274282 2.294718
13.122868 2.291538
13.122868 2.291538
13.088234 2.290811
13.090920 2.290867
13.175367 2.292641
13.292899 2.295109
13.178522 2.292707
13.118090 2.291438
13.200627 2.293171
13.231237 2.293814
13.239556 2.293989
13.239694 2.293991
13.249417 2.294196
13.320857 2.295696
13.317193 2.295619
13.298373 2.295224
13.636295 2.302320
13.636295 2.302320
13.628602 2.302158
13.855071 2.306914
13.855071 2.306914
13.855071 2.306914
13.859088 2.306998
14.536696 2.321228
14.551521 2.321539
14.555438 2.321622
14.532135 2.321132
14.541692 2.321333
14.551886 2.321547
14.679827 2.324234
14.463934 2.319700
13.920681 2.308292
14.001192 2.309983
14.023177 2.310444
13.607729 2.301720
13.618188 2.301940
13.610906 2.301787
13.087411 2.290794
13.100173 2.291062
13.147125 2.292048
13.295551 2.295164
13.536544 2.300225
13.516887 2.299812
13.516887 2.299812
13.661850 2.302857
13.669172 2.303010
13.738914 2.304475
13.795886 2.305671
13.781384 2.305367
13.857519 2.306966
13.883008 2.307501
13.885988 2.307563
14.042103 2.310842
14.062826 2.311277
14.163762 2.313397
14.163762 2.313397
14.201518 2.314189
14.293393 2.316119
14.195309 2.314059
14.195309 2.314059
14.183576 2.313813
14.282128 2.315882
14.305353 2.316370
14.305353 2.316370
14.337969 2.317055
14.217854 2.314532
14.240007 2.314998
14.237332 2.314941
14.192328 2.313996
14.182797 2.313796
14.182797 2.313796
14.182797 2.313796
14.121395 2.312507
13.683057 2.303302
13.465852 2.298741
13.468048 2.298787
13.535399 2.300201
13.535399 2.300201
13.528404 2.300054
13.617388 2.301923
13.613979 2.301851
13.621700 2.302013
13.744597 2.304594
13.758740 2.304891
13.765252 2.305028
13.765252 2.305028
15.056275 2.332139
15.002359 2.331007
15.007348 2.331112
14.930302 2.329494
14.930302 2.329494
15.369089 2.338708
15.373699 2.338805
15.310761 2.337483
15.288595 2.337018
15.296842 2.337191
15.296842 2.337191
15.296842 2.337191
15.664653 2.344915
15.634352 2.344278
15.634249 2.344276
15.718962 2.346055
15.818014 2.348135
15.789079 2.347528
15.362575 2.338571
14.820030 2.327178
14.843891 2.327679
14.573899 2.322009
14.573899 2.322009
14.573899 2.322009
14.598836 2.322533
14.572730 2.321985
14.522283 2.320925
14.522283 2.320925
14.603171 2.322624
14.565212 2.321827
14.564466 2.321811
14.538714 2.321270
14.553841 2.321588
14.502161 2.320503
14.562076 2.321761
14.562076 2.321761
14.410557 2.318579
14.388005 2.318106
14.312971 2.316530
14.266001 2.315544
14.271031 2.315649
14.271031 2.315649
14.298023 2.316216
14.300775 2.316274
14.542903 2.321358
14.631183 2.323212
14.631183 2.323212
14.629756 2.323182
14.629756 2.323182
14.697179 2.324598
14.525821 2.321000
14.525821 2.321000
14.486998 2.320184
14.493618 2.320323
14.455836 2.319530
14.439666 2.319190
14.566133 2.321846
14.884569 2.328533
14.850354 2.327815
14.827444 2.327334
14.584698 2.322236
14.558980 2.321696
14.718196 2.325039
14.667669 2.323978
14.665427 2.323931
14.483176 2.320104
14.405439 2.318472
14.420917 2.318797
14.490243 2.320253
14.371377 2.317756
14.235577 2.314905
14.192886 2.314008
14.182829 2.313797
14.179892 2.313735
14.191045 2.313969
14.174251 2.313617
14.268650 2.315599
13.775158 2.305236
13.761943 2.304958
13.784810 2.305439
13.831100 2.306411
13.734689 2.304386
13.685600 2.303355
13.495425 2.299362
13.563570 2.300793
13.568177 2.300889
13.325298 2.295789
13.290510 2.295059
13.291660 2.295083
13.415082 2.297675
13.764977 2.305022
13.743603 2.304573
13.732346 2.304337
13.731996 2.304330
13.788719 2.305521
13.768570 2.305098
13.775502 2.305243
13.772574 2.305182
13.748922 2.304685
13.692452 2.303499
13.700076 2.303659
13.916594 2.308206
13.909955 2.308067
14.054237 2.311097
14.046343 2.310931
13.990069 2.309749
13.990069 2.309749
13.993691 2.309825
13.993691 2.309825
13.989992 2.309747
13.963056 2.309182
13.758848 2.304893
13.545548 2.300414
13.556859 2.300652
13.564445 2.300811
13.389094 2.297129
13.542086 2.300342
13.509513 2.299658
13.514947 2.299772
13.532384 2.300138
13.551390 2.300537
13.515484 2.299783
13.427507 2.297935
13.272271 2.294676
12.647268 2.281551
12.199588 2.272150
12.206818 2.272301
12.245051 2.273104
12.213538 2.272443
12.330614 2.274901
12.324441 2.274772
12.374974 2.275833
12.374974 2.275833
12.381487 2.275969
12.381487 2.275969
12.341438 2.275128
12.341438 2.275128
12.339478 2.275087
12.276340 2.273761
12.266883 2.273563
12.481711 2.278074
12.492338 2.278297
12.527952 2.279045
12.545394 2.279411
12.565358 2.279831
12.565550 2.279835
12.560391 2.279726
12.570970 2.279949
12.884568 2.286534
12.906808 2.287001
13.090726 2.290863
13.041313 2.289826
13.111381 2.291297
13.077894 2.290594
13.077676 2.290589
13.049169 2.289991
13.072513 2.290481
12.991740 2.288785
12.956923 2.288053
12.895915 2.286772
12.891507 2.286680
12.907965 2.287025
13.187881 2.292903
13.233060 2.293852
13.270692 2.294642
13.154126 2.292195
13.178813 2.292713
13.148334 2.292073
12.855294 2.285919
12.877175 2.286379
12.848678 2.285780
12.876335 2.286361
12.878470 2.286406
12.901389 2.286887
12.896888 2.286793
12.946678 2.287838
12.963870 2.288199
12.947146 2.287848
12.949786 2.287904
12.999016 2.288937
12.999016 2.288937
12.990521 2.288759
12.956544 2.288045
12.942232 2.287745
12.990939 2.288768
13.288234 2.295011
13.333378 2.295959
13.342612 2.296153
13.267687 2.294579
13.253208 2.294275
13.223736 2.293656
13.197744 2.293111
13.152595 2.292162
13.164750 2.292418
13.157748 2.292271
12.923341 2.287348
12.670537 2.282039
12.928137 2.287449
12.926843 2.287422
12.934662 2.287586
13.043840 2.289879
13.121407 2.291507
13.099026 2.291038
12.872889 2.286289
12.876417 2.286363
12.876417 2.286363
12.912435 2.287119
12.911771 2.287105
12.918020 2.287236
12.924150 2.287365
12.963592 2.288193
13.037093 2.289737
13.050176 2.290012
12.982326 2.288587
12.635472 2.281303
12.605486 2.280673
12.593478 2.280421
12.554587 2.279604
12.546072 2.279426
12.667337 2.281972
12.641135 2.281422
12.891731 2.286684
12.903967 2.286941
12.457337 2.277562
12.468582 2.277798
12.549659 2.279501
12.451115 2.277432
12.397282 2.276301
12.379914 2.275936
12.415292 2.276679
12.432674 2.277044
12.456939 2.277554
12.582490 2.280190
12.462301 2.277667
12.493713 2.278326
12.440592 2.277211
12.448045 2.277367
12.080983 2.269659
12.102844 2.270118
12.604425 2.280651
12.599469 2.280547
12.554337 2.279599
12.549175 2.279491
12.198815 2.272133
12.607360 2.280713
12.820477 2.285188
12.856463 2.285944
12.949796 2.287904
12.847865 2.285763
12.900671 2.286872
12.903251 2.286926
12.916187 2.287198
12.903284 2.286927
13.308328 2.295433
13.671280 2.303055
13.682624 2.303293
13.705082 2.303764
13.618727 2.301951
13.643893 2.302479
13.597138 2.301498
13.747445 2.304654
13.732492 2.304340
13.724466 2.304172
13.696813 2.303591
13.670453 2.303037
13.667698 2.302979
13.734918 2.304391
13.528140 2.300049
13.530404 2.300096
13.532594 2.300142
13.625881 2.302101
13.508167 2.299629
13.339870 2.296095
13.076273 2.290560
11.980204 2.267543
11.980204 2.267543
11.919440 2.266267
12.001409 2.267988
11.978371 2.267504
12.015808 2.268290
12.012090 2.268212
11.850328 2.264815
11.954181 2.266996
11.999755 2.267953
11.999755 2.267953
11.787097 2.263487
11.753164 2.262775
11.782026 2.263381
11.788561 2.263518
11.726362 2.262212
11.588401 2.259315
11.548093 2.258469
11.519262 2.257863
11.524165 2.257966
11.457278 2.256561
11.149543 2.250099
11.402358 2.255408
11.388220 2.255111
11.388220 2.255111
11.389665 2.255142
11.413793 2.255648
12.344919 2.275202
12.328036 2.274847
12.327286 2.274831
12.335613 2.275006
12.301886 2.274298
12.008388 2.268135
12.014546 2.268264
11.891171 2.265673
11.905613 2.265976
11.889328 2.265634
11.848120 2.264769
11.962953 2.267180
11.971300 2.267356
11.706169 2.261788
11.716691 2.262009
11.724497 2.262173
11.665613 2.260936
11.709536 2.261859
11.888952 2.265626
11.907025 2.266006
11.921107 2.266302
11.949058 2.266889
11.980922 2.267558
11.887267 2.265591
11.896333 2.265781
12.036153 2.268718
12.070567 2.269440
12.059263 2.269203
12.048418 2.268975
11.943710 2.266776
11.891749 2.265685
12.071897 2.269468
12.339868 2.275095
12.319062 2.274659
12.332825 2.274948
12.294895 2.274151
12.141652 2.270933
12.468837 2.277804
12.501564 2.278491
12.460064 2.277620
12.760166 2.283922
12.779804 2.284334
12.760857 2.283936
12.798193 2.284720
12.786617 2.284477
12.814323 2.285059
12.717066 2.283016
12.722240 2.283125
12.665190 2.281927
12.679390 2.282225
12.679390 2.282225
12.849254 2.285792
12.956080 2.288036
12.898745 2.286832
12.898759 2.286832
12.873406 2.286300
12.849772 2.285803
12.856992 2.285955
12.605357 2.280671
12.593506 2.280422
12.013095 2.268233
12.037107 2.268738
12.099992 2.270058
12.006276 2.268090
12.119344 2.270465
11.999048 2.267938
12.007021 2.268106
12.007021 2.268106
12.047367 2.268953
11.850285 2.264814
11.840265 2.264604
12.115457 2.270383
12.124018 2.270563
12.227763 2.272741
12.268048 2.273587
12.518580 2.278848
12.458898 2.277595
12.466739 2.277760
12.463999 2.277702
12.466035 2.277745
12.454598 2.277505
12.446060 2.277325
12.363054 2.275582
12.352217 2.275355
12.355457 2.275423
12.374740 2.275828
12.212884 2.272429
12.223134 2.272644
12.760675 2.283932
13.198121 2.293118
13.057029 2.290156
13.073484 2.290501
13.269512 2.294618
13.283536 2.294912
13.365879 2.296641
13.328928 2.295865
13.401394 2.297387
13.401087 2.297381
13.309983 2.295468
13.045831 2.289920
13.020830 2.289395
13.020830 2.289395
12.925110 2.287385
12.955037 2.288014
12.895332 2.286760
12.789794 2.284544
12.784487 2.284432
12.767477 2.284075
13.150350 2.292115
13.123888 2.291560
13.440741 2.298213
13.171900 2.292568
12.970233 2.288333
12.981521 2.288570
13.001925 2.288998
12.901460 2.286889
12.399100 2.276339
12.399100 2.276339
12.376328 2.275861
12.295538 2.274165
12.024440 2.268472
12.339964 2.275097
12.346419 2.275233
12.410611 2.276581
12.388449 2.276116
12.388449 2.276116
12.388449 2.276116
12.400413 2.276367
12.404693 2.276457
12.509887 2.278666
12.528375 2.279054
12.473755 2.277907
12.490717 2.278263
12.492121 2.278293
12.580019 2.280139
12.587243 2.280290
12.533062 2.279152
12.506192 2.278588
12.603328 2.280628
12.733490 2.283361
12.710028 2.282869
12.715847 2.282991
12.714931 2.282972
12.608809 2.280743
12.623081 2.281043
13.130626 2.291701
12.742539 2.283551
12.755488 2.283823
12.700473 2.282668
12.692184 2.282494
12.673592 2.282104
12.166707 2.271459
12.203476 2.272231
12.203476 2.272231
12.267447 2.273575
12.252040 2.273251
12.295551 2.274165
12.684651 2.282336
12.677979 2.282196
12.648280 2.281572
12.695577 2.282565
12.768774 2.284102
12.791985 2.284590
12.741053 2.283520
12.738978 2.283477
12.747062 2.283646
12.772689 2.284185
12.788264 2.284512
12.782983 2.284401
12.757942 2.283875
12.689950 2.282447
12.621286 2.281005
12.510198 2.278672
12.397084 2.276297
12.381931 2.275979
12.367563 2.275677
12.441039 2.277220
13.005214 2.289067
13.116252 2.291399
13.162009 2.292360
13.162009 2.292360
13.113051 2.291332
13.057250 2.290160
12.952004 2.287950
13.226037 2.293705
13.490354 2.299255
13.506390 2.299592
13.473193 2.298895
13.370234 2.296733
13.433518 2.298062
13.448979 2.298386
13.449003 2.298387
13.340107 2.296100
13.325543 2.295794
13.385343 2.297050
12.922135 2.287323
12.915807 2.287190
12.914514 2.287163
12.920933 2.287298
12.885736 2.286558
12.911527 2.287100
12.355932 2.275433
12.463684 2.277696
12.386520 2.276075
12.364883 2.275621
12.474167 2.277916
12.486391 2.278172
12.451605 2.277442
12.489954 2.278247
12.543765 2.279377
12.557810 2.279672
12.557810 2.279672
12.356363 2.275442
12.356363 2.275442
12.354315 2.275399
12.418834 2.276754
12.401592 2.276392
12.392486 2.276200
12.390984 2.276169
12.427350 2.276933
12.427350 2.276933
12.415509 2.276684
12.423707 2.276856
12.423707 2.276856
12.456635 2.277548
12.429715 2.276982
12.435901 2.277112
12.455454 2.277523
12.502288 2.278506
12.709496 2.282858
12.726029 2.283205
12.700509 2.282669
12.571219 2.279954
12.857215 2.285960
12.889570 2.286639
13.229764 2.293783
13.235572 2.293905
13.262386 2.294468
13.708809 2.303843
13.708809 2.303843
13.704090 2.303744
13.711980 2.303909
13.730740 2.304303
13.852791 2.306866
13.838199 2.306560
13.872719 2.307285
13.836420 2.306522
13.969411 2.309315
13.943510 2.308771
13.909995 2.308068
14.061378 2.311247
13.532155 2.300133
13.523596 2.299953
13.493598 2.299323
13.296107 2.295176
13.211600 2.293402
13.196947 2.293094
12.897943 2.286815
12.887735 2.286600
12.887735 2.286600
12.887792 2.286602
12.890312 2.286655
12.949285 2.287893
12.930058 2.287489
12.898437 2.286825
12.913730 2.287146
12.903405 2.286930
12.992101 2.288792
13.017844 2.289333
13.024788 2.289479
13.144734 2.291997
12.949975 2.287907
12.922661 2.287334
12.607034 2.280706
12.079272 2.269623
12.086452 2.269774
12.236576 2.272926
12.187921 2.271905
12.201039 2.272180
12.346073 2.275226
12.364930 2.275622
12.123359 2.270549
12.123359 2.270549
12.253077 2.273273
12.154685 2.271207
12.135122 2.270796
12.135122 2.270796
12.072018 2.269471
12.101342 2.270087
12.027242 2.268530
12.027242 2.268530
12.022481 2.268430
12.022481 2.268430
12.045837 2.268921
12.050295 2.269015
12.050295 2.269015
12.471101 2.277851
12.460359 2.277626
12.414382 2.276660
12.367075 2.275667
12.428948 2.276966
12.420115 2.276781
12.386740 2.276080
11.864993 2.265123
11.836222 2.264519
11.839007 2.264578
11.839007 2.264578
11.900361 2.265866
11.896928 2.265794
11.969798 2.267324
11.935595 2.266606
11.934707 2.266587
11.934707 2.266587
13.496877 2.299392
13.497724 2.299410
13.492583 2.299302
13.492583 2.299302
13.499123 2.299439
13.634444 2.302281
13.591646 2.301382
13.591646 2.301382
13.590447 2.301357
13.660507 2.302828
13.604570 2.301654
13.521630 2.299912
13.536985 2.300234
13.575832 2.301050
13.641284 2.302425
13.599073 2.301538
13.573116 2.300993
13.639261 2.302382
13.244204 2.294086
13.233244 2.293856
13.129975 2.291687
13.157088 2.292257
13.157088 2.292257
13.239999 2.293998
13.250733 2.294223
13.250733 2.294223
13.209117 2.293349
13.301859 2.295297
13.355599 2.296425
13.369679 2.296721
13.302950 2.295320
13.279694 2.294831
13.281328 2.294866
13.162261 2.292365
13.175567 2.292645
13.175567 2.292645
13.126469 2.291614
13.141822 2.291936
13.162719 2.292375
13.174819 2.292629
13.227162 2.293728
13.199626 2.293150
13.293920 2.295130
13.311597 2.295501
13.280121 2.294840
13.280121 2.294840
13.324504 2.295772
13.252299 2.294256
13.542301 2.300346
13.606772 2.301700
13.624047 2.302063
13.567399 2.300873
13.457873 2.298573
13.449279 2.298393
13.401579 2.297391
13.421441 2.297808
13.418723 2.297751
12.958790 2.288093
13.057493 2.290165
13.031959 2.289629
13.029621 2.289580
13.022300 2.289426
13.031857 2.289627
13.123133 2.291544
13.128312 2.291652
13.131637 2.291722
13.208288 2.293332
13.208288 2.293332
13.445259 2.298308
13.422031 2.297820
13.426146 2.297907
13.539672 2.300291
13.505487 2.299573
13.510097 2.299670
13.445883 2.298321
13.445883 2.298321
13.576009 2.301054
13.615906 2.301892
13.921152 2.308302
13.920469 2.308287
13.807358 2.305912
13.834637 2.306485
13.790859 2.305566
14.147722 2.313060
14.185586 2.313855
14.203920 2.314240
14.098855 2.312034
14.101947 2.312098
13.994504 2.309842
13.994504 2.309842
14.531453 2.321118
14.380569 2.317949
14.280364 2.315845
14.205553 2.314274
14.152905 2.313169
14.079536 2.311628
14.102900 2.312118
14.014511 2.310262
14.025971 2.310503
13.966414 2.309252
13.966945 2.309263
13.919443 2.308266
13.896818 2.307791
13.988236 2.309711
14.067409 2.311373
14.047314 2.310951
14.026094 2.310506
14.064564 2.311313
14.163495 2.313391
13.990369 2.309755
13.682953 2.303300
13.720427 2.304087
13.787229 2.305490
13.785084 2.305444
13.792410 2.305598
13.824931 2.306281
14.067803 2.311381
14.087480 2.311795
14.094327 2.311938
14.143502 2.312971
14.139746 2.312892
14.095580 2.311965
14.045431 2.310912
14.065088 2.311324
13.944154 2.308785
14.345038 2.317203
14.354125 2.317394
14.354125 2.317394
14.474371 2.319919
14.448304 2.319372
14.441423 2.319227
14.102996 2.312120
14.238968 2.314976
14.238968 2.314976
14.264822 2.315519
13.931445 2.308518
14.152695 2.313164
14.170861 2.313546
14.086048 2.311765
14.243025 2.315061
13.981705 2.309573
13.974555 2.309423
14.075964 2.311553
14.070837 2.311445
14.070837 2.311445
14.039522 2.310788
13.978448 2.309505
13.997605 2.309907
13.948440 2.308875
14.135309 2.312799
13.808409 2.305934
13.690693 2.303462
13.690693 2.303462
13.697315 2.303601
13.701541 2.303690
13.661133 2.302842
13.661133 2.302842
13.847935 2.306764
13.898147 2.307819
13.898147 2.307819
13.898147 2.307819
13.963427 2.309190
13.932254 2.308535
13.928036 2.308446
14.149526 2.313098
14.149526 2.313098
13.936919 2.308633
13.962445 2.309169
13.873589 2.307303
13.811012 2.305989
13.641789 2.302435
13.540594 2.300310
13.637604 2.302347
13.634587 2.302284
13.612507 2.301820
13.544394 2.300390
13.560621 2.300731
13.551634 2.300542
13.586017 2.301264
13.836850 2.306532
13.870687 2.307242
13.880199 2.307442
13.725237 2.304188
13.833545 2.306462
13.866088 2.307146
13.842089 2.306642
13.789003 2.305527
13.795587 2.305665
14.256442 2.315343
14.256442 2.315343
14.265767 2.315539
13.739035 2.304477
13.871409 2.307257
13.847829 2.306762
13.848056 2.306767
13.881128 2.307461
14.025235 2.310488
14.016930 2.310313
13.970809 2.309345
14.038870 2.310774
13.987598 2.309697
13.987598 2.309697
14.004135 2.310044
14.023212 2.310445
14.055416 2.311121
13.836361 2.306521
13.822589 2.306232
13.927676 2.308439
13.943939 2.308780
13.959954 2.309117
14.132443 2.312739
14.132443 2.312739
14.214452 2.314461
14.185192 2.313847
14.182814 2.313797
14.186726 2.313879
14.122558 2.312531
14.139646 2.312890
14.112046 2.312311
14.291911 2.316088
14.283245 2.315906
14.160399 2.313326
14.091484 2.311879
14.107083 2.312206
14.114542 2.312363
14.319940 2.316676
14.244041 2.315082
14.255213 2.315317
14.254767 2.315308
14.265534 2.315534
14.234674 2.314886
13.632764 2.302246
13.670503 2.303038
13.708787 2.303842
13.702344 2.303707
13.588789 2.301322
13.611649 2.301802
14.536514 2.321224
14.528871 2.321064
14.528871 2.321064
14.415228 2.318677
14.329314 2.316873
14.434661 2.319085
14.339702 2.317091
14.339702 2.317091
14.406287 2.318489
14.428384 2.318954
14.329207 2.316871
14.365608 2.317635
14.349254 2.317292
14.314595 2.316564
14.331800 2.316925
14.258222 2.315380
14.065337 2.311330
14.115696 2.312387
14.112672 2.312324
14.341592 2.317131
14.454813 2.319508
14.473419 2.319899
14.561821 2.321756
14.600132 2.322560
14.622433 2.323028
14.512992 2.320730
14.483908 2.320119
14.844782 2.327698
14.729818 2.325284
14.628405 2.323154
14.646733 2.323539
14.646733 2.323539
14.646425 2.323532
14.577836 2.322092
14.629742 2.323182
14.715930 2.324992
14.714144 2.324954
14.764500 2.326012
14.810032 2.326968
14.816280 2.327099
14.831205 2.327413
14.359548 2.317508
14.288409 2.316014
14.337957 2.317055
14.388050 2.318106
14.440457 2.319207
14.821841 2.327216
14.834338 2.327478
14.817498 2.327125
14.795606 2.326665
15.013386 2.331238
14.945473 2.329812
15.157419 2.334263
15.114726 2.333366
15.190822 2.334964
15.480344 2.341044
15.495299 2.341358
15.638024 2.344355
15.500855 2.341475
15.528951 2.342065
15.272814 2.336686
15.225221 2.335687
15.193231 2.335015
15.186569 2.334875
15.188265 2.334911
16.031958 2.352628
15.972590 2.351381
14.610621 2.322780
14.602658 2.322613
14.570056 2.321929
14.575663 2.322046
14.575663 2.322046
14.572877 2.321988
14.580632 2.322151
14.468645 2.319799
14.492398 2.320298
14.479916 2.320036
14.479916 2.320036
14.511729 2.320704
14.576619 2.322066
14.599440 2.322546
14.509184 2.320650
14.528648 2.321059
14.539148 2.321280
14.593971 2.322431
14.565028 2.321823
14.565028 2.321823
14.582494 2.322190
14.598985 2.322536
14.559195 2.321700
14.492821 2.320307
14.709831 2.324864
14.732158 2.325333
14.721658 2.325112
14.769484 2.326116
14.970415 2.330336
14.900750 2.328873
14.624036 2.323062
14.596073 2.322475
14.567274 2.321870
14.520157 2.320881
14.468809 2.319802
14.472883 2.319888
14.478834 2.320013
14.444444 2.319291
14.347671 2.317259
14.231256 2.314814
14.210996 2.314388
14.265205 2.315527
14.345294 2.317209
14.163179 2.313384
14.170990 2.313548
14.282053 2.315881
14.363543 2.317592
14.344628 2.317195
14.582313 2.322186
14.572521 2.321980
14.556509 2.321644
14.565454 2.321832
14.549671 2.321500
14.549671 2.321500
14.465201 2.319727
14.447223 2.319349
14.441733 2.319234
14.441733 2.319234
14.447791 2.319361
14.463873 2.319699
13.866757 2.307160
13.854506 2.306902
13.879035 2.307417
13.993418 2.309819
13.912018 2.308110
13.907480 2.308015
13.928938 2.308465
14.566548 2.321855
14.537823 2.321252
14.457542 2.319566
14.457542 2.319566
14.441816 2.319236
14.434431 2.319080
14.137007 2.312835
14.161162 2.313342
14.197558 2.314106
14.197558 2.314106
14.197558 2.314106
14.194364 2.314039
14.192748 2.314005
14.192748 2.314005
14.168024 2.313486
14.040000 2.310798
14.034326 2.310678
14.065420 2.311331
13.971824 2.309366
14.149231 2.313091
14.059898 2.311215
14.000289 2.309964
14.000289 2.309964
13.892163 2.307693
13.869912 2.307226
13.851532 2.306840
13.863422 2.307090
13.792755 2.305606
13.730277 2.304294
13.805391 2.305871
13.822143 2.306223
13.809856 2.305965
13.817129 2.306117
13.808450 2.305935
13.812800 2.306026
13.844785 2.306698
13.890699 2.307662
13.962543 2.309171
13.996801 2.309890
13.866849 2.307161
13.772143 2.305173
13.749806 2.304704
13.706723 2.303799
13.798382 2.305724
13.822359 2.306227
13.847786 2.306761
13.853082 2.306872
13.927143 2.308428
13.891758 2.307685
14.168077 2.313487
14.118463 2.312445
14.149192 2.313091
14.149192 2.313091
14.772858 2.326187
14.790747 2.326563
14.775744 2.326248
14.773603 2.326203
14.248536 2.315177
14.171931 2.313568
14.170167 2.313531
14.150778 2.313124
14.091335 2.311876
14.091335 2.311876
13.808468 2.305936
13.791454 2.305578
13.792322 2.305596
13.687053 2.303386
13.802035 2.305800
13.843253 2.306666
14.066966 2.311364
14.001103 2.309981
14.599207 2.322541
14.655413 2.323721
14.615096 2.322874
14.643427 2.323469
14.814635 2.327065
14.868245 2.328190
14.915280 2.329178
14.957723 2.330069
14.971243 2.330353
14.386387 2.318072
14.386387 2.318072
14.053132 2.311073
14.064560 2.311313
14.093365 2.311918
14.032867 2.310648
14.003095 2.310023
13.933020 2.308551
13.957297 2.309061
13.974969 2.309432
14.023794 2.310457
14.001780 2.309995
14.279426 2.315825
14.264707 2.315516
14.264707 2.315516
14.263640 2.315494
14.258098 2.315378
14.289997 2.316047
14.388963 2.318126
14.479291 2.320023
14.409189 2.318550
14.357107 2.317457
14.357635 2.317468
14.384461 2.318031
14.372462 2.317779
14.574555 2.322023
14.576581 2.322066
14.571496 2.321959
14.511860 2.320706
14.537950 2.321254
14.535906 2.321211
14.495053 2.320354
15.082727 2.332694
15.050750 2.332023
15.153005 2.334170
15.153005 2.334170
15.213412 2.335439
15.213412 2.335439
15.309029 2.337447
15.289933 2.337046
15.318543 2.337646
15.330993 2.337908
15.310520 2.337478
15.298898 2.337234
15.396455 2.339283
15.979758 2.351532
16.061716 2.353253
15.100466 2.333067
15.056449 2.332143
15.074811 2.332528
15.007028 2.331105
14.922846 2.329337
14.941920 2.329738
14.908859 2.329043
15.093972 2.332931
14.775524 2.326243
14.721932 2.325118
14.732577 2.325341
14.743008 2.325560
14.904523 2.328952
15.041707 2.331833
15.201798 2.335195
15.194938 2.335051
15.172740 2.334585
15.202927 2.335219
15.964020 2.351201
16.006932 2.352102
16.062233 2.353264
16.065054 2.353323
15.477183 2.340978
14.600015 2.322558
14.444804 2.319298
14.367794 2.317681
14.262279 2.315465
14.148183 2.313069
14.147129 2.313047
14.147129 2.313047
14.162463 2.313369
14.086512 2.311774
14.105848 2.312180
14.169873 2.313525
14.271175 2.315652
14.475508 2.319943
14.411224 2.318593
14.571872 2.321967
14.585240 2.322247
14.588280 2.322311
14.583537 2.322212
14.553815 2.321588
14.583640 2.322214
14.607733 2.322720
14.594385 2.322439
14.402557 2.318411
14.301649 2.316292
14.301649 2.316292
14.474665 2.319925
14.184892 2.313840
14.158594 2.313288
14.147822 2.313062
14.142662 2.312953
14.281794 2.315875
14.087233 2.311789
14.080526 2.311649
14.100300 2.312064
13.966741 2.309259
13.563596 2.300793
13.615131 2.301876
13.480928 2.299057
13.481522 2.299070
13.458487 2.298586
13.461658 2.298653
13.439187 2.298181
13.390516 2.297159
13.340643 2.296111
13.340643 2.296111
13.439663 2.298191
13.440458 2.298207
13.438297 2.298162
13.389373 2.297135
13.386263 2.297069
13.387449 2.297094
13.479521 2.299028
13.397406 2.297303
13.572106 2.300972
14.075945 2.311552
14.077414 2.311583
14.077414 2.311583
14.050792 2.311024
14.045711 2.310918
14.045711 2.310918
14.043304 2.310867
13.782968 2.305400
13.783735 2.305416
13.819234 2.306162
13.871823 2.307266
13.858129 2.306978
13.662245 2.302865
14.240873 2.315016
13.783888 2.305419
13.917785 2.308231
13.881591 2.307471
13.663705 2.302896
