187.809777 8.469324
183.346838 8.336143
176.605030 8.134957
166.045323 7.819839
164.858186 7.784413
154.152984 7.464953
146.428783 7.234451
138.231571 6.989834
139.501779 7.027739
137.615622 6.971453
130.911283 6.771385
132.054443 6.805499
123.164403 6.540206
123.164403 6.540206
121.880797 6.501901
115.382519 6.307982
107.386337 6.069364
106.756081 6.050556
106.653885 6.047506
101.778247 5.902010
101.368757 5.889790
97.077021 5.761718
96.297869 5.738467
96.297869 5.738467
96.305309 5.738689
96.266995 5.737546
93.351696 5.650548
94.805081 5.693920
94.805081 5.693920
94.805081 5.693920
94.907107 5.696964
92.365232 5.621111
92.365232 5.621111
92.539253 5.626304
88.686600 5.511335
88.212580 5.497189
84.289687 5.380124
83.200649 5.347626
82.764869 5.334621
82.781376 5.335114
82.572584 5.328883
82.814930 5.336115
82.814930 5.336115
83.255508 5.349263
83.283668 5.350103
79.185421 5.227805
79.185421 5.227805
74.162158 5.077903
74.351820 5.083563
74.351820 5.083563
73.094976 5.046057
72.858947 5.039013
73.164036 5.048117
73.164036 5.048117
73.055333 5.044874
73.480195 5.057552
69.840050 4.948924
69.214421 4.930255
69.214421 4.930255
69.214421 4.930255
69.214421 4.930255
69.169585 4.928917
63.831485 4.769620
63.831485 4.769620
63.854815 4.770316
63.894649 4.771505
63.894649 4.771505
63.889167 4.771341
62.746547 4.737243
62.746547 4.737243
62.746547 4.737243
63.695021 4.765547
63.902371 4.771735
63.300360 4.753770
60.780791 4.678582
60.729169 4.677042
59.897053 4.652210
55.754816 4.528599
55.754816 4.528599
55.801497 4.529992
56.119096 4.539470
56.119096 4.539470
56.248211 4.543323
56.248211 4.543323
56.179147 4.541262
56.087956 4.538541
56.422803 4.548533
56.525151 4.551587
56.089840 4.538597
56.089840 4.538597
56.089840 4.538597
56.083932 4.538421
54.915649 4.503557
54.915649 4.503557
54.915649 4.503557
54.887512 4.502718
55.271058 4.514163
54.340619 4.486397
53.318252 4.455888
53.609632 4.464584
53.609632 4.464584
53.609632 4.464584
53.233758 4.453367
53.242158 4.453618
52.854730 4.442056
53.443581 4.459628
53.309940 4.455640
53.277734 4.454679
53.277734 4.454679
53.277734 4.454679
53.336880 4.456444
53.336880 4.456444
53.080981 4.448808
53.423243 4.459021
53.437482 4.459446
53.437482 4.459446
54.852338 4.501668
54.852338 4.501668
54.852338 4.501668
54.852338 4.501668
54.852338 4.501668
54.852338 4.501668
54.678242 4.496473
54.678242 4.496473
54.678242 4.496473
56.747281 4.558216
56.305293 4.545026
56.363753 4.546771
56.363753 4.546771
53.180841 4.451788
52.974980 4.445645
52.974980 4.445645
51.995795 4.416424
51.670496 4.406717
51.272200 4.394831
51.272200 4.394831
52.298797 4.425466
52.298797 4.425466
52.298797 4.425466
52.444050 4.429801
52.444050 4.429801
52.444050 4.429801
52.172263 4.421690
51.656926 4.406312
51.666574 4.406600
49.219651 4.333580
49.759726 4.349696
49.720491 4.348526
50.064162 4.358781
50.064162 4.358781
50.144476 4.361178
50.070092 4.358958
50.103106 4.359943
49.507955 4.342183
48.204713 4.303292
48.204713 4.303292
48.204713 4.303292
48.201318 4.303191
49.297313 4.335897
49.416069 4.339441
49.053186 4.328612
49.053186 4.328612
48.468568 4.311166
47.125267 4.271080
47.125267 4.271080
44.318322 4.187317
44.318322 4.187317
44.318322 4.187317
44.294350 4.186601
44.294350 4.186601
44.054915 4.179456
44.120138 4.181402
44.111531 4.181146
44.369573 4.188846
44.369573 4.188846
44.360706 4.188581
44.360706 4.188581
43.831056 4.172776
43.828635 4.172703
43.828635 4.172703
43.828635 4.172703
46.323403 4.247151
46.095756 4.240358
46.326423 4.247241
46.326423 4.247241
47.752167 4.289788
47.747344 4.289644
47.239001 4.274474
47.618348 4.285794
47.513842 4.282676
47.097297 4.270245
48.684920 4.317623
48.559144 4.313869
48.537697 4.313229
48.620515 4.315701
48.719024 4.318640
48.832773 4.322035
48.765554 4.320029
47.897399 4.294122
47.727298 4.289046
45.587339 4.225186
45.587339 4.225186
45.613122 4.225955
44.238622 4.184938
44.238622 4.184938
44.691821 4.198462
44.691821 4.198462
45.268014 4.215657
45.237568 4.214748
45.737272 4.229660
45.737272 4.229660
46.352084 4.248007
47.287304 4.275916
47.287304 4.275916
48.132134 4.301127
48.118871 4.300731
48.118871 4.300731
47.807671 4.291444
47.807671 4.291444
47.792260 4.290984
47.124774 4.271065
47.134098 4.271344
47.134098 4.271344
48.579554 4.314478
47.800005 4.291215
47.829879 4.292107
47.850970 4.292736
47.850970 4.292736
47.850970 4.292736
47.850970 4.292736
47.441775 4.280525
47.441775 4.280525
47.383742 4.278793
47.313702 4.276703
47.313702 4.276703
47.313702 4.276703
47.302108 4.276357
46.517301 4.252937
46.589842 4.255102
46.589842 4.255102
47.979585 4.296574
47.979585 4.296574
47.907353 4.294419
48.178695 4.302516
48.178695 4.302516
47.261632 4.275149
44.863260 4.203578
44.526758 4.193537
44.475012 4.191992
44.590680 4.195444
44.691447 4.198451
44.537083 4.193845
44.483563 4.192248
43.849621 4.173330
43.849621 4.173330
43.849621 4.173330
44.153166 4.182388
44.205632 4.183954
44.232823 4.184765
44.259606 4.185564
42.140615 4.122330
42.140615 4.122330
42.242163 4.125361
41.836746 4.113262
40.569086 4.075433
40.547817 4.074799
40.557068 4.075075
40.487470 4.072998
40.505860 4.073547
40.516804 4.073873
40.219068 4.064988
39.680375 4.048913
40.193964 4.064239
38.825561 4.023404
38.896995 4.025536
38.896995 4.025536
38.837192 4.023751
38.555750 4.015352
38.477342 4.013013
38.477342 4.013013
38.449055 4.012168
38.332734 4.008697
38.805961 4.022819
38.958570 4.027373
38.943921 4.026936
38.977743 4.027945
39.328484 4.038412
39.515540 4.043994
39.758375 4.051241
39.758375 4.051241
39.336927 4.038664
39.288564 4.037221
39.950068 4.056961
39.950068 4.056961
39.939247 4.056638
39.956904 4.057165
39.976257 4.057743
39.702605 4.049576
39.759218 4.051266
39.759218 4.051266
39.691119 4.049234
39.775499 4.051752
39.880186 4.054876
39.880186 4.054876
39.870454 4.054585
39.770638 4.051607
39.770638 4.051607
39.671865 4.048659
39.636201 4.047595
39.523342 4.044227
39.523342 4.044227
39.745101 4.050845
39.745101 4.050845
39.723263 4.050193
39.723263 4.050193
39.692462 4.049274
39.692462 4.049274
39.668991 4.048573
39.668991 4.048573
39.682647 4.048981
39.551280 4.045061
39.561914 4.045378
39.561914 4.045378
39.561914 4.045378
38.792378 4.022414
38.486173 4.013276
38.169110 4.003814
38.209017 4.005005
38.651587 4.018212
36.787546 3.962586
37.021476 3.969567
37.021476 3.969567
37.021476 3.969567
36.906200 3.966127
36.974904 3.968178
36.974904 3.968178
37.138996 3.973074
37.008030 3.969166
36.631225 3.957922
36.723469 3.960674
35.844134 3.934434
35.844134 3.934434
36.188545 3.944711
36.451031 3.952544
36.451031 3.952544
36.451031 3.952544
36.451031 3.952544
36.276995 3.947351
36.283731 3.947552
35.270024 3.917301
35.270024 3.917301
35.323426 3.918895
35.323426 3.918895
35.329204 3.919067
35.329378 3.919072
35.308946 3.918463
35.353130 3.919781
35.286749 3.917800
35.294190 3.918022
35.123065 3.912916
35.123846 3.912939
34.656830 3.899003
34.656830 3.899003
34.691848 3.900048
35.102427 3.912300
35.428821 3.922040
35.882197 3.935569
36.686295 3.959565
36.686295 3.959565
36.299067 3.948009
36.596760 3.956893
36.579125 3.956367
36.507339 3.954225
36.369291 3.950105
36.369291 3.950105
36.478968 3.953378
36.478968 3.953378
35.739395 3.931308
35.738860 3.931292
35.738860 3.931292
35.738860 3.931292
35.738860 3.931292
35.738860 3.931292
35.763730 3.932034
35.793767 3.932931
35.826356 3.933903
35.031991 3.910198
34.876189 3.905549
34.937072 3.907365
34.937072 3.907365
34.868548 3.905321
35.138716 3.913383
35.138716 3.913383
34.948654 3.907711
34.993171 3.909040
34.888516 3.905916
34.902816 3.906343
34.213230 3.885765
34.062419 3.881264
34.062419 3.881264
34.116783 3.882887
34.116783 3.882887
34.081807 3.881843
34.123217 3.883079
34.123217 3.883079
34.156239 3.884064
34.156239 3.884064
34.675697 3.899566
34.675697 3.899566
34.563346 3.896213
34.419269 3.891913
34.419269 3.891913
34.432957 3.892322
34.432957 3.892322
34.432957 3.892322
33.672783 3.869637
33.687074 3.870064
34.059691 3.881183
34.016083 3.879882
34.016083 3.879882
34.016083 3.879882
33.978773 3.878768
34.121768 3.883036
34.022130 3.880062
34.012133 3.879764
34.518328 3.894869
34.592213 3.897074
34.504655 3.894461
34.410902 3.891664
34.410902 3.891664
34.163178 3.884271
34.163178 3.884271
33.952470 3.877983
34.138632 3.883539
34.077466 3.881713
33.994221 3.879229
34.050342 3.880904
34.049176 3.880869
34.009093 3.879673
33.974110 3.878629
33.847882 3.874862
33.847882 3.874862
33.538349 3.865625
33.219682 3.856116
33.770325 3.872548
33.892221 3.876185
33.892221 3.876185
33.892221 3.876185
33.892221 3.876185
34.700863 3.900317
34.700863 3.900317
34.718308 3.900837
35.199744 3.915204
35.517305 3.924681
35.521748 3.924813
35.738839 3.931291
35.738839 3.931291
35.699976 3.930132
36.302647 3.948116
36.302647 3.948116
35.485127 3.923720
35.476807 3.923472
35.476807 3.923472
35.536054 3.925240
35.539106 3.925331
35.539106 3.925331
35.079124 3.911605
35.079124 3.911605
34.718562 3.900845
34.718562 3.900845
34.718562 3.900845
34.675895 3.899572
35.557193 3.925871
35.480978 3.923596
35.480978 3.923596
35.323521 3.918898
36.464023 3.952932
35.696446 3.930026
35.681872 3.929591
35.681872 3.929591
35.710596 3.930449
35.661727 3.928990
35.657105 3.928852
35.657105 3.928852
35.406801 3.921383
35.541491 3.925402
35.541491 3.925402
35.529732 3.925051
36.000245 3.939092
35.997554 3.939012
36.053693 3.940687
35.955766 3.937765
35.829330 3.933992
36.035406 3.940141
36.035406 3.940141
36.005153 3.939239
36.003699 3.939195
36.078934 3.941440
36.954776 3.967577
36.242720 3.946328
36.242720 3.946328
36.242720 3.946328
36.424803 3.951762
36.263326 3.946943
36.263326 3.946943
36.304737 3.948179
36.196016 3.944934
36.578406 3.956345
36.249225 3.946522
36.369038 3.950098
36.389586 3.950711
36.476389 3.953301
36.479723 3.953401
36.479723 3.953401
36.777337 3.962282
36.374299 3.950255
36.374299 3.950255
36.396871 3.950928
36.396871 3.950928
35.692749 3.929916
35.717136 3.930644
35.717136 3.930644
35.715249 3.930587
35.850521 3.934624
35.850521 3.934624
35.569821 3.926248
35.115519 3.912691
34.754627 3.901921
34.754627 3.901921
34.145098 3.883732
34.145098 3.883732
34.114106 3.882807
33.932284 3.877381
33.932284 3.877381
33.760112 3.872243
33.771791 3.872592
33.771791 3.872592
33.771791 3.872592
33.768914 3.872506
33.774795 3.872681
33.661534 3.869301
33.661534 3.869301
33.660009 3.869256
32.797508 3.843518
32.267856 3.827712
32.267856 3.827712
32.267856 3.827712
32.267856 3.827712
32.267856 3.827712
32.299170 3.828646
32.437055 3.832761
31.659738 3.809565
31.211001 3.796174
31.285823 3.798407
34.881511 3.905707
34.816604 3.903770
34.816604 3.903770
34.622635 3.897982
34.708726 3.900551
36.246322 3.946436
36.055337 3.940736
36.105403 3.942230
36.105403 3.942230
36.093126 3.941864
36.063971 3.940994
36.063971 3.940994
36.120575 3.942683
36.120575 3.942683
36.120575 3.942683
32.470471 3.833758
32.470471 3.833758
33.169590 3.854621
33.343610 3.859814
32.415069 3.832105
32.650761 3.839138
32.698428 3.840561
32.698428 3.840561
32.721477 3.841249
32.766514 3.842593
31.239771 3.797032
31.239771 3.797032
31.239771 3.797032
31.239771 3.797032
31.239771 3.797032
31.245542 3.797204
31.245542 3.797204
31.594304 3.807612
31.562217 3.806655
31.562217 3.806655
31.562217 3.806655
31.805152 3.813904
31.639044 3.808947
31.639044 3.808947
31.639044 3.808947
31.671857 3.809926
31.309153 3.799103
31.309153 3.799103
31.309153 3.799103
31.876106 3.816021
31.776186 3.813040
31.776186 3.813040
31.776186 3.813040
32.108404 3.822954
32.284420 3.828206
32.284420 3.828206
32.138221 3.823843
31.971917 3.818881
32.086726 3.822307
31.868707 3.815801
31.868707 3.815801
31.868707 3.815801
31.868707 3.815801
31.868707 3.815801
32.310110 3.828973
32.919171 3.847148
32.949283 3.848047
32.949283 3.848047
32.949283 3.848047
32.996444 3.849454
32.996444 3.849454
33.048547 3.851009
32.924977 3.847321
32.891108 3.846311
32.784917 3.843142
32.738678 3.841762
32.738678 3.841762
32.732010 3.841563
32.733435 3.841606
33.041678 3.850804
32.875140 3.845834
32.875140 3.845834
32.943405 3.847871
33.141352 3.853778
33.141352 3.853778
33.141352 3.853778
31.048056 3.791311
31.152471 3.794427
31.152471 3.794427
31.485866 3.804376
31.485866 3.804376
31.651774 3.809327
31.659109 3.809546
31.112792 3.793243
30.970853 3.789007
30.831130 3.784838
30.827495 3.784729
30.824107 3.784628
30.944489 3.788221
30.944489 3.788221
30.965965 3.788861
30.600294 3.777949
28.568422 3.717315
28.449829 3.713776
28.739426 3.722418
28.584375 3.717791
28.395286 3.712148
28.569425 3.717345
28.569425 3.717345
28.395941 3.712168
28.363923 3.711212
27.831986 3.695339
27.708561 3.691655
27.823688 3.695091
27.869971 3.696472
27.928756 3.698226
27.928756 3.698226
27.928756 3.698226
27.656698 3.690108
27.648277 3.689856
27.648277 3.689856
28.894659 3.727050
29.652535 3.749667
29.654779 3.749734
29.654779 3.749734
29.647376 3.749513
29.647376 3.749513
29.669018 3.750159
29.884273 3.756582
30.583247 3.777441
30.455345 3.773624
30.455345 3.773624
30.456318 3.773653
30.481969 3.774418
30.481969 3.774418
30.481969 3.774418
30.448254 3.773412
30.640805 3.779158
30.640805 3.779158
30.567326 3.776965
30.687963 3.780565
30.687963 3.780565
30.687963 3.780565
30.687963 3.780565
30.687963 3.780565
30.796450 3.783803
30.769402 3.782996
30.769402 3.782996
30.804265 3.784036
30.726139 3.781705
30.719473 3.781506
31.373327 3.801018
31.544644 3.806130
30.615776 3.778411
30.633336 3.778935
30.567987 3.776985
30.570464 3.777059
30.570464 3.777059
30.552941 3.776536
30.642607 3.779212
30.653602 3.779540
30.653602 3.779540
29.954586 3.758680
29.954586 3.758680
29.954586 3.758680
29.972907 3.759227
29.928451 3.757900
29.928451 3.757900
30.226452 3.766793
29.821515 3.754709
29.515283 3.745571
30.150575 3.764529
30.201921 3.766061
30.201921 3.766061
30.180865 3.765433
30.180865 3.765433
30.113332 3.763418
30.072069 3.762186
30.072069 3.762186
30.068711 3.762086
30.033854 3.761046
30.033854 3.761046
30.033854 3.761046
30.033854 3.761046
30.103535 3.763125
29.652081 3.749653
29.652081 3.749653
29.616694 3.748597
29.616694 3.748597
29.504626 3.745253
30.387674 3.771604
30.387674 3.771604
30.047737 3.761460
30.054362 3.761658
30.042689 3.761309
30.290545 3.768706
30.390337 3.771684
30.390337 3.771684
30.414010 3.772390
30.414010 3.772390
30.364618 3.770916
30.364618 3.770916
30.379850 3.771371
30.297219 3.768905
30.304661 3.769127
30.576870 3.777250
30.656479 3.779626
30.248454 3.767450
30.263815 3.767908
30.261673 3.767844
30.261673 3.767844
30.273271 3.768190
30.225170 3.766755
29.667829 3.750123
29.664973 3.750038
29.664973 3.750038
29.670549 3.750204
29.583868 3.747618
29.723584 3.751787
29.695124 3.750938
30.100592 3.763037
29.187522 3.735790
29.187522 3.735790
30.829220 3.784781
30.839170 3.785078
30.909094 3.787164
30.909094 3.787164
30.820829 3.784530
30.784641 3.783450
30.758416 3.782668
30.466845 3.773967
30.254525 3.767631
32.106261 3.822890
32.019179 3.820291
31.972839 3.818908
31.972839 3.818908
30.520929 3.775581
30.465757 3.773934
30.465757 3.773934
30.465757 3.773934
30.331036 3.769914
30.331036 3.769914
30.331036 3.769914
30.340820 3.770206
29.843538 3.755366
29.843538 3.755366
29.800245 3.754075
29.256405 3.737846
29.388951 3.741801
29.275439 3.738414
29.304911 3.739293
29.159824 3.734963
28.661036 3.720079
28.661036 3.720079
28.710024 3.721541
26.759799 3.663343
26.400583 3.652623
26.465825 3.654570
26.514239 3.656015
26.645267 3.659925
26.675882 3.660839
26.675882 3.660839
26.687074 3.661173
26.657517 3.660291
26.456125 3.654281
27.595626 3.688285
28.002762 3.700435
27.118939 3.674060
27.221941 3.677134
27.173985 3.675703
27.173985 3.675703
27.439955 3.683640
27.439955 3.683640
27.439955 3.683640
27.492736 3.685215
27.492736 3.685215
27.622099 3.689075
27.579861 3.687815
27.525495 3.686193
27.525495 3.686193
27.510012 3.685730
27.499562 3.685419
27.015713 3.670980
26.956391 3.669210
27.103611 3.673603
27.159592 3.675273
27.989374 3.700035
28.000562 3.700369
28.000562 3.700369
28.000562 3.700369
28.000562 3.700369
28.000562 3.700369
28.000562 3.700369
28.008845 3.700616
27.969748 3.699450
28.095865 3.703213
28.212598 3.706697
28.212598 3.706697
28.325792 3.710075
28.325792 3.710075
28.405546 3.712455
27.404514 3.682582
27.352218 3.681022
27.484141 3.684958
27.484141 3.684958
27.469976 3.684536
26.799790 3.664536
26.955213 3.669174
26.951628 3.669067
26.937075 3.668633
26.937075 3.668633
26.902406 3.667599
27.061939 3.672359
25.421459 3.623405
25.380479 3.622182
24.403697 3.593033
24.392433 3.592697
24.393636 3.592733
24.458981 3.594683
24.510621 3.596224
26.054997 3.642311
26.182070 3.646103
26.182070 3.646103
26.027965 3.641504
26.027965 3.641504
26.109310 3.643931
25.908610 3.637942
25.899448 3.637669
25.931469 3.638624
25.927866 3.638517
27.018888 3.671075
26.930799 3.668446
26.804028 3.664663
26.794915 3.664391
26.868642 3.666591
26.848726 3.665997
27.012688 3.670890
27.012688 3.670890
27.705838 3.691574
27.861754 3.696227
27.861754 3.696227
27.685390 3.690964
27.845214 3.695733
27.807716 3.694614
27.778079 3.693730
27.775545 3.693654
27.930582 3.698281
27.902256 3.697436
27.902256 3.697436
27.671219 3.690541
27.895774 3.697242
28.253608 3.707921
28.253608 3.707921
28.322282 3.709970
26.956424 3.669211
26.956424 3.669211
26.974021 3.669736
26.968907 3.669583
26.968907 3.669583
26.978492 3.669869
26.915045 3.667976
26.891774 3.667281
26.839782 3.665730
26.846300 3.665924
26.855897 3.666211
26.710012 3.661857
27.050638 3.672022
27.054761 3.672145
27.082271 3.672966
26.968293 3.669565
27.075813 3.672773
25.881830 3.637143
25.757655 3.633437
25.754946 3.633357
25.517877 3.626282
25.517877 3.626282
25.514999 3.626196
25.508724 3.626009
25.537758 3.626875
25.537758 3.626875
25.537758 3.626875
26.320807 3.650243
26.355235 3.651270
26.498920 3.655558
26.401019 3.652636
26.488642 3.655251
26.507064 3.655801
25.909421 3.637966
26.013060 3.641059
26.019115 3.641240
26.948971 3.668988
27.004047 3.670632
27.009575 3.670797
26.698506 3.661514
33.383051 3.860991
33.464155 3.863411
33.336073 3.859589
33.336073 3.859589
33.414750 3.861937
33.139781 3.853731
33.139781 3.853731
32.787042 3.843205
32.723586 3.841312
32.756804 3.842303
33.061866 3.851406
33.096634 3.852444
33.077939 3.851886
33.080934 3.851975
33.042359 3.850824
33.105845 3.852719
33.086290 3.852135
33.086290 3.852135
33.109862 3.852839
32.933375 3.847572
32.933375 3.847572
32.845767 3.844958
32.883565 3.846086
32.585489 3.837191
32.456058 3.833328
32.464140 3.833569
32.464140 3.833569
32.611857 3.837977
32.608376 3.837874
32.608376 3.837874
32.298688 3.828632
32.298688 3.828632
32.391889 3.831413
32.086700 3.822306
32.067759 3.821741
32.067759 3.821741
32.067759 3.821741
32.314846 3.829114
32.315358 3.829129
32.332955 3.829655
32.318955 3.829237
32.178453 3.825044
32.178453 3.825044
32.270185 3.827781
32.268785 3.827740
32.354158 3.830287
32.441149 3.832883
32.421358 3.832293
32.421358 3.832293
32.402306 3.831724
32.374977 3.830909
32.278688 3.828035
32.278688 3.828035
32.159837 3.824488
32.735731 3.841674
32.739526 3.841787
32.735281 3.841661
32.683085 3.840103
32.811698 3.843941
33.090562 3.852263
32.809073 3.843863
32.758180 3.842344
32.758180 3.842344
32.561259 3.836468
32.491606 3.834389
32.192345 3.825459
31.951210 3.818263
31.821898 3.814404
31.559027 3.806559
32.407759 3.831887
32.341395 3.829906
32.513843 3.835053
32.585442 3.837189
32.756519 3.842294
32.756519 3.842294
32.861082 3.845415
32.861082 3.845415
32.861082 3.845415
32.851402 3.845126
32.861003 3.845412
32.861003 3.845412
32.896526 3.846472
33.027915 3.850393
32.947793 3.848002
32.999200 3.849536
32.999200 3.849536
33.050874 3.851078
33.310708 3.858832
33.310708 3.858832
33.484940 3.864032
32.956782 3.848271
33.002942 3.849648
32.560285 3.836438
32.527771 3.835468
32.462959 3.833534
32.368169 3.830705
32.314234 3.829096
34.324469 3.889084
34.021446 3.880042
33.828678 3.874289
33.946997 3.877820
35.160814 3.914042
35.300632 3.918215
35.329990 3.919091
35.176990 3.914525
35.249584 3.916691
35.212503 3.915585
26.902136 3.667590
26.517410 3.656110
26.517410 3.656110
26.637460 3.659692
28.688458 3.720897
28.714825 3.721684
29.172146 3.735331
29.143071 3.734463
29.143071 3.734463
29.143071 3.734463
29.193062 3.735955
29.136789 3.734276
28.796935 3.724134
28.644486 3.719585
28.232945 3.707304
27.760770 3.693213
27.511885 3.685786
27.501651 3.685481
27.978225 3.699703
28.040122 3.701550
28.040122 3.701550
28.123344 3.704033
28.123344 3.704033
28.118689 3.703894
28.171200 3.705461
28.099859 3.703332
28.663338 3.720148
28.967586 3.729227
28.895357 3.727071
27.879328 3.696751
27.905162 3.697522
28.009794 3.700645
28.111382 3.703676
27.919219 3.697942
27.221096 3.677109
27.238398 3.677625
27.322743 3.680142
27.326830 3.680264
27.515091 3.685882
27.920370 3.697976
27.888389 3.697022
27.888389 3.697022
28.033440 3.701350
27.968549 3.699414
28.039213 3.701523
27.896503 3.697264
27.852844 3.695961
27.879523 3.696757
27.933688 3.698374
27.667068 3.690417
27.735301 3.692453
27.735301 3.692453
27.693820 3.691216
27.961039 3.699190
28.005670 3.700522
28.019703 3.700940
27.943475 3.698666
27.943475 3.698666
27.863296 3.696273
27.496754 3.685335
27.496754 3.685335
27.673873 3.690620
27.508247 3.685678
27.693714 3.691212
27.652845 3.689993
27.567944 3.687459
27.525195 3.686184
27.638510 3.689565
27.212190 3.676843
27.362677 3.681334
27.332008 3.680419
27.336819 3.680562
27.327313 3.680278
27.276610 3.678765
27.276610 3.678765
27.365686 3.681424
27.326978 3.680268
26.598192 3.658520
26.642164 3.659833
26.642164 3.659833
26.815619 3.665009
26.940116 3.668724
26.609854 3.658868
26.609854 3.658868
26.986908 3.670120
28.964711 3.729141
29.029567 3.731076
29.048560 3.731643
28.671373 3.720387
28.489030 3.714946
28.489030 3.714946
28.503897 3.715390
28.441310 3.713522
28.488755 3.714938
27.550665 3.686944
27.502007 3.685492
27.644477 3.689743
27.714877 3.691844
27.980631 3.699774
27.956379 3.699051
27.952354 3.698931
28.160874 3.705153
28.335828 3.710374
28.297331 3.709225
28.297331 3.709225
28.434014 3.713304
28.471003 3.714408
28.480285 3.714685
29.008433 3.730446
28.947888 3.728639
28.726841 3.722043
28.667912 3.720284
28.716755 3.721742
28.817837 3.724758
28.817837 3.724758
28.590674 3.717979
28.534374 3.716299
28.534374 3.716299
28.544340 3.716596
28.529438 3.716152
28.640067 3.719453
28.600038 3.718259
27.977730 3.699688
27.906120 3.697551
27.682799 3.690887
27.625613 3.689180
27.633111 3.689404
27.642736 3.689691
27.648854 3.689874
27.674113 3.690627
27.844102 3.695700
27.865586 3.696341
27.561972 3.687281
27.265170 3.678424
27.277240 3.678784
27.964118 3.699282
27.951565 3.698907
27.879363 3.696752
27.879363 3.696752
27.874611 3.696611
27.636579 3.689507
27.973802 3.699571
27.941526 3.698608
28.015801 3.700824
27.892709 3.697151
27.892709 3.697151
27.844507 3.695712
27.844507 3.695712
28.022054 3.701011
28.086155 3.702923
28.068602 3.702400
28.178824 3.705689
28.094833 3.703182
28.188500 3.705978
28.188500 3.705978
27.358038 3.681195
25.401355 3.622805
25.401355 3.622805
26.364116 3.651535
26.369020 3.651681
26.230006 3.647533
26.188898 3.646306
26.141845 3.644902
26.179935 3.646039
27.077802 3.672833
27.184875 3.676028
27.226527 3.677271
27.191648 3.676230
27.523981 3.686147
27.499592 3.685420
27.499592 3.685420
27.499592 3.685420
27.615491 3.688878
27.611861 3.688770
27.176253 3.675771
27.199409 3.676462
26.900901 3.667554
26.879248 3.666907
26.770921 3.663675
27.080641 3.672917
26.803240 3.664639
27.042178 3.671770
27.656799 3.690111
27.829350 3.695260
27.780177 3.693793
27.392649 3.682228
27.437299 3.683561
27.412647 3.682825
27.401113 3.682481
27.384276 3.681978
27.384276 3.681978
28.006839 3.700557
27.962037 3.699220
27.962037 3.699220
27.946614 3.698759
27.747808 3.692827
27.847057 3.695788
27.857585 3.696103
27.857585 3.696103
27.857585 3.696103
27.831318 3.695319
27.831318 3.695319
27.824554 3.695117
27.824554 3.695117
27.829201 3.695256
27.828651 3.695239
27.761306 3.693229
27.822520 3.695056
27.259934 3.678268
27.371351 3.681593
27.318992 3.680030
27.302771 3.679546
26.974788 3.669759
26.974788 3.669759
26.974788 3.669759
26.948025 3.668960
27.012930 3.670897
27.012930 3.670897
27.604970 3.688564
27.589652 3.688107
27.657726 3.690138
27.657726 3.690138
27.320976 3.680089
27.433043 3.683434
26.971310 3.669655
27.047735 3.671935
27.071080 3.672632
27.071080 3.672632
27.064399 3.672433
26.989251 3.670190
27.130625 3.674409
26.731559 3.662500
26.716232 3.662043
25.700663 3.631737
25.747265 3.633127
25.858286 3.636440
25.912968 3.638072
25.912968 3.638072
25.852408 3.636265
25.707975 3.631955
25.668124 3.630766
26.690579 3.661277
26.589899 3.658273
26.581180 3.658013
26.598169 3.658520
26.696898 3.661466
26.668213 3.660610
26.680751 3.660984
26.423145 3.653297
26.534953 3.656633
26.634433 3.659602
26.713767 3.661969
26.958407 3.669270
26.980284 3.669923
26.961967 3.669376
26.961967 3.669376
26.803001 3.664632
26.797446 3.664466
26.797446 3.664466
26.773626 3.663756
26.857920 3.666271
27.255686 3.678141
27.252797 3.678055
27.246727 3.677874
27.137661 3.674619
27.137661 3.674619
27.249895 3.677968
27.330432 3.680371
27.095862 3.673372
27.095862 3.673372
27.095862 3.673372
27.095940 3.673374
27.105327 3.673654
27.165090 3.675437
27.165090 3.675437
26.974964 3.669764
26.966873 3.669522
26.850600 3.666053
26.660187 3.660370
26.616797 3.659076
26.618827 3.659136
25.720888 3.632340
25.850193 3.636199
25.855035 3.636343
26.027672 3.641495
25.895023 3.637537
25.834321 3.635725
25.834321 3.635725
25.903418 3.637787
25.916604 3.638181
25.928321 3.638530
25.804213 3.634827
25.737381 3.632832
25.794348 3.634532
25.738868 3.632877
25.694283 3.631546
25.694283 3.631546
25.721426 3.632356
26.083819 3.643171
26.239425 3.647814
26.278015 3.648966
26.330673 3.650537
26.421570 3.653250
26.421570 3.653250
26.421570 3.653250
26.850905 3.666062
26.824616 3.665277
25.995522 3.640536
25.972272 3.639842
25.933836 3.638695
26.160019 3.645445
26.154412 3.645277
26.260907 3.648455
26.256559 3.648325
26.120015 3.644251
26.966955 3.669525
26.966955 3.669525
27.020787 3.671131
27.046569 3.671901
27.046954 3.671912
27.079200 3.672874
27.070972 3.672629
26.994253 3.670339
26.994253 3.670339
27.172486 3.675658
27.266553 3.678465
27.428106 3.683286
27.428106 3.683286
27.425497 3.683208
27.322792 3.680144
27.139166 3.674664
27.047352 3.671924
26.336543 3.650712
26.340010 3.650816
26.340010 3.650816
26.400045 3.652607
26.512440 3.655961
26.487293 3.655211
26.454610 3.654236
26.451382 3.654139
26.432419 3.653573
26.222212 3.647301
26.193779 3.646452
26.266552 3.648624
26.261734 3.648480
26.335765 3.650689
26.335765 3.650689
26.334211 3.650643
26.310047 3.649922
26.241108 3.647864
26.241108 3.647864
26.324565 3.650355
26.334738 3.650658
26.430942 3.653529
26.369095 3.651684
26.263609 3.648536
26.233378 3.647634
26.233378 3.647634
26.296703 3.649523
26.486464 3.655186
26.486464 3.655186
26.465146 3.654550
26.388023 3.652249
26.506353 3.655780
26.482606 3.655071
26.477739 3.654926
26.565240 3.657537
26.265724 3.648599
26.423638 3.653311
26.423638 3.653311
26.397930 3.652544
26.441667 3.653849
26.199741 3.646630
26.199741 3.646630
26.210596 3.646954
26.205079 3.646789
26.115747 3.644123
26.115747 3.644123
26.246396 3.648022
26.246396 3.648022
26.155878 3.645321
26.278136 3.648969
26.287151 3.649238
26.431178 3.653536
26.470285 3.654703
26.470285 3.654703
26.432654 3.653580
26.359456 3.651396
26.212548 3.647012
25.905221 3.637841
25.916437 3.638176
25.854983 3.636342
25.863635 3.636600
25.863635 3.636600
27.148680 3.674948
27.077497 3.672824
26.992078 3.670275
26.581678 3.658028
26.690375 3.661271
25.615948 3.629209
25.633314 3.629727
25.528730 3.626606
25.405154 3.622918
25.405154 3.622918
25.425870 3.623536
26.450222 3.654105
26.938110 3.668664
26.938110 3.668664
26.914590 3.667962
26.557100 3.657294
26.611481 3.658917
26.954513 3.669153
26.954319 3.669148
26.954319 3.669148
26.787186 3.664160
26.787186 3.664160
26.787186 3.664160
26.152533 3.645221
25.970215 3.639781
26.109739 3.643944
26.109739 3.643944
26.136223 3.644734
25.155254 3.615461
25.133251 3.614804
25.101723 3.613863
24.960572 3.609651
24.936213 3.608924
24.945209 3.609193
24.939726 3.609029
24.939726 3.609029
24.933541 3.608845
24.933541 3.608845
24.933541 3.608845
24.933541 3.608845
24.933541 3.608845
25.042725 3.612103
25.042725 3.612103
25.057869 3.612555
25.022129 3.611488
24.804245 3.604986
24.909899 3.608139
24.909899 3.608139
24.898805 3.607808
24.884913 3.607393
24.884913 3.607393
24.932205 3.608805
24.951814 3.609390
25.004044 3.610948
24.373980 3.592146
24.407679 3.593152
24.506490 3.596101
24.506490 3.596101
24.757543 3.603593
24.757543 3.603593
24.706254 3.602062
24.706254 3.602062
24.132984 3.584955
24.147664 3.585393
24.283810 3.589456
24.283810 3.589456
24.164166 3.585885
24.169880 3.586056
24.167305 3.585979
24.141557 3.585211
23.288546 3.559755
23.248307 3.558555
23.239485 3.558291
23.286848 3.559705
22.975402 3.550411
22.975402 3.550411
23.290339 3.559809
23.290339 3.559809
23.290339 3.559809
23.403900 3.563198
23.390874 3.562809
23.355624 3.561757
23.279955 3.559499
23.351342 3.561629
23.431274 3.564015
23.570296 3.568163
23.575443 3.568317
25.161216 3.615639
25.057548 3.612545
25.036686 3.611923
25.032761 3.611805
25.032761 3.611805
25.062766 3.612701
25.193851 3.616613
25.119277 3.614387
24.762860 3.603751
24.789641 3.604550
24.221348 3.587592
24.285634 3.589510
24.321796 3.590589
24.311579 3.590284
24.307363 3.590158
24.380011 3.592326
24.102928 3.584058
24.123289 3.584665
23.996447 3.580880
23.949880 3.579491
23.959491 3.579777
23.909253 3.578278
23.909253 3.578278
23.766464 3.574017
23.779098 3.574394
23.624425 3.569779
23.643486 3.570347
23.700853 3.572059
23.842769 3.576294
23.868459 3.577061
23.857713 3.576740
23.775686 3.574292
23.737131 3.573142
23.735819 3.573103
23.716500 3.572526
23.905660 3.578171
23.888511 3.577659
23.887652 3.577634
23.887652 3.577634
23.887652 3.577634
23.813606 3.575424
23.761547 3.573870
23.743739 3.573339
23.453817 3.564687
23.440763 3.564298
23.197447 3.557037
23.197447 3.557037
23.204336 3.557242
23.341693 3.561341
23.295433 3.559961
23.296526 3.559993
23.176198 3.556403
23.213452 3.557514
23.213452 3.557514
22.696589 3.542090
22.683679 3.541705
22.674733 3.541438
22.674733 3.541438
23.103410 3.554231
23.103410 3.554231
23.170363 3.556229
23.180656 3.556536
23.279646 3.559490
23.283331 3.559600
23.283331 3.559600
23.276423 3.559394
23.276423 3.559394
23.276423 3.559394
23.499092 3.566038
23.646665 3.570442
23.646665 3.570442
23.890020 3.577704
23.858636 3.576768
23.478618 3.565427
23.260919 3.558931
23.331905 3.561049
23.264776 3.559046
23.258938 3.558872
23.275875 3.559377
23.291100 3.559832
23.297496 3.560022
23.339048 3.561262
23.348716 3.561551
23.455766 3.564745
23.455766 3.564745
23.983721 3.580500
24.030627 3.581900
24.037376 3.582102
24.003999 3.581106
23.717838 3.572566
23.717838 3.572566
23.679629 3.571426
23.724488 3.572765
23.724488 3.572765
23.783018 3.574511
24.198857 3.586920
24.093212 3.583768
23.564915 3.568003
23.564915 3.568003
23.490212 3.565773
23.426320 3.563867
23.425554 3.563844
23.503914 3.566182
23.503023 3.566156
23.503023 3.566156
23.384993 3.562633
23.384993 3.562633
23.732776 3.573012
23.248755 3.558568
23.270867 3.559228
23.755067 3.573677
23.792090 3.574782
23.865350 3.576968
24.008211 3.581231
25.202706 3.616877
25.198102 3.616739
24.854480 3.606485
24.986464 3.610424
25.086415 3.613407
25.086415 3.613407
24.999638 3.610817
24.999638 3.610817
25.079844 3.613210
25.115881 3.614286
25.119703 3.614400
25.131049 3.614739
25.131049 3.614739
25.135023 3.614857
25.037772 3.611955
24.509867 3.596201
24.715103 3.602326
24.738602 3.603027
24.672698 3.601061
25.297681 3.619711
25.246148 3.618173
25.246148 3.618173
25.253314 3.618387
25.243788 3.618103
25.241291 3.618028
25.726163 3.632498
25.872502 3.636865
25.840999 3.635925
25.852795 3.636277
26.371724 3.651762
26.360106 3.651415
26.342170 3.650880
26.364662 3.651551
26.435952 3.653679
26.730644 3.662473
26.686603 3.661159
26.649765 3.660059
26.585299 3.658136
26.560757 3.657403
26.359096 3.651385
26.359096 3.651385
26.388410 3.652260
26.365117 3.651565
26.222511 3.647309
26.197027 3.646549
26.223308 3.647333
26.173428 3.645845
26.335659 3.650686
26.463965 3.654515
26.500841 3.655615
25.936973 3.638789
25.936973 3.638789
25.937905 3.638816
26.064835 3.642604
26.332036 3.650578
26.340936 3.650843
26.370148 3.651715
26.366479 3.651606
26.371509 3.651756
26.373187 3.651806
26.477431 3.654917
26.477431 3.654917
26.492249 3.655359
25.364599 3.621708
24.402646 3.593002
24.417265 3.593438
24.435097 3.593970
24.461265 3.594751
24.148038 3.585404
24.063772 3.582889
24.053886 3.582594
24.069941 3.583073
24.083558 3.583480
24.112035 3.584330
24.112035 3.584330
24.118600 3.584525
24.191007 3.586686
24.114263 3.584396
24.071481 3.583119
23.959867 3.579789
24.705594 3.602042
24.705594 3.602042
24.696232 3.601763
24.639200 3.600061
24.609202 3.599166
24.570987 3.598025
24.573183 3.598091
24.466199 3.594898
24.448898 3.594382
24.377492 3.592251
24.395521 3.592789
23.444346 3.564405
23.444346 3.564405
23.569665 3.568144
23.216939 3.557618
23.212259 3.557479
23.175811 3.556391
23.213734 3.557523
23.215868 3.557587
23.223505 3.557814
23.342111 3.561354
23.503290 3.566164
23.193495 3.556919
23.143542 3.555428
23.143542 3.555428
22.941594 3.549402
22.941594 3.549402
22.976944 3.550457
23.021474 3.551786
23.021474 3.551786
23.020714 3.551763
22.933068 3.549147
22.933068 3.549147
22.933068 3.549147
22.897956 3.548100
22.895910 3.548038
22.432738 3.534217
22.432738 3.534217
22.410605 3.533556
22.428819 3.534100
22.413861 3.533653
22.419988 3.533836
22.372399 3.532416
22.820554 3.545790
22.817075 3.545686
22.843232 3.546466
22.843232 3.546466
22.695198 3.542049
22.699425 3.542175
22.645636 3.540570
22.772880 3.544367
22.762303 3.544051
22.925660 3.548926
22.925660 3.548926
22.971731 3.550301
23.017857 3.551678
22.894451 3.547995
22.859487 3.546952
22.735651 3.543256
22.477287 3.535546
22.554520 3.537851
22.570719 3.538334
22.540581 3.537435
22.423316 3.533936
22.556470 3.537909
22.556470 3.537909
22.605454 3.539371
22.569665 3.538303
22.575782 3.538485
22.597208 3.539125
22.597208 3.539125
22.783547 3.544685
22.880202 3.547570
22.844055 3.546491
22.771204 3.544317
22.803502 3.545281
22.718319 3.542739
22.718319 3.542739
22.718319 3.542739
22.725015 3.542939
22.725015 3.542939
22.883129 3.547657
22.818631 3.545732
22.809247 3.545452
22.784035 3.544700
22.597079 3.539121
22.597079 3.539121
22.654486 3.540834
22.605442 3.539370
22.440143 3.534438
22.852847 3.546753
22.762894 3.544069
22.750848 3.543710
23.228245 3.557956
23.251701 3.558656
23.245647 3.558475
23.069357 3.553214
23.388288 3.562732
23.332214 3.561058
23.310329 3.560405
23.121490 3.554770
23.115356 3.554587
22.991308 3.550885
23.072737 3.553315
22.927532 3.548982
22.969294 3.550228
22.876334 3.547454
22.912122 3.548522
22.912122 3.548522
22.909591 3.548447
22.907931 3.548397
22.885902 3.547740
22.889222 3.547839
22.889222 3.547839
22.583437 3.538714
22.675749 3.541469
22.675749 3.541469
22.784770 3.544722
22.862744 3.547049
22.750916 3.543712
22.709321 3.542470
22.678840 3.541561
22.645302 3.540560
22.645302 3.540560
22.633282 3.540201
22.520234 3.536828
22.514653 3.536661
22.514653 3.536661
22.585423 3.538773
22.585423 3.538773
22.285224 3.529815
22.285224 3.529815
22.412083 3.533600
22.522851 3.536906
22.522851 3.536906
22.522851 3.536906
22.557730 3.537947
22.559008 3.537985
22.413937 3.533656
22.457890 3.534967
22.457890 3.534967
22.354530 3.531883
22.336875 3.531356
22.332754 3.531233
22.936605 3.549253
22.939257 3.549332
23.057496 3.552860
23.048632 3.552596
23.070146 3.553238
22.979535 3.550534
22.833378 3.546172
22.833718 3.546183
22.700533 3.542208
22.759181 3.543958
22.759181 3.543958
22.665568 3.541165
23.235598 3.558175
23.223657 3.557819
23.277254 3.559418
23.342527 3.561366
23.011941 3.551501
23.011941 3.551501
23.011941 3.551501
22.988300 3.550796
22.988300 3.550796
22.988300 3.550796
22.988300 3.550796
23.105370 3.554289
23.073194 3.553329
23.114694 3.554567
23.097780 3.554063
23.320519 3.560709
23.395748 3.562954
23.394770 3.562925
23.394770 3.562925
23.499993 3.566065
23.496853 3.565972
23.431628 3.564025
23.302410 3.560169
23.302410 3.560169
23.267367 3.559123
23.289717 3.559790
23.289717 3.559790
23.296790 3.560001
23.296790 3.560001
23.291551 3.559845
23.291551 3.559845
23.504040 3.566186
23.453325 3.564673
23.379452 3.562468
23.491087 3.565800
23.644681 3.570383
23.717358 3.572552
23.712845 3.572417
23.657879 3.570777
23.564400 3.567987
23.515931 3.566541
23.453061 3.564665
23.431508 3.564022
23.429304 3.563956
23.315779 3.560568
23.313049 3.560487
23.431285 3.564015
23.323089 3.560786
23.637910 3.570181
23.643122 3.570336
23.667876 3.571075
23.663802 3.570954
23.416025 3.563560
23.314277 3.560523
23.320779 3.560717
23.334224 3.561118
23.364270 3.562015
23.481531 3.565514
23.479300 3.565448
23.514996 3.566513
23.683993 3.571556
23.291035 3.559830
23.306704 3.560297
23.225698 3.557880
23.208562 3.557369
23.159223 3.555896
23.139624 3.555311
22.521503 3.536866
22.499141 3.536198
22.370499 3.532359
22.403392 3.533341
22.409576 3.533526
22.409576 3.533526
22.447074 3.534645
22.452188 3.534797
22.635895 3.540279
22.627939 3.540042
22.497926 3.536162
22.519325 3.536801
22.517655 3.536751
22.517655 3.536751
22.046143 3.522680
22.315286 3.530712
22.315286 3.530712
22.315286 3.530712
22.315286 3.530712
22.320766 3.530875
22.320766 3.530875
22.723637 3.542898
22.705998 3.542371
22.705998 3.542371
22.705376 3.542353
22.175934 3.526553
22.153529 3.525885
22.114910 3.524732
21.993773 3.521117
21.869174 3.517399
21.869174 3.517399
21.880398 3.517734
21.895177 3.518175
21.295569 3.500282
21.287848 3.500051
21.204234 3.497556
21.278510 3.499773
21.270440 3.499532
21.270440 3.499532
21.858615 3.517084
21.736605 3.513443
21.723626 3.513056
21.628958 3.510231
21.551569 3.507921
22.137496 3.525406
22.154188 3.525904
22.222078 3.527930
22.292550 3.530033
22.236520 3.528361
22.191829 3.527028
22.224248 3.527995
22.296805 3.530160
22.169553 3.526363
22.169553 3.526363
22.189532 3.526959
22.531453 3.537163
22.531453 3.537163
22.552258 3.537783
22.552258 3.537783
22.548623 3.537675
22.572281 3.538381
22.403285 3.533338
22.358556 3.532003
22.358556 3.532003
21.776822 3.514643
21.959553 3.520096
22.990519 3.550862
22.964140 3.550075
22.974015 3.550369
22.972959 3.550338
23.072201 3.553299
23.326404 3.560885
23.323808 3.560808
23.243485 3.558411
23.243485 3.558411
23.243485 3.558411
23.303649 3.560206
21.987097 3.520918
21.852843 3.516912
21.889304 3.518000
21.767523 3.514366
21.767523 3.514366
21.767523 3.514366
21.786232 3.514924
21.705728 3.512522
21.697697 3.512282
21.631011 3.510292
22.440358 3.534444
22.536803 3.537322
22.636867 3.540308
22.660072 3.541001
22.651992 3.540760
22.631566 3.540150
22.627010 3.540014
22.627010 3.540014
22.627149 3.540018
22.666170 3.541183
22.747642 3.543614
22.880236 3.547571
22.865337 3.547126
22.856834 3.546872
22.948363 3.549604
22.976815 3.550453
22.962621 3.550029
23.089632 3.553819
23.048844 3.552602
23.034374 3.552170
23.022048 3.551803
23.022048 3.551803
23.087345 3.553751
23.155028 3.555771
23.136630 3.555222
23.126491 3.554919
23.722565 3.572707
23.754566 3.573662
23.758608 3.573783
23.664351 3.570970
23.594589 3.568888
23.635927 3.570122
23.579304 3.568432
23.007681 3.551374
22.940609 3.549372
22.940609 3.549372
22.954221 3.549779
22.940317 3.549364
22.941351 3.549395
22.942716 3.549435
22.944820 3.549498
22.930365 3.549067
22.930365 3.549067
22.645233 3.540558
22.569960 3.538312
22.555979 3.537894
22.563881 3.538130
22.738858 3.543352
22.740795 3.543410
22.751762 3.543737
22.772988 3.544370
22.712446 3.542564
22.669364 3.541278
22.468348 3.535279
22.025737 3.522071
22.028073 3.522141
21.993819 3.521119
22.143323 3.525580
22.063002 3.523183
22.063002 3.523183
22.082638 3.523769
22.056332 3.522984
22.040881 3.522523
22.088586 3.523947
21.601432 3.509409
21.693734 3.512164
21.870857 3.517449
21.824283 3.516059
22.097021 3.524198
22.158150 3.526023
22.159429 3.526061
22.159429 3.526061
21.715005 3.512798
21.843210 3.516624
21.711395 3.512691
21.711395 3.512691
21.467853 3.505423
21.724172 3.513072
21.672171 3.511520
21.598125 3.509311
21.645077 3.510712
21.538059 3.507518
21.575316 3.508630
21.575316 3.508630
21.575316 3.508630
21.610732 3.509687
21.610732 3.509687
21.579327 3.508750
21.583838 3.508884
21.615301 3.509823
21.635408 3.510423
21.690467 3.512066
21.652843 3.510943
21.535385 3.507438
21.555008 3.508024
21.603458 3.509470
21.591662 3.509118
21.511423 3.506723
21.463026 3.505279
21.161475 3.496280
21.341207 3.501644
21.212857 3.497814
20.788790 3.485159
20.794544 3.485330
20.794544 3.485330
21.235840 3.498499
21.197561 3.497357
21.172734 3.496616
21.186857 3.497038
21.197291 3.497349
21.192166 3.497196
20.753129 3.484095
20.830915 3.486416
20.880729 3.487902
20.905678 3.488647
20.680363 3.481923
20.387535 3.473185
20.387535 3.473185
20.692924 3.482298
20.777883 3.484833
20.779900 3.484893
20.779900 3.484893
20.686024 3.482092
20.933402 3.489474
20.776536 3.484793
20.762929 3.484387
20.909087 3.488749
20.843487 3.486791
20.856607 3.487183
20.911577 3.488823
20.944581 3.489808
20.929426 3.489356
20.878307 3.487830
20.795149 3.485349
20.901397 3.488519
20.848115 3.486929
20.949770 3.489963
20.947064 3.489882
20.947064 3.489882
20.923994 3.489193
20.875024 3.487732
20.813751 3.485904
20.803575 3.485600
20.803575 3.485600
20.330699 3.471489
20.787140 3.485110
20.783335 3.484996
20.975316 3.490725
20.975316 3.490725
20.887995 3.488119
20.909355 3.488757
21.016203 3.491945
21.005924 3.491638
21.028855 3.492323
21.028855 3.492323
21.018424 3.492011
21.119760 3.495035
20.826074 3.486271
20.993159 3.491257
20.948420 3.489922
20.939038 3.489642
20.914005 3.488895
20.897515 3.488403
20.911991 3.488835
20.933040 3.489463
20.933040 3.489463
21.193062 3.497223
20.992228 3.491230
21.157598 3.496165
21.288077 3.500058
21.085275 3.494006
21.092748 3.494229
21.037133 3.492570
21.046114 3.492838
21.071370 3.493591
21.074210 3.493676
21.136301 3.495529
21.076657 3.493749
21.096387 3.494338
21.108443 3.494698
21.314592 3.500850
21.244590 3.498761
21.182190 3.496898
21.182190 3.496898
21.182190 3.496898
21.182190 3.496898
21.125156 3.495196
20.937155 3.489586
20.695282 3.482368
20.675042 3.481764
20.703642 3.482618
20.753706 3.484112
20.660816 3.481340
20.353398 3.472166
20.289240 3.470251
20.460577 3.475364
20.453791 3.475162
20.453791 3.475162
20.453791 3.475162
20.728930 3.483372
20.728930 3.483372
20.728930 3.483372
20.865148 3.487437
20.940881 3.489697
20.968941 3.490535
21.014080 3.491882
21.190807 3.497156
21.190807 3.497156
21.280276 3.499825
21.401562 3.503445
21.366987 3.502413
21.357730 3.502137
21.615106 3.509817
21.660701 3.511178
21.616089 3.509847
21.660024 3.511158
21.663420 3.511259
21.663420 3.511259
21.737340 3.513465
21.384998 3.502951
21.384998 3.502951
21.388146 3.503044
21.405055 3.503549
21.387233 3.503017
21.268680 3.499479
21.272821 3.499603
21.028040 3.492298
21.028040 3.492298
20.884064 3.488002
20.884064 3.488002
20.835236 3.486545
20.836928 3.486595
20.625683 3.480291
20.625683 3.480291
20.600989 3.479554
20.600989 3.479554
20.656282 3.481205
20.591555 3.479273
20.165351 3.466554
20.226458 3.468378
20.278175 3.469921
20.281456 3.470019
20.257885 3.469316
20.253560 3.469187
20.443853 3.474865
20.419702 3.474145
20.419702 3.474145
20.743410 3.483805
20.745452 3.483866
20.745498 3.483867
20.825663 3.486259
20.813469 3.485895
21.240874 3.498650
21.296115 3.500298
21.291887 3.500172
21.261237 3.499257
21.080100 3.493852
21.282925 3.499905
21.282925 3.499905
21.282925 3.499905
21.313672 3.500822
21.313672 3.500822
21.327309 3.501229
21.342030 3.501668
21.239514 3.498609
21.207486 3.497653
21.172031 3.496595
21.220552 3.498043
21.190141 3.497136
21.341616 3.501656
21.459028 3.505160
21.438634 3.504551
21.415350 3.503856
21.415350 3.503856
21.525723 3.507150
21.525723 3.507150
21.491878 3.506140
21.346157 3.501791
21.346157 3.501791
21.516013 3.506860
21.615987 3.509844
21.619132 3.509937
21.619132 3.509937
21.908536 3.518574
22.010072 3.521604
22.021289 3.521938
22.226567 3.528064
22.136316 3.525371
22.143777 3.525594
22.240224 3.528472
22.240840 3.528490
22.137512 3.525407
22.120866 3.524910
24.138354 3.585115
24.093415 3.583774
24.552281 3.597467
24.492852 3.595694
24.457389 3.594635
24.562359 3.597768
24.612809 3.599273
24.612809 3.599273
24.608852 3.599155
24.472419 3.595084
24.472419 3.595084
24.406860 3.593128
24.406860 3.593128
24.289126 3.589614
24.341697 3.591183
24.329469 3.590818
24.329469 3.590818
24.329469 3.590818
24.130826 3.584890
23.982016 3.580450
23.982016 3.580450
24.119060 3.584539
23.612529 3.569424
23.761973 3.573883
23.761973 3.573883
23.518252 3.566610
23.500147 3.566070
23.476634 3.565368
23.486764 3.565670
23.551738 3.567609
23.556077 3.567739
23.559622 3.567845
23.603418 3.569152
23.599186 3.569025
23.302117 3.560160
23.300836 3.560122
23.314516 3.560530
23.523540 3.566768
23.544689 3.567399
23.544689 3.567399
23.639355 3.570224
23.626226 3.569832
23.602038 3.569110
23.380087 3.562487
23.273869 3.559317
23.250009 3.558605
23.105184 3.554284
23.719108 3.572604
23.780940 3.574449
24.378917 3.592294
24.383934 3.592443
24.396542 3.592820
24.380580 3.592343
24.306213 3.590124
24.302521 3.590014
24.271392 3.589085
24.208382 3.587205
24.378411 3.592279
24.314698 3.590377
24.314698 3.590377
24.305202 3.590094
24.266017 3.588925
24.329519 3.590820
23.216472 3.557605
23.476577 3.565366
23.487487 3.565692
23.924706 3.578739
23.916526 3.578495
23.762472 3.573898
23.746907 3.573434
23.164282 3.556047
22.924774 3.548900
22.812021 3.545535
22.863029 3.547057
22.784096 3.544702
22.975184 3.550404
23.036571 3.552236
22.917704 3.548689
22.851129 3.546702
22.849349 3.546649
22.849349 3.546649
22.728792 3.543051
24.063978 3.582895
23.755785 3.573699
23.776452 3.574315
23.776452 3.574315
23.776452 3.574315
23.776452 3.574315
23.635392 3.570106
23.840972 3.576241
23.505036 3.566216
23.243194 3.558402
23.275147 3.559356
23.313477 3.560499
23.313477 3.560499
23.362676 3.561968
23.363665 3.561997
23.305965 3.560275
23.321082 3.560726
23.390435 3.562796
23.062955 3.553023
23.067378 3.553155
23.247298 3.558524
23.258242 3.558851
23.260057 3.558905
23.208900 3.557379
23.208900 3.557379
23.994762 3.580830
23.994762 3.580830
23.990661 3.580708
23.990661 3.580708
23.867776 3.577040
24.027068 3.581794
23.969317 3.580071
23.969317 3.580071
23.961397 3.579834
23.684453 3.571570
23.632948 3.570033
23.632948 3.570033
23.632948 3.570033
23.516021 3.566544
23.437344 3.564196
23.462163 3.564936
23.210196 3.557417
23.290498 3.559814
23.289918 3.559796
23.439939 3.564273
23.472653 3.565249
23.918180 3.578545
22.783241 3.544676
22.780805 3.544604
22.594777 3.539052
22.640435 3.540415
22.789282 3.544857
23.065260 3.553092
23.051882 3.552693
24.235213 3.588005
24.313911 3.590354
24.483163 3.595405
24.457739 3.594646
24.493168 3.595703
24.542533 3.597176
24.457245 3.594631
24.472878 3.595098
24.664026 3.600802
24.664026 3.600802
24.663484 3.600786
25.024927 3.611572
25.061991 3.612678
25.272620 3.618963
25.292148 3.619546
25.218951 3.617362
25.251295 3.618327
25.251295 3.618327
25.079987 3.613215
25.103322 3.613911
25.084914 3.613362
25.130236 3.614714
25.133401 3.614809
25.133401 3.614809
25.057367 3.612540
24.965281 3.609792
24.932275 3.608807
24.921854 3.608496
24.545335 3.597260
24.178060 3.586300
24.240692 3.588169
24.245806 3.588321
24.224645 3.587690
24.268429 3.588997
24.383139 3.592420
24.688012 3.601518
24.624072 3.599610
24.714389 3.602305
24.805490 3.605023
24.630740 3.599809
24.630740 3.599809
24.615999 3.599369
24.975074 3.610084
24.563831 3.597812
24.270413 3.589056
24.205456 3.587117
24.196896 3.586862
24.240154 3.588153
24.421480 3.593564
24.469365 3.594993
24.561434 3.597740
24.561434 3.597740
24.561434 3.597740
24.561434 3.597740
24.553700 3.597510
24.550518 3.597415
24.550518 3.597415
25.281446 3.619227
25.255185 3.618443
25.383695 3.622278
25.128927 3.614675
25.091372 3.613554
25.189124 3.616472
25.167458 3.615825
25.155521 3.615469
24.991365 3.610570
25.015341 3.611286
25.413331 3.623162
25.394246 3.622593
25.377059 3.622080
25.377059 3.622080
25.377059 3.622080
25.377059 3.622080
25.472583 3.624930
25.540588 3.626960
25.838574 3.635852
25.940115 3.638882
25.952666 3.639257
25.302117 3.619843
25.310028 3.620080
25.310028 3.620080
25.330126 3.620679
25.283595 3.619291
24.981983 3.610290
24.978555 3.610188
24.952064 3.609397
24.234606 3.587987
24.240669 3.588168
25.215621 3.617262
24.996936 3.610736
24.996936 3.610736
25.173914 3.616018
25.142866 3.615091
25.122428 3.614481
25.301886 3.619837
25.321236 3.620414
25.211073 3.617127
25.181121 3.616233
25.192593 3.616575
25.392385 3.622537
25.027868 3.611659
24.915046 3.608293
25.505254 3.625905
25.505254 3.625905
25.465364 3.624715
25.364776 3.621713
25.393342 3.622566
25.415063 3.623214
25.226509 3.617587
25.224371 3.617523
25.006372 3.611018
25.089451 3.613497
25.089451 3.613497
25.120349 3.614419
24.608943 3.599158
24.598749 3.598854
24.609485 3.599174
24.539169 3.597076
24.514299 3.596334
24.514984 3.596354
24.583980 3.598413
24.198989 3.586924
24.198989 3.586924
23.119149 3.554700
22.975066 3.550401
22.899437 3.548144
22.904857 3.548305
22.864902 3.547113
22.817991 3.545713
22.946833 3.549558
22.387025 3.532853
22.612978 3.539595
22.730106 3.543091
22.715963 3.542669
22.682481 3.541669
23.121356 3.554766
23.064885 3.553081
23.064885 3.553081
23.025446 3.551904
23.047628 3.552566
23.047628 3.552566
23.221117 3.557743
23.221117 3.557743
23.137376 3.555244
23.429484 3.563961
23.460160 3.564877
23.471458 3.565214
23.314501 3.560530
23.092191 3.553896
23.880316 3.577415
24.190346 3.586666
23.915586 3.578467
23.778767 3.574384
23.794438 3.574852
23.787984 3.574659
24.011885 3.581341
23.827111 3.575827
23.889482 3.577688
24.094791 3.583815
24.119423 3.584550
24.121107 3.584600
23.936704 3.579097
23.892212 3.577770
23.911892 3.578357
23.870704 3.577128
23.854253 3.576637
24.069222 3.583052
24.161146 3.585795
23.894629 3.577842
23.846070 3.576393
23.843527 3.576317
23.843527 3.576317
23.692329 3.571805
23.796190 3.574904
23.823962 3.575733
23.752623 3.573604
24.025537 3.581748
23.966139 3.579976
23.990556 3.580704
23.862419 3.576881
23.863559 3.576915
23.929969 3.578896
23.941491 3.579240
23.941491 3.579240
23.752582 3.573603
23.752582 3.573603
23.783018 3.574511
23.776181 3.574307
23.014448 3.551576
24.239254 3.588126
24.186715 3.586558
24.184291 3.586486
24.108022 3.584210
23.123601 3.554833
23.123601 3.554833
22.839429 3.546353
22.901962 3.548219
22.901962 3.548219
22.901962 3.548219
22.985464 3.550711
22.990826 3.550871
22.832918 3.546159
22.986305 3.550736
23.006884 3.551350
26.546978 3.656992
26.962838 3.669402
26.959674 3.669308
27.050857 3.672029
27.052614 3.672081
27.086055 3.673079
26.569595 3.657667
26.565246 3.657537
22.964550 3.550087
23.061221 3.552972
22.830318 3.546081
22.973989 3.550368
23.127635 3.554954
22.603161 3.539302
22.561177 3.538050
22.610001 3.539507
22.448826 3.534697
22.479529 3.535613
22.455456 3.534895
22.274322 3.529489
22.269764 3.529353
22.311390 3.530595
22.424254 3.533964
22.354880 3.531893
22.354880 3.531893
22.266827 3.529266
22.477450 3.535551
22.469501 3.535314
22.565025 3.538164
22.539699 3.537409
22.539699 3.537409
22.245463 3.528628
22.245463 3.528628
22.087232 3.523906
21.591596 3.509116
21.709037 3.512620
21.734109 3.513369
21.592107 3.509131
21.605706 3.509537
21.645449 3.510723
21.628033 3.510203
21.630566 3.510279
21.627236 3.510179
21.523541 3.507085
21.824415 3.516063
21.796996 3.515245
21.792167 3.515101
21.808012 3.515574
21.825443 3.516094
21.741059 3.513576
21.706127 3.512534
21.554823 3.508018
21.589647 3.509058
21.622168 3.510028
21.426744 3.504196
21.409053 3.503668
21.335486 3.501473
21.315153 3.500866
21.396893 3.503305
21.389087 3.503073
21.381199 3.502837
21.342799 3.501691
21.395218 3.503256
21.251634 3.498971
21.095865 3.494322
21.124083 3.495164
21.085443 3.494011
20.979982 3.490864
21.026649 3.492257
20.913249 3.488873
20.706953 3.482717
20.791506 3.485240
20.755421 3.484163
20.667525 3.481540
20.584773 3.479071
20.646421 3.480910
20.643041 3.480809
20.715328 3.482967
20.717608 3.483035
20.754610 3.484139
20.780677 3.484917
20.440390 3.474762
20.437064 3.474663
20.571923 3.478687
20.436535 3.474647
20.440941 3.474778
20.474489 3.475780
20.385001 3.473109
20.429104 3.474425
20.274659 3.469816
20.264036 3.469499
20.211468 3.467931
20.205850 3.467763
19.817054 3.456161
19.876989 3.457949
19.876760 3.457942
19.988106 3.461265
20.041349 3.462854
20.041349 3.462854
20.081869 3.464063
20.886166 3.488065
20.900135 3.488481
20.779006 3.484867
20.557656 3.478261
20.557656 3.478261
20.128758 3.465462
20.037991 3.462754
20.020795 3.462241
19.983644 3.461132
19.843201 3.456941
19.939983 3.459829
19.953590 3.460235
19.720258 3.453272
19.705546 3.452833
19.748025 3.454101
19.811495 3.455995
19.854194 3.457269
19.854194 3.457269
19.870512 3.457756
20.084344 3.464137
20.108365 3.464854
20.237934 3.468720
20.302849 3.470658
20.298980 3.470542
20.232317 3.468553
20.098329 3.464554
20.159455 3.466378
20.090840 3.464331
19.961192 3.460462
19.991303 3.461361
20.171167 3.466728
20.242364 3.468853
20.198199 3.467535
20.010739 3.461941
20.096993 3.464514
20.594743 3.479368
20.633329 3.480520
20.585477 3.479092
20.566681 3.478531
20.627510 3.480346
20.644183 3.480843
20.358166 3.472308
20.414423 3.473987
20.492727 3.476324
20.779404 3.484879
20.779404 3.484879
20.793861 3.485310
20.937447 3.489595
20.971390 3.490608
20.970397 3.490578
21.090382 3.494159
21.307679 3.500643
20.973456 3.490669
20.971591 3.490614
20.987209 3.491080
21.008712 3.491722
21.091128 3.494181
20.936601 3.489570
20.937015 3.489582
20.445322 3.474909
20.429225 3.474429
20.429225 3.474429
20.645816 3.480892
20.709644 3.482797
20.330985 3.471497
20.423520 3.474259
20.417501 3.474079
20.324154 3.471293
20.324154 3.471293
20.340826 3.471791
20.315008 3.471020
19.880998 3.458069
19.801670 3.455702
19.798998 3.455622
19.903192 3.458731
19.894300 3.458466
19.325576 3.441494
19.325576 3.441494
18.850397 3.427314
18.802769 3.425893
18.832544 3.426781
18.902289 3.428863
18.791808 3.425566
18.762903 3.424703
18.717621 3.423352
18.820524 3.426423
18.807871 3.426045
18.534932 3.417900
18.438858 3.415033
18.652969 3.421423
18.479674 3.416251
18.665314 3.421791
18.656254 3.421521
18.420528 3.414486
18.596547 3.419739
18.526380 3.417645
18.531064 3.417785
18.538352 3.418002
18.571984 3.419006
18.589581 3.419531
18.497431 3.416781
18.324386 3.411617
18.385005 3.413426
18.204920 3.408052
18.204920 3.408052
18.200477 3.407919
18.222699 3.408583
18.523144 3.417548
18.517512 3.417380
18.774682 3.425055
18.607062 3.420053
18.590529 3.419559
18.620500 3.420454
18.865762 3.427773
18.709712 3.423116
18.509966 3.417155
18.528594 3.417711
18.683997 3.422348
18.695236 3.422684
19.113821 3.435175
19.020074 3.432378
19.020074 3.432378
19.240780 3.438964
19.227492 3.438567
19.221961 3.438402
19.238923 3.438908
19.195026 3.437598
19.564602 3.448627
19.531888 3.447651
19.517584 3.447224
19.527908 3.447532
19.798618 3.455610
19.725491 3.453428
19.718926 3.453232
19.521696 3.447347
19.519880 3.447293
19.519880 3.447293
19.441700 3.444959
19.601199 3.449719
19.614688 3.450122
19.509364 3.446979
19.512088 3.447060
19.635601 3.450746
19.635601 3.450746
19.625539 3.450446
19.674346 3.451902
19.601201 3.449719
19.653928 3.451293
19.489757 3.446394
19.489757 3.446394
19.377308 3.443038
19.280443 3.440147
19.403896 3.443831
19.400990 3.443745
19.317236 3.441245
19.317236 3.441245
18.864282 3.427728
18.874459 3.428032
18.956444 3.430479
18.868520 3.427855
18.976919 3.431090
18.896658 3.428695
18.896658 3.428695
18.872568 3.427976
18.833729 3.426817
18.852722 3.427383
18.867036 3.427811
18.663186 3.421727
18.764402 3.424748
18.821006 3.426437
18.833721 3.426816
18.965830 3.430759
19.036247 3.432860
19.016848 3.432281
19.055480 3.433434
19.046077 3.433154
18.983543 3.431287
19.279792 3.440128
19.316813 3.441233
19.313542 3.441135
19.313542 3.441135
19.781045 3.455086
19.778493 3.455010
19.738950 3.453830
19.118116 3.435303
19.034128 3.432797
19.034128 3.432797
19.375566 3.442986
19.148836 3.436220
19.148836 3.436220
19.140335 3.435966
18.902237 3.428861
18.784751 3.425355
18.801261 3.425848
18.801261 3.425848
18.808337 3.426059
18.919569 3.429378
18.928322 3.429640
19.126656 3.435558
19.019659 3.432365
19.263156 3.439631
19.196199 3.437633
19.145045 3.436107
19.381791 3.443172
19.546805 3.448096
19.326509 3.441522
19.333147 3.441720
19.298252 3.440679
19.296808 3.440636
19.317628 3.441257
19.329073 3.441599
19.492743 3.446483
19.465609 3.445673
19.492898 3.446487
19.524506 3.447431
19.547037 3.448103
19.366854 3.442726
19.143763 3.436069
19.200422 3.437759
19.097187 3.434679
19.102962 3.434851
19.073121 3.433961
19.048699 3.433232
19.034418 3.432806
19.052225 3.433337
19.182137 3.437214
19.182137 3.437214
19.254488 3.439373
19.384665 3.443257
19.257969 3.439477
19.293165 3.440527
19.332172 3.441691
19.348548 3.442180
19.348548 3.442180
19.279474 3.440118
19.377213 3.443035
19.647140 3.451090
19.666092 3.451656
19.667295 3.451692
19.667295 3.451692
19.875986 3.457919
19.877905 3.457977
19.895166 3.458492
19.883831 3.458153
19.974288 3.460853
19.915240 3.459091
19.851315 3.457183
19.846024 3.457025
19.793705 3.455464
19.536519 3.447789
19.536519 3.447789
19.536519 3.447789
19.907553 3.458861
19.765115 3.454611
19.834612 3.456685
19.850319 3.457153
19.775201 3.454912
19.678140 3.452015
19.709103 3.452939
19.198883 3.437713
19.167504 3.436777
19.085237 3.434322
19.085237 3.434322
20.338824 3.471731
20.331354 3.471508
20.311143 3.470905
20.311143 3.470905
20.311143 3.470905
20.316518 3.471065
20.316518 3.471065
20.748677 3.483962
20.748677 3.483962
20.740524 3.483718
20.561381 3.478373
20.709569 3.482795
20.901430 3.488520
19.582028 3.449147
19.674790 3.451915
19.664769 3.451616
19.555775 3.448364
19.984418 3.461155
21.359809 3.502199
21.379211 3.502778
21.510563 3.506698
21.559260 3.508151
21.533129 3.507371
21.557482 3.508098
20.093637 3.464414
20.011786 3.461972
19.881094 3.458072
19.931288 3.459570
19.931288 3.459570
19.958573 3.460384
19.967014 3.460636
20.415780 3.474028
20.175526 3.466858
20.160224 3.466401
20.118220 3.465148
20.309138 3.470845
20.406320 3.473745
20.436316 3.474640
20.468278 3.475594
20.475122 3.475798
20.538633 3.477694
20.598434 3.479478
20.566066 3.478512
20.575643 3.478798
20.585645 3.479097
20.572745 3.478712
20.572745 3.478712
20.572745 3.478712
20.519729 3.477130
20.504356 3.476671
20.401643 3.473606
20.386365 3.473150
19.905056 3.458787
19.905056 3.458787
19.931775 3.459584
20.028171 3.462461
19.936352 3.459721
19.866140 3.457625
19.606610 3.449881
19.513415 3.447100
19.513415 3.447100
19.484373 3.446233
19.484373 3.446233
19.556927 3.448398
19.556927 3.448398
19.578848 3.449052
19.584421 3.449219
19.528748 3.447557
19.596312 3.449573
19.586557 3.449282
19.606672 3.449883
19.557771 3.448423
19.588270 3.449333
19.599796 3.449677
19.580583 3.449104
19.435327 3.444769
19.406627 3.443913
19.542399 3.447965
19.606207 3.449869
19.283624 3.440242
19.129407 3.435640
19.133303 3.435756
18.729033 3.423692
18.470385 3.415974
18.492723 3.416641
18.507539 3.417083
18.507539 3.417083
18.521128 3.417488
18.503852 3.416973
18.527557 3.417680
18.567670 3.418877
18.674865 3.422076
18.284987 3.410441
18.295861 3.410766
18.295861 3.410766
18.236439 3.408993
17.551327 3.388548
17.488390 3.386670
17.430181 3.384933
17.101304 3.375118
17.124340 3.375806
17.187960 3.377704
17.185582 3.377633
17.488522 3.386674
17.512878 3.387400
17.473807 3.386235
17.473807 3.386235
17.359757 3.382831
17.818487 3.396520
17.825982 3.396744
17.762458 3.394848
17.762458 3.394848
17.762458 3.394848
17.750997 3.394506
17.750997 3.394506
17.750997 3.394506
17.791995 3.395730
17.791995 3.395730
17.794216 3.395796
17.902077 3.399015
17.890079 3.398657
17.825020 3.396715
17.815042 3.396417
17.815042 3.396417
17.791316 3.395709
17.570128 3.389109
17.495666 3.386887
17.664549 3.391927
17.668036 3.392031
17.624241 3.390724
17.635791 3.391068
17.635791 3.391068
17.545801 3.388383
17.537219 3.388127
17.329531 3.381929
17.329531 3.381929
17.329531 3.381929
17.329531 3.381929
17.338238 3.382189
17.338238 3.382189
17.251599 3.379603
17.221674 3.378710
17.360276 3.382847
17.317783 3.381579
18.915215 3.429248
18.915215 3.429248
18.958892 3.430552
18.959787 3.430578
19.036976 3.432882
19.105307 3.434921
19.969669 3.460715
20.066621 3.463608
19.969271 3.460703
19.976771 3.460927
19.976771 3.460927
19.841372 3.456886
19.831564 3.456594
19.780506 3.455070
19.831229 3.456584
19.885323 3.458198
19.999079 3.461593
20.112515 3.464978
20.368608 3.472620
20.328767 3.471431
20.337226 3.471683
20.347225 3.471982
20.347225 3.471982
20.347225 3.471982
20.438683 3.474711
20.432732 3.474533
20.399114 3.473530
20.399114 3.473530
20.382958 3.473048
20.196024 3.467470
20.288659 3.470234
20.207263 3.467805
20.069574 3.463696
20.204789 3.467731
20.477954 3.475883
20.323972 3.471288
19.894476 3.458471
19.734026 3.453683
19.489594 3.446389
19.583615 3.449194
19.555914 3.448368
19.534375 3.447725
19.556416 3.448383
19.538709 3.447854
19.547887 3.448128
19.559583 3.448477
19.726192 3.453449
18.890310 3.428505
18.879662 3.428187
18.879662 3.428187
18.833250 3.426802
18.873554 3.428005
19.012677 3.432157
19.017695 3.432307
18.969918 3.430881
18.853893 3.427418
18.921318 3.429430
18.918613 3.429350
18.953979 3.430405
19.223750 3.438456
19.129774 3.435651
19.095335 3.434623
19.045729 3.433143
19.035443 3.432836
18.980085 3.431184
18.808444 3.426062
18.781550 3.425260
19.037652 3.432902
19.372492 3.442894
19.244700 3.439081
19.283345 3.440234
19.246020 3.439120
20.746126 3.483886
20.707682 3.482738
20.926349 3.489264
19.141277 3.435994
19.370792 3.442844
18.947742 3.430219
18.947742 3.430219
18.834772 3.426848
18.813768 3.426221
18.753882 3.424434
18.868287 3.427848
18.366331 3.412869
18.218065 3.408444
17.691032 3.392717
17.667099 3.392003
17.615509 3.390463
17.576241 3.389291
17.576241 3.389291
17.624065 3.390718
17.766224 3.394961
17.706111 3.393167
17.779545 3.395358
17.718002 3.393522
17.718002 3.393522
17.668702 3.392050
17.723275 3.393679
17.841635 3.397211
17.841635 3.397211
17.651336 3.391532
17.629420 3.390878
17.617727 3.390529
17.475653 3.386290
17.475653 3.386290
17.478566 3.386377
18.184769 3.407451
18.184769 3.407451
18.362671 3.412760
18.128294 3.405765
18.087827 3.404558
18.032857 3.402917
17.790102 3.395673
17.808146 3.396212
17.759233 3.394752
18.003176 3.402032
18.002800 3.402021
17.831125 3.396897
18.148451 3.406367
18.144166 3.406239
18.050828 3.403454
18.334006 3.411904
18.065563 3.403893
18.073933 3.404143
18.076337 3.404215
18.234607 3.408938
18.332559 3.411861
18.428875 3.414735
18.389709 3.413566
18.346508 3.412277
18.434436 3.414901
18.452007 3.415426
18.423552 3.414576
18.423552 3.414576
18.513997 3.417275
20.543959 3.477853
20.543959 3.477853
20.226927 3.468392
20.479305 3.475923
20.456262 3.475236
20.388583 3.473216
20.750427 3.484014
20.656697 3.481217
20.774356 3.484728
20.774356 3.484728
20.757277 3.484218
20.836271 3.486576
20.836271 3.486576
20.796608 3.485392
20.796608 3.485392
20.556060 3.478214
20.544638 3.477873
20.582442 3.479001
20.644610 3.480856
20.628584 3.480378
20.596052 3.479407
20.605690 3.479695
20.605690 3.479695
20.605690 3.479695
20.709404 3.482790
20.746265 3.483890
20.700737 3.482531
20.700737 3.482531
20.594005 3.479346
20.489084 3.476215
20.533451 3.477539
20.479012 3.475914
20.464049 3.475468
20.435272 3.474609
20.372900 3.472748
20.425091 3.474305
20.433793 3.474565
20.476270 3.475833
20.443593 3.474858
20.444511 3.474885
20.513731 3.476951
20.614962 3.479971
20.431685 3.474502
20.431685 3.474502
20.300250 3.470580
20.300250 3.470580
20.300250 3.470580
20.085560 3.464173
19.864379 3.457573
19.896856 3.458542
20.142181 3.465863
20.223735 3.468297
20.228689 3.468444
20.022725 3.462298
20.182512 3.467066
20.239233 3.468759
20.178970 3.466961
20.061647 3.463460
20.061647 3.463460
20.127963 3.465439
20.177309 3.466911
19.979024 3.460994
19.905654 3.458805
19.834515 3.456682
19.853476 3.457248
19.877402 3.457962
19.997756 3.461553
21.487468 3.506008
21.486362 3.505975
21.519781 3.506973
21.622420 3.510036
17.768299 3.395023
17.838212 3.397109
17.851996 3.397520
17.954186 3.400570
17.954186 3.400570
17.954186 3.400570
17.943102 3.400239
17.888017 3.398595
17.905896 3.399129
18.009153 3.402210
17.918792 3.399514
17.934464 3.399981
17.770261 3.395081
18.265923 3.409872
18.299022 3.410860
18.079604 3.404312
18.228049 3.408742
18.533799 3.417866
18.341722 3.412134
18.346523 3.412278
18.278524 3.410249
18.278524 3.410249
17.830952 3.396892
17.965778 3.400916
17.977778 3.401274
17.794926 3.395817
17.851916 3.397518
17.926401 3.399741
17.808136 3.396211
17.817882 3.396502
17.742892 3.394264
17.394250 3.383860
17.537329 3.388130
17.386273 3.383622
17.271464 3.380196
17.163142 3.376964
17.244582 3.379394
17.235744 3.379130
17.248888 3.379523
17.714942 3.393430
17.730346 3.393890
17.550504 3.388523
17.532983 3.388000
17.024075 3.372814
17.024075 3.372814
17.056925 3.373794
17.087219 3.374698
17.087219 3.374698
17.156352 3.376761
16.776086 3.365413
16.831357 3.367063
16.814833 3.366570
16.887670 3.368743
16.949970 3.370602
17.060006 3.373886
17.106951 3.375287
16.999001 3.372066
17.216658 3.378561
17.133864 3.376090
17.137239 3.376191
17.173120 3.377262
17.283588 3.380558
17.376815 3.383340
17.221191 3.378696
17.210427 3.378375
17.351148 3.382574
17.246257 3.379444
17.242059 3.379319
17.542239 3.388277
17.502799 3.387100
17.310154 3.381351
17.338364 3.382193
17.338364 3.382193
17.331653 3.381992
17.319960 3.381643
17.319960 3.381643
17.265849 3.380029
20.571987 3.478689
20.338263 3.471714
20.393296 3.473357
20.382901 3.473046
21.039521 3.492641
21.039521 3.492641
21.061147 3.493286
20.975491 3.490730
21.085332 3.494008
21.085332 3.494008
21.085332 3.494008
21.114271 3.494872
21.105746 3.494617
21.105746 3.494617
21.108709 3.494706
24.229505 3.587835
24.205564 3.587121
24.205564 3.587121
24.439807 3.594111
24.532241 3.596869
24.007723 3.581217
24.007723 3.581217
24.093267 3.583769
24.093267 3.583769
24.164354 3.585891
23.921288 3.578637
23.775209 3.574278
20.464675 3.475487
20.461184 3.475382
20.629617 3.480409
20.629617 3.480409
20.818191 3.486036
20.763018 3.484390
20.763018 3.484390
20.624690 3.480262
21.583623 3.508878
21.684286 3.511882
21.308054 3.500654
21.205564 3.497596
21.357139 3.502119
17.293694 3.380860
17.293694 3.380860
17.281805 3.380505
17.293883 3.380865
17.293883 3.380865
17.293883 3.380865
17.175813 3.377342
17.098712 3.375041
18.589893 3.419540
18.551989 3.418409
17.057302 3.373805
17.170846 3.377194
17.199658 3.378053
17.199658 3.378053
17.220614 3.378679
17.299445 3.381031
17.299445 3.381031
17.359523 3.382824
17.194766 3.377907
17.918796 3.399514
17.675968 3.392267
17.656090 3.391674
17.672790 3.392172
17.744349 3.394308
17.720824 3.393606
17.594086 3.389824
17.537528 3.388136
17.537528 3.388136
17.537528 3.388136
17.537528 3.388136
17.446194 3.385411
17.435581 3.385094
17.536517 3.388106
17.550400 3.388520
17.612228 3.390365
17.601595 3.390048
17.615897 3.390475
17.648211 3.391439
17.633244 3.390992
17.675705 3.392259
17.540812 3.388234
17.432320 3.384996
17.466514 3.386017
17.416883 3.384536
17.363600 3.382946
17.292499 3.380824
17.292499 3.380824
17.221709 3.378712
17.272100 3.380215
16.959731 3.370894
16.800071 3.366129
16.851839 3.367674
16.857855 3.367854
16.843505 3.367425
17.001553 3.372142
17.001553 3.372142
17.008059 3.372336
17.008059 3.372336
16.972117 3.371263
16.972117 3.371263
16.645093 3.361504
16.645093 3.361504
16.660472 3.361963
16.822910 3.366811
16.826143 3.366907
16.826143 3.366907
16.990309 3.371806
16.990309 3.371806
17.033676 3.373100
16.982276 3.371566
16.982276 3.371566
16.985984 3.371677
16.953179 3.370698
16.873014 3.368306
16.793891 3.365945
16.793891 3.365945
16.819623 3.366713
16.819623 3.366713
16.792333 3.365898
16.772417 3.365304
16.882512 3.368589
17.137548 3.376200
17.238821 3.379222
17.187275 3.377684
17.242351 3.379328
17.030518 3.373006
17.430691 3.384948
17.390545 3.383750
17.268393 3.380105
17.339955 3.382240
17.261070 3.379886
17.321079 3.381677
17.368968 3.383106
17.488001 3.386658
17.538458 3.388164
17.584696 3.389544
17.711772 3.393336
17.774341 3.395203
17.848211 3.397407
17.848211 3.397407
17.908079 3.399194
17.895971 3.398833
17.911404 3.399293
17.911404 3.399293
17.911404 3.399293
17.843240 3.397259
17.908481 3.399206
17.874560 3.398194
17.865346 3.397919
17.862605 3.397837
17.862605 3.397837
17.684053 3.392509
17.649158 3.391467
17.802377 3.396040
17.808154 3.396212
17.216546 3.378557
17.216546 3.378557
17.255813 3.379729
17.179680 3.377457
17.324726 3.381786
17.228124 3.378903
17.392099 3.383796
17.418915 3.384596
17.819589 3.396553
17.874900 3.398204
17.610764 3.390322
17.914392 3.399382
17.743961 3.394296
17.768796 3.395037
17.734715 3.394020
17.674875 3.392235
17.695640 3.392854
17.750576 3.394494
17.571280 3.389143
17.561187 3.388842
17.388158 3.383679
17.394504 3.383868
17.495610 3.386885
17.505781 3.387189
17.507584 3.387242
17.536010 3.388091
17.536010 3.388091
17.312201 3.381412
17.172475 3.377242
17.172475 3.377242
17.150047 3.376573
17.072289 3.374253
17.137366 3.376195
17.137366 3.376195
16.959553 3.370888
17.012842 3.372479
17.051031 3.373618
17.051031 3.373618
16.999996 3.372095
16.871515 3.368261
16.871515 3.368261
16.966049 3.371082
16.979238 3.371476
16.852406 3.367691
17.176553 3.377364
17.462087 3.385885
17.441563 3.385272
17.438546 3.385182
17.734098 3.394002
17.752687 3.394557
17.735905 3.394056
17.812124 3.396330
17.844431 3.397295
17.840338 3.397172
17.761448 3.394818
17.560832 3.388831
17.415201 3.384486
17.410047 3.384332
17.435677 3.385097
17.459615 3.385811
17.459615 3.385811
17.704715 3.393125
17.698999 3.392955
17.541525 3.388255
17.541525 3.388255
17.663052 3.391882
17.663052 3.391882
17.717767 3.393515
17.718331 3.393531
17.537429 3.388133
17.602853 3.390085
17.642059 3.391255
17.665577 3.391957
17.637548 3.391121
17.592380 3.389773
17.592380 3.389773
17.512584 3.387392
17.558681 3.388767
17.469938 3.386119
17.442993 3.385315
17.428621 3.384886
17.339501 3.382227
17.526503 3.387807
17.587112 3.389616
18.001374 3.401978
17.978846 3.401306
18.016819 3.402439
17.994903 3.401785
17.994903 3.401785
17.846783 3.397365
17.865550 3.397925
17.795502 3.395834
17.836534 3.397059
17.961200 3.400779
17.872479 3.398132
17.944044 3.400267
17.944044 3.400267
18.694615 3.422665
18.579743 3.419237
18.605859 3.420017
18.630272 3.420745
18.675876 3.422106
18.721131 3.423457
18.763512 3.424721
18.754048 3.424439
18.922675 3.429471
18.944629 3.430126
19.137395 3.435879
18.938806 3.429952
18.938806 3.429952
19.129648 3.435647
19.154123 3.436378
19.247287 3.439158
19.594410 3.449517
19.611197 3.450018
19.637947 3.450816
20.063894 3.463527
20.063843 3.463525
19.508697 3.446959
19.439642 3.444898
19.429387 3.444592
19.398390 3.443667
19.415972 3.444192
18.619437 3.420422
18.391491 3.413620
18.751707 3.424369
18.911136 3.429127
18.840879 3.427030
18.843493 3.427108
18.840411 3.427016
18.872447 3.427972
18.873762 3.428011
18.925071 3.429542
18.912141 3.429157
18.908891 3.429060
18.908891 3.429060
19.023007 3.432465
18.981129 3.431215
18.757941 3.424555
18.757941 3.424555
18.778027 3.425154
18.818950 3.426376
18.790655 3.425531
18.848732 3.427264
18.849028 3.427273
18.842477 3.427078
18.845036 3.427154
18.765407 3.424778
18.769588 3.424903
18.793640 3.425620
18.789823 3.425506
18.722904 3.423510
19.018091 3.432318
19.068713 3.433829
19.155377 3.436415
19.155377 3.436415
19.191394 3.437490
19.191394 3.437490
19.168581 3.436809
19.242276 3.439008
19.190077 3.437451
19.286305 3.440322
19.318985 3.441297
19.318985 3.441297
19.334516 3.441761
19.367057 3.442732
19.273139 3.439929
20.518906 3.477105
20.748641 3.483961
20.799753 3.485486
20.778235 3.484844
20.724118 3.483229
20.571869 3.478685
20.673042 3.481705
20.732102 3.483467
20.832313 3.486458
20.550778 3.478056
20.554355 3.478163
20.542254 3.477802
20.561641 3.478380
20.682241 3.481979
20.834456 3.486522
20.827601 3.486317
20.844446 3.486820
20.855472 3.487149
20.859421 3.487267
20.786125 3.485079
20.739189 3.483679
20.720403 3.483118
20.589499 3.479212
20.950703 3.489991
20.935214 3.489528
20.933531 3.489478
21.069613 3.493539
21.032389 3.492428
20.916083 3.488957
21.351392 3.501948
21.499848 3.506378
21.412506 3.503771
21.349876 3.501902
21.037127 3.492570
21.241900 3.498680
21.269421 3.499502
21.269421 3.499502
21.275966 3.499697
21.304598 3.500551
21.385200 3.502957
21.468036 3.505429
21.503441 3.506485
21.398547 3.503355
21.619405 3.509946
21.643372 3.510661
21.567361 3.508393
21.637103 3.510474
21.599767 3.509360
21.351199 3.501942
21.433560 3.504400
21.398997 3.503368
21.198115 3.497374
21.210519 3.497744
21.213975 3.497847
21.190355 3.497142
21.216539 3.497923
21.215827 3.497902
21.321585 3.501058
21.193836 3.497246
21.149176 3.495913
20.687737 3.482143
20.630237 3.480427
20.577003 3.478839
20.554557 3.478169
20.554557 3.478169
20.733715 3.483515
20.733715 3.483515
20.643983 3.480837
20.461827 3.475402
20.325684 3.471339
20.324330 3.471299
20.321367 3.471210
20.282171 3.470040
20.225367 3.468345
20.259296 3.469358
20.302073 3.470634
20.635565 3.480586
20.663372 3.481416
20.690639 3.482230
20.688039 3.482152
20.615744 3.479995
20.653410 3.481119
20.658798 3.481280
20.667855 3.481550
20.809313 3.485771
21.018123 3.492002
21.110950 3.494773
21.121315 3.495082
21.211791 3.497782
21.566046 3.508353
21.609550 3.509652
21.558158 3.508118
21.558158 3.508118
21.588506 3.509024
21.588506 3.509024
21.669438 3.511439
21.611199 3.509701
21.557905 3.508110
21.557905 3.508110
21.562648 3.508252
21.553543 3.507980
21.617801 3.509898
21.639877 3.510557
22.935847 3.549230
22.853464 3.546772
22.795902 3.545054
22.795902 3.545054
22.823353 3.545873
22.838694 3.546331
22.791629 3.544927
22.750665 3.543704
22.744829 3.543530
22.019252 3.521878
21.955723 3.519982
22.307692 3.530485
22.550269 3.537724
22.435505 3.534299
22.440247 3.534441
22.427340 3.534056
22.392080 3.533003
22.522712 3.536902
22.522712 3.536902
22.337052 3.531361
22.511344 3.536562
22.418391 3.533789
22.413400 3.533640
22.623471 3.539908
22.680009 3.541596
21.532026 3.507338
21.155791 3.496111
21.155791 3.496111
21.571817 3.508526
21.571817 3.508526
21.571058 3.508503
21.571058 3.508503
21.587428 3.508991
21.603128 3.509460
21.587740 3.509001
22.707354 3.542412
22.686256 3.541782
22.666165 3.541183
22.677774 3.541529
23.047751 3.552570
23.026629 3.551939
22.954554 3.549789
22.795946 3.545055
22.694256 3.542021
22.645780 3.540574
22.645780 3.540574
22.645780 3.540574
21.701049 3.512382
22.068177 3.523338
21.808039 3.515575
21.705587 3.512517
21.218384 3.497979
21.166042 3.496417
21.996486 3.521198
21.426235 3.504181
21.704933 3.512498
21.318823 3.500976
20.845064 3.486838
20.878455 3.487834
20.901148 3.488512
20.884188 3.488006
21.176541 3.496730
21.165080 3.496388
21.943700 3.519623
21.955377 3.519972
21.865305 3.517284
21.874529 3.517559
21.746734 3.513745
21.680102 3.511757
21.695113 3.512205
21.616844 3.509869
21.812259 3.515701
21.901649 3.518368
21.895827 3.518194
21.709006 3.512619
21.671595 3.511503
21.726038 3.513128
21.505602 3.506550
20.778484 3.484851
20.778484 3.484851
20.863984 3.487403
20.850906 3.487012
20.833325 3.486488
20.804024 3.485613
20.767333 3.484518
20.875968 3.487760
20.898881 3.488444
21.035282 3.492514
20.841971 3.486746
21.137464 3.495564
21.447375 3.504812
21.483870 3.505901
21.483870 3.505901
21.163247 3.496333
21.153286 3.496036
21.159326 3.496216
21.090244 3.494155
21.282536 3.499893
21.253109 3.499015
21.122916 3.495130
21.106121 3.494628
21.124322 3.495172
21.180691 3.496854
21.056722 3.493154
21.056722 3.493154
20.970827 3.490591
21.017646 3.491988
20.739025 3.483674
20.708451 3.482761
20.821733 3.486142
20.851759 3.487038
20.947249 3.489887
20.805159 3.485647
21.184975 3.496982
21.079302 3.493828
21.079302 3.493828
21.060375 3.493263
21.060375 3.493263
20.903550 3.488583
20.807717 3.485724
20.762902 3.484386
20.762902 3.484386
20.756490 3.484195
20.758930 3.484268
20.744010 3.483822
20.740444 3.483716
20.790900 3.485222
20.839773 3.486680
21.144042 3.495760
21.188801 3.497096
21.219463 3.498011
21.217847 3.497962
21.439201 3.504568
21.271532 3.499565
21.285654 3.499986
21.293402 3.500217
21.219010 3.497997
21.409410 3.503679
21.534863 3.507423
21.523261 3.507077
21.506448 3.506575
21.504211 3.506508
21.476596 3.505684
21.351896 3.501963
21.351896 3.501963
21.407885 3.503634
21.409637 3.503686
21.409637 3.503686
21.485827 3.505959
21.327720 3.501241
21.316192 3.500897
21.316192 3.500897
21.575528 3.508636
21.572290 3.508540
21.194038 3.497252
21.135056 3.495492
21.079637 3.493838
20.636593 3.480617
20.607929 3.479762
20.658480 3.481270
20.648712 3.480979
20.648712 3.480979
20.758667 3.484260
20.775401 3.484759
20.789347 3.485175
20.850387 3.486997
20.896582 3.488375
20.662514 3.481390
20.675018 3.481764
20.769853 3.484594
20.764032 3.484420
20.685362 3.482072
20.667328 3.481534
20.428632 3.474411
20.436354 3.474642
20.631465 3.480464
20.339101 3.471739
19.039592 3.432960
18.971398 3.430925
18.971398 3.430925
19.063237 3.433666
19.518152 3.447241
19.325589 3.441495
19.232532 3.438718
19.609223 3.449959
19.600794 3.449707
19.599426 3.449666
21.014227 3.491886
21.292246 3.500183
21.425094 3.504147
21.479289 3.505764
21.572217 3.508537
21.666281 3.511344
21.667556 3.511383
21.661581 3.511204
22.272929 3.529448
22.159589 3.526066
22.190627 3.526992
22.142138 3.525545
22.142138 3.525545
22.142138 3.525545
22.196949 3.527180
22.475163 3.535483
22.426304 3.534025
22.451177 3.534767
22.128496 3.525138
21.964384 3.520240
22.004767 3.521445
22.111113 3.524619
22.111113 3.524619
22.131524 3.525228
22.126060 3.525065
22.334473 3.531284
22.353335 3.531847
22.303684 3.530366
22.229577 3.528154
22.149126 3.525753
22.000743 3.521325
21.851222 3.516863
21.851222 3.516863
21.674932 3.511603
21.752472 3.513917
21.752472 3.513917
21.764025 3.514261
21.630817 3.510286
21.717830 3.512883
21.675798 3.511628
21.675798 3.511628
21.675798 3.511628
21.999042 3.521275
22.062563 3.523170
22.294860 3.530102
22.239243 3.528443
22.179558 3.526661
21.736709 3.513446
21.364415 3.502336
21.541356 3.507616
21.598967 3.509336
21.597768 3.509300
21.565368 3.508333
21.538245 3.507524
21.538245 3.507524
21.490997 3.506114
21.764853 3.514286
21.741402 3.513586
21.694728 3.512193
21.690030 3.512053
21.690030 3.512053
21.790772 3.515059
21.828817 3.516195
21.778563 3.514695
21.757607 3.514070
21.746126 3.513727
21.947332 3.519731
21.879257 3.517700
21.936866 3.519419
21.926470 3.519109
22.933269 3.549153
22.977783 3.550482
22.986196 3.550733
22.953550 3.549759
22.825543 3.545939
22.306441 3.530448
22.307585 3.530482
22.268941 3.529329
22.282541 3.529735
22.198060 3.527214
22.193397 3.527074
22.220637 3.527887
22.101835 3.524342
22.109393 3.524568
21.970080 3.520410
21.970080 3.520410
22.093681 3.524099
22.157096 3.525991
21.955366 3.519971
21.932703 3.519295
21.916106 3.518800
21.916106 3.518800
21.916106 3.518800
21.592944 3.509156
21.592944 3.509156
21.592944 3.509156
21.627058 3.510174
21.627058 3.510174
21.173115 3.496628
21.173115 3.496628
21.173115 3.496628
20.898568 3.488435
20.898568 3.488435
20.917917 3.489012
20.931533 3.489418
18.725664 3.423592
18.988849 3.431446
18.813507 3.426213
18.781240 3.425250
18.573642 3.419055
17.075278 3.374342
17.162030 3.376931
17.397375 3.383954
17.327330 3.381863
16.799919 3.366125
16.798998 3.366097
16.661038 3.361980
16.691871 3.362900
16.817546 3.366651
16.678830 3.362511
18.732452 3.423794
18.780289 3.425222
17.892136 3.398718
17.945777 3.400319
17.984978 3.401489
17.984978 3.401489
18.050920 3.403456
17.822804 3.396649
17.749489 3.394461
17.765364 3.394935
17.722709 3.393662
17.778252 3.395320
17.708708 3.393244
17.614079 3.390420
17.691800 3.392740
17.488751 3.386680
17.671993 3.392149
17.696518 3.392881
17.772863 3.395159
17.772863 3.395159
17.772863 3.395159
17.658329 3.391741
17.746071 3.394359
17.734765 3.394022
17.734765 3.394022
17.876350 3.398247
17.894595 3.398791
17.825995 3.396744
17.856491 3.397654
17.726362 3.393771
17.721888 3.393638
17.841261 3.397200
18.165094 3.406864
18.315839 3.411362
18.165173 3.406866
18.173589 3.407117
18.236184 3.408985
18.205849 3.408080
18.185885 3.407484
18.175618 3.407178
18.239784 3.409092
18.300289 3.410898
18.138885 3.406081
18.138641 3.406074
18.372231 3.413045
18.356658 3.412580
18.643396 3.421137
18.312441 3.411261
18.386721 3.413477
17.804956 3.396117
18.070590 3.404043
18.216788 3.408406
18.690213 3.422534
18.807811 3.426043
18.532004 3.417813
18.458363 3.415615
18.426790 3.414673
18.409513 3.414157
18.417125 3.414385
18.835954 3.426883
18.557627 3.418577
18.492623 3.416638
18.770384 3.424926
18.779386 3.425195
18.746796 3.424222
18.761324 3.424656
18.842827 3.427088
18.876696 3.428099
18.851908 3.427359
18.851908 3.427359
18.856726 3.427503
18.190964 3.407636
18.207044 3.408115
18.231915 3.408858
18.231915 3.408858
18.122999 3.405607
18.117190 3.405434
18.184564 3.407445
18.896895 3.428702
18.953778 3.430399
18.953778 3.430399
18.953778 3.430399
18.878506 3.428153
18.911080 3.429125
18.894061 3.428617
18.312453 3.411261
18.325453 3.411649
18.325453 3.411649
18.144539 3.406250
18.010569 3.402252
17.969518 3.401027
17.990803 3.401662
17.990803 3.401662
18.021713 3.402585
17.464571 3.385959
17.522015 3.387673
17.772669 3.395153
17.772669 3.395153
17.647552 3.391419
17.495816 3.386891
17.488815 3.386682
17.474793 3.386264
17.474793 3.386264
17.349227 3.382517
17.332615 3.382021
17.342537 3.382317
17.375325 3.383296
17.289861 3.380745
17.309619 3.381335
17.167066 3.377081
17.152074 3.376634
17.257248 3.379772
17.257248 3.379772
17.213580 3.378469
17.309801 3.381340
17.579226 3.389380
17.983833 3.401454
17.976623 3.401239
18.004758 3.402079
18.230514 3.408816
18.167683 3.406941
18.819047 3.426379
18.754892 3.424464
18.841114 3.427037
18.694692 3.422668
18.671193 3.421966
18.671193 3.421966
18.284677 3.410432
18.284677 3.410432
18.344110 3.412206
18.334730 3.411926
18.376745 3.413180
18.500689 3.416878
18.349591 3.412369
18.349591 3.412369
18.349591 3.412369
18.328900 3.411752
18.823837 3.426522
18.765762 3.424788
18.716795 3.423327
18.857744 3.427533
18.857744 3.427533
18.852553 3.427378
18.517041 3.417366
18.790860 3.425537
18.728271 3.423670
18.805225 3.425966
18.609409 3.420123
18.677612 3.422158
18.685490 3.422393
18.675159 3.422085
18.676662 3.422130
18.686493 3.422423
18.541090 3.418084
18.567942 3.418885
18.567630 3.418876
18.567630 3.418876
18.525551 3.417620
18.458475 3.415619
18.474740 3.416104
18.605841 3.420016
18.597558 3.419769
18.596699 3.419743
18.583242 3.419342
18.590402 3.419555
18.590402 3.419555
18.599707 3.419833
18.564128 3.418771
18.576563 3.419142
18.730833 3.423746
18.730833 3.423746
18.861479 3.427645
18.480715 3.416282
18.739646 3.424009
18.462990 3.415753
18.490825 3.416584
18.500296 3.416867
18.498385 3.416810
18.493820 3.416673
18.497691 3.416789
18.497691 3.416789
18.478617 3.416220
18.497330 3.416778
18.178565 3.407266
18.249562 3.409384
18.061576 3.403774
18.056818 3.403632
18.147795 3.406347
18.181806 3.407362
17.729226 3.393857
17.752377 3.394547
17.681729 3.392439
17.681658 3.392437
17.726284 3.393769
17.741542 3.394224
17.775585 3.395240
17.598497 3.389955
17.599492 3.389985
17.616155 3.390482
17.616155 3.390482
18.238965 3.409068
18.315427 3.411350
18.336797 3.411987
18.336797 3.411987
18.265606 3.409863
18.246104 3.409281
18.246104 3.409281
18.039457 3.403114
20.193298 3.467388
20.129302 3.465479
19.923748 3.459345
20.208351 3.467838
20.208351 3.467838
20.033025 3.462606
20.035228 3.462671
19.715233 3.453122
19.713491 3.453070
19.640038 3.450878
19.681929 3.452128
19.714440 3.453098
19.893174 3.458432
20.140119 3.465801
20.532173 3.477501
20.556798 3.478236
20.137554 3.465725
20.184107 3.467114
20.206598 3.467785
20.154551 3.466232
20.154551 3.466232
20.154551 3.466232
20.152734 3.466178
20.078721 3.463969
20.140746 3.465820
19.980611 3.461041
19.963344 3.460526
19.955960 3.460306
19.880207 3.458045
19.881411 3.458081
19.881411 3.458081
20.975971 3.490745
21.404728 3.503539
21.414628 3.503835
21.414628 3.503835
21.382410 3.502873
21.418279 3.503944
21.479397 3.505768
21.411790 3.503750
21.411790 3.503750
21.372093 3.502565
21.352519 3.501981
21.318263 3.500959
21.328076 3.501252
21.376575 3.502699
21.376575 3.502699
21.302445 3.500487
21.255598 3.499089
21.264437 3.499353
21.355308 3.502065
21.318608 3.500969
21.216796 3.497931
21.216796 3.497931
21.207255 3.497646
21.254918 3.499069
20.914088 3.488898
20.914088 3.488898
20.544105 3.477857
20.544105 3.477857
20.613532 3.479929
20.634301 3.480549
20.634301 3.480549
20.642422 3.480791
20.824557 3.486226
20.787545 3.485122
20.925852 3.489249
20.846081 3.486868
20.823831 3.486204
20.892168 3.488244
20.892168 3.488244
21.007888 3.491697
21.151157 3.495972
21.270188 3.499524
21.486452 3.505978
21.472836 3.505572
21.472836 3.505572
21.498716 3.506344
21.326327 3.501200
21.250804 3.498946
21.269400 3.499501
21.120604 3.495061
21.120604 3.495061
21.120604 3.495061
21.120604 3.495061
20.988066 3.491105
20.944937 3.489818
20.938041 3.489613
20.911649 3.488825
20.590517 3.479242
20.748144 3.483946
20.742612 3.483781
20.524618 3.477275
20.549990 3.478033
20.268364 3.469628
20.393478 3.473362
18.735629 3.423889
18.713657 3.423234
19.117007 3.435270
19.299084 3.440704
18.345805 3.412256
18.366296 3.412868
18.525279 3.417612
18.546535 3.418246
18.636515 3.420932
18.684698 3.422369
18.711496 3.423169
18.721484 3.423467
19.110002 3.435061
19.112230 3.435128
19.130871 3.435684
19.162234 3.436620
19.148820 3.436220
19.148820 3.436220
19.148820 3.436220
19.148820 3.436220
19.041229 3.433009
19.041229 3.433009
19.041229 3.433009
18.975772 3.431055
18.969424 3.430866
18.974628 3.431021
19.002125 3.431842
19.136169 3.435842
19.095911 3.434641
18.993318 3.431579
18.993318 3.431579
18.993318 3.431579
18.979918 3.431179
19.000876 3.431805
19.027387 3.432596
19.062973 3.433658
18.738947 3.423988
18.975587 3.431050
19.006561 3.431974
19.038837 3.432937
19.227382 3.438564
19.211962 3.438104
19.795549 3.455519
18.687912 3.422465
18.694441 3.422660
18.702383 3.422897
18.714312 3.423253
18.719642 3.423412
18.562602 3.418726
18.562602 3.418726
18.652969 3.421423
18.724244 3.423549
18.687025 3.422439
18.687025 3.422439
18.913349 3.429193
18.925066 3.429542
18.896813 3.428699
18.896813 3.428699
19.070612 3.433886
19.170821 3.436876
18.985280 3.431339
18.957302 3.430504
19.339609 3.441913
19.656685 3.451375
19.728425 3.453516
19.712730 3.453047
19.706824 3.452871
19.287972 3.440372
19.251059 3.439270
19.141136 3.435990
19.188691 3.437409
19.001061 3.431810
18.404856 3.414018
18.419002 3.414441
18.427352 3.414690
18.427352 3.414690
18.427352 3.414690
18.427352 3.414690
18.352801 3.412465
18.352801 3.412465
18.327647 3.411714
18.323360 3.411587
18.269779 3.409988
17.996851 3.401843
17.968345 3.400992
18.484865 3.416406
18.410783 3.414195
18.447744 3.415298
18.458572 3.415621
18.471534 3.416008
18.519405 3.417437
18.484166 3.416385
18.484166 3.416385
18.441633 3.415116
18.438631 3.415026
18.416168 3.414356
17.957322 3.400663
18.010323 3.402245
17.961330 3.400783
17.961989 3.400803
17.904953 3.399101
17.969774 3.401035
17.946692 3.400346
17.969113 3.401015
17.968722 3.401004
18.199428 3.407888
18.251154 3.409432
18.255892 3.409573
18.462451 3.415737
18.462451 3.415737
18.776909 3.425121
18.726660 3.423622
18.728844 3.423687
18.738550 3.423976
18.637632 3.420965
18.637632 3.420965
18.703103 3.422919
18.215399 3.408365
18.286456 3.410485
18.251125 3.409431
18.231535 3.408846
18.485696 3.416431
18.137112 3.406029
18.137112 3.406029
18.214768 3.408346
18.124982 3.405667
17.881553 3.398402
17.492116 3.386781
17.465400 3.385984
16.991091 3.371830
17.022728 3.372774
17.298834 3.381013
17.254590 3.379693
17.123080 3.375768
16.944974 3.370453
17.411350 3.384371
17.322429 3.381717
17.348044 3.382482
17.577029 3.389315
17.556534 3.388703
17.976421 3.401233
17.878213 3.398303
17.858883 3.397726
17.872199 3.398123
17.867030 3.397969
17.862525 3.397834
17.553457 3.388611
17.631598 3.390943
17.631598 3.390943
17.631869 3.390951
17.676857 3.392294
17.780664 3.395392
17.711600 3.393331
17.714737 3.393424
17.525871 3.387788
17.525871 3.387788
17.552672 3.388588
17.378539 3.383392
17.347578 3.382468
17.363089 3.382931
17.396549 3.383929
17.350872 3.382566
17.339061 3.382213
17.343114 3.382334
17.348939 3.382508
17.360421 3.382851
17.267593 3.380081
17.264505 3.379989
17.294045 3.380870
17.702291 3.393053
17.605382 3.390161
17.714990 3.393432
17.687068 3.392599
17.662195 3.391856
17.617257 3.390515
17.541698 3.388260
17.541698 3.388260
17.509239 3.387292
17.514488 3.387449
17.514488 3.387449
17.473468 3.386224
17.468666 3.386081
17.696842 3.392890
17.715936 3.393460
17.744691 3.394318
17.765017 3.394925
17.751690 3.394527
17.729919 3.393877
17.740357 3.394189
17.680307 3.392397
17.661932 3.391848
17.571934 3.389163
17.641278 3.391232
17.656968 3.391700
17.661938 3.391849
17.248719 3.379518
17.302113 3.381111
17.239566 3.379244
17.239566 3.379244
17.256487 3.379749
17.251751 3.379608
17.331038 3.381974
17.349543 3.382526
17.384430 3.383567
17.365816 3.383012
17.536646 3.388110
17.469110 3.386094
17.494238 3.386844
17.292534 3.380825
17.248129 3.379500
17.255943 3.379733
17.266405 3.380045
17.405141 3.384185
17.402288 3.384100
17.549316 3.388488
17.237163 3.379173
17.405394 3.384193
17.334229 3.382069
17.356580 3.382736
17.371584 3.383184
17.360335 3.382848
17.345897 3.382417
17.404544 3.384168
17.404544 3.384168
17.773909 3.395190
17.754668 3.394616
17.916205 3.399436
17.841884 3.397219
17.841884 3.397219
17.917425 3.399473
17.813037 3.396358
17.886357 3.398546
17.864710 3.397900
17.960130 3.400747
17.960130 3.400747
17.883161 3.398450
17.894497 3.398789
17.894497 3.398789
17.815174 3.396421
17.773640 3.395182
17.815483 3.396431
17.849699 3.397452
17.853797 3.397574
17.824444 3.396698
17.813777 3.396380
17.757794 3.394709
17.924039 3.399670
17.961839 3.400798
17.962877 3.400829
18.066342 3.403917
18.325315 3.411645
18.037138 3.403045
18.131058 3.405848
18.826122 3.426590
18.999004 3.431749
19.170194 3.436857
19.245191 3.439095
19.220369 3.438355
19.146645 3.436155
19.146228 3.436142
19.160916 3.436580
19.044394 3.433103
19.087049 3.434376
19.087049 3.434376
18.983930 3.431299
18.998654 3.431738
18.888861 3.428462
19.272931 3.439923
19.326625 3.441525
19.268624 3.439795
19.456087 3.445389
19.508151 3.446942
19.478615 3.446061
19.543788 3.448006
19.647161 3.451091
19.368412 3.442772
19.212655 3.438124
19.212655 3.438124
19.212655 3.438124
19.351345 3.442263
19.251112 3.439272
19.251112 3.439272
19.236353 3.438832
19.272220 3.439902
19.256108 3.439421
19.385279 3.443276
19.374721 3.442961
19.421598 3.444360
19.529423 3.447577
19.575312 3.448947
19.619443 3.450264
18.897804 3.428729
18.848633 3.427261
18.852024 3.427363
18.842818 3.427088
18.878491 3.428152
18.835453 3.426868
18.840363 3.427015
18.864903 3.427747
18.961618 3.430633
18.961618 3.430633
18.961618 3.430633
18.938882 3.429955
19.061661 3.433619
19.044445 3.433105
19.119955 3.435358
19.066417 3.433760
18.842776 3.427087
19.057141 3.433484
19.138381 3.435908
19.136361 3.435848
19.142145 3.436020
19.133930 3.435775
19.133930 3.435775
19.190472 3.437462
19.191499 3.437493
19.207840 3.437981
19.222243 3.438411
19.290742 3.440455
18.759193 3.424592
18.741477 3.424064
18.814358 3.426239
18.763971 3.424735
18.845371 3.427164
19.027623 3.432603
19.027643 3.432603
19.078244 3.434113
18.926902 3.429597
18.992232 3.431547
19.027047 3.432586
19.275397 3.439997
19.144430 3.436089
19.155755 3.436426
19.127805 3.435592
19.127805 3.435592
19.511157 3.447032
19.701705 3.452718
19.616379 3.450172
19.598872 3.449650
19.522596 3.447374
19.606680 3.449883
19.673849 3.451887
19.866315 3.457631
20.042058 3.462875
20.086729 3.464208
20.522688 3.477218
20.275654 3.469846
20.427062 3.474364
20.427062 3.474364
19.655189 3.451330
19.664059 3.451595
19.486295 3.446290
19.441173 3.444944
19.443770 3.445021
19.449080 3.445180
19.321538 3.441374
19.284691 3.440274
19.498796 3.446663
19.646862 3.451082
19.627597 3.450507
19.619603 3.450268
19.630106 3.450582
19.457240 3.445423
19.733409 3.453665
19.991780 3.461375
19.981051 3.461055
19.969427 3.460708
19.992599 3.461399
19.960408 3.460439
20.107317 3.464823
19.957229 3.460344
19.979426 3.461006
19.806270 3.455839
19.925972 3.459411
19.935509 3.459696
19.719866 3.453260
19.747296 3.454079
19.865854 3.457617
19.847774 3.457077
19.847774 3.457077
19.866190 3.457627
20.092725 3.464387
19.873139 3.457834
19.941287 3.459868
19.999472 3.461604
19.795882 3.455529
19.878541 3.457996
19.890485 3.458352
19.831065 3.456579
19.812674 3.456030
20.029044 3.462487
20.162237 3.466461
19.842373 3.456916
19.850325 3.457153
19.525382 3.447457
19.542263 3.447960
19.550459 3.448205
19.345073 3.442076
19.345073 3.442076
18.805226 3.425966
19.077848 3.434102
19.049114 3.433244
19.154418 3.436387
19.924020 3.459353
19.836609 3.456744
19.816856 3.456155
19.523570 3.447403
19.523237 3.447393
19.532303 3.447663
19.576431 3.448980
19.551200 3.448227
19.555640 3.448360
19.591301 3.449424
19.589045 3.449356
19.647870 3.451112
19.668464 3.451726
19.011533 3.432123
18.815271 3.426266
18.883168 3.428292
19.067620 3.433796
19.067620 3.433796
18.782100 3.425276
18.782100 3.425276
18.782100 3.425276
18.782100 3.425276
18.700443 3.422839
18.705582 3.422993
18.655705 3.421504
18.465407 3.415825
18.525593 3.417621
18.525593 3.417621
18.525593 3.417621
18.525593 3.417621
18.442661 3.415147
18.461090 3.415697
18.638416 3.420988
18.549748 3.418342
18.458004 3.415604
18.503447 3.416961
18.499731 3.416850
18.567318 3.418867
18.615760 3.420312
18.590264 3.419551
18.540906 3.418078
18.540906 3.418078
18.540906 3.418078
18.515678 3.417326
18.578937 3.419213
18.578937 3.419213
18.385526 3.413442
18.373515 3.413083
18.552686 3.418430
18.552686 3.418430
18.578314 3.419195
18.578314 3.419195
18.869323 3.427879
18.488766 3.416522
18.468081 3.415905
18.131305 3.405855
18.027309 3.402752
18.027309 3.402752
18.007211 3.402152
17.991940 3.401696
19.035484 3.432837
19.025715 3.432546
19.017290 3.432294
19.016944 3.432284
19.016944 3.432284
19.016944 3.432284
19.117491 3.435285
19.119090 3.435332
19.242796 3.439024
19.233973 3.438761
19.143322 3.436055
19.143322 3.436055
19.089560 3.434451
18.231063 3.408832
18.228404 3.408753
18.228996 3.408771
18.336630 3.411983
18.290926 3.410619
18.265602 3.409863
18.239147 3.409073
18.236921 3.409007
18.236921 3.409007
18.187862 3.407543
18.187862 3.407543
18.194285 3.407735
18.276138 3.410177
18.156462 3.406606
17.986378 3.401530
17.916883 3.399457
18.017908 3.402471
17.913276 3.399349
18.033936 3.402950
18.082810 3.404408
17.904205 3.399078
17.948339 3.400395
18.104198 3.405046
18.134493 3.405950
18.134493 3.405950
18.241192 3.409134
18.159888 3.406708
18.145063 3.406266
18.145538 3.406280
18.157799 3.406646
18.126132 3.405701
