3.632032
3.535925
3.401444
3.267493
3.164475
3.104557
3.038435
2.911299
2.889218
2.892968
2.892968
2.867227
2.830499
2.795782
2.761728
2.706830
2.706830
2.650965
2.615575
2.529864
2.421590
2.361153
2.361153
2.345394
2.300758
2.263855
2.252638
2.252638
2.252638
2.177398
2.105971
2.089014
2.045754
2.021659
2.000385
1.990706
1.936693
1.925649
1.909023
1.909023
1.909023
1.872004
1.840635
1.807003
1.751169
1.751169
1.723731
1.674849
1.590043
1.581583
1.581583
1.579717
1.579717
1.535720
1.535720
1.535720
1.499834
1.499834
1.499834
1.481057
1.430025
1.444509
1.420528
1.420528
1.420528
1.435038
1.418794
1.418794
1.393959
1.370309
1.345212
1.339004
1.339004
1.311466
1.311466
1.308369
1.258893
1.256134
1.227945
1.195988
1.195988
1.195988
1.195988
1.170226
1.147917
1.147917
1.147917
1.169697
1.232034
1.232034
1.163019
1.222320
1.222320
1.222320
1.198625
1.272755
1.272755
1.215041
1.251350
1.250437
1.247977
1.247977
1.247977
1.247977
1.247977
1.209119
1.209119
1.192382
1.191606
1.152115
1.152115
1.144473
1.128239
1.119473
1.119473
1.119473
1.119473
1.107719
1.107719
1.101434
1.100228
1.100228
1.100228
1.091291
1.091291
1.080101
1.067766
1.067766
1.063276
1.040416
1.019262
1.022566
1.022566
1.022566
0.996265
0.987000
0.987000
1.033019
1.015752
0.994542
0.981808
0.981808
0.974420
0.974420
0.995492
0.976538
0.976538
0.955507
0.941118
0.913523
0.893239
0.882541
0.910696
0.902763
0.902763
0.901260
0.890978
0.886615
0.886615
0.880341
0.840815
0.790302
0.779747
0.775731
0.722050
0.730807
0.730807
0.730807
0.728101
0.728101
0.728101
0.728101
0.708916
0.707522
0.702149
0.701961
0.657760
0.666089
0.646420
0.646420
0.646420
0.641870
0.635189
0.625596
0.577081
0.546062
0.546062
0.542471
0.542471
0.513061
0.500133
0.494850
0.492366
0.468666
0.468666
0.464557
0.455658
0.455658
0.429267
0.406741
