161.016563 7.101641
157.175491 6.995508
151.425282 6.836623
142.404640 6.587374
141.384713 6.559192
132.260195 6.307072
125.590658 6.122785
118.532332 5.927756
119.573182 5.956516
117.969749 5.912211
112.257809 5.754385
113.184904 5.780001
105.579425 5.569854
105.579425 5.569854
104.478038 5.539421
98.970528 5.387243
92.087758 5.197065
91.548194 5.182156
91.462926 5.179800
87.285700 5.064379
86.941580 5.054870
83.265090 4.953285
82.600816 4.934930
82.600816 4.934930
82.598989 4.934880
82.197087 4.923775
83.565833 4.961595
84.841445 4.996841
84.649493 4.991537
81.513713 4.904893
77.826042 4.802998
77.472032 4.793217
77.829458 4.803093
77.829458 4.803093
77.865800 4.804097
74.886038 4.721763
75.579951 4.740936
75.579951 4.740936
75.207988 4.730659
75.207988 4.730659
75.202171 4.730498
75.414314 4.736360
75.414314 4.736360
75.777969 4.746408
75.777969 4.746408
71.360870 4.624359
71.360870 4.624359
67.735055 4.524174
65.486910 4.462055
65.540676 4.463541
64.976427 4.447950
64.976427 4.447950
65.239655 4.455223
65.239655 4.455223
65.539377 4.463505
65.539377 4.463505
65.390836 4.459400
65.321991 4.457498
67.665631 4.522255
67.665631 4.522255
67.665631 4.522255
67.615843 4.520880
67.615843 4.520880
66.524664 4.490729
66.521302 4.490636
66.657721 4.494406
66.605981 4.492976
66.143026 4.480184
66.143026 4.480184
66.143026 4.480184
66.143026 4.480184
65.648844 4.466529
65.284820 4.456471
65.468231 4.461539
63.866937 4.417293
63.866937 4.417293
63.779795 4.414885
60.098870 4.313178
60.098870 4.313178
59.618017 4.299891
60.562608 4.325991
56.086242 4.202304
55.907561 4.197367
55.295848 4.180465
53.888884 4.141589
53.109606 4.120057
52.615861 4.106414
52.615861 4.106414
49.886120 4.030989
51.617905 4.078840
51.617905 4.078840
49.433276 4.018476
48.860648 4.002654
48.754815 3.999729
48.754815 3.999729
48.513105 3.993051
48.375060 3.989236
49.582597 4.022602
49.566584 4.022159
49.621110 4.023666
50.019695 4.034679
48.301668 3.987208
48.301668 3.987208
48.301668 3.987208
49.556104 4.021870
50.013547 4.034509
50.013547 4.034509
49.875713 4.030701
49.915361 4.031796
50.215218 4.040082
45.446822 3.908326
45.331236 3.905132
43.614647 3.857701
43.554197 3.856031
43.554197 3.856031
43.602874 3.857376
43.595605 3.857175
43.167054 3.845334
43.086962 3.843121
40.983055 3.784987
36.775991 3.668742
36.775991 3.668742
36.775991 3.668742
36.469277 3.660267
36.414677 3.658758
36.062959 3.649040
36.062959 3.649040
36.483518 3.660660
36.468211 3.660237
36.438209 3.659408
36.514388 3.661513
36.514388 3.661513
36.514388 3.661513
36.514388 3.661513
36.514388 3.661513
36.514388 3.661513
36.514388 3.661513
36.514388 3.661513
36.314971 3.656003
36.599554 3.663867
36.599554 3.663867
36.733673 3.667572
36.733673 3.667572
36.816921 3.669873
36.758875 3.668269
36.639873 3.664981
36.698416 3.666598
36.617119 3.664352
36.623617 3.664531
36.434104 3.659295
36.463216 3.660099
36.014603 3.647704
36.008404 3.647532
36.021235 3.647887
35.893378 3.644354
35.968277 3.646424
35.893163 3.644348
36.416138 3.658799
36.416138 3.658799
36.774039 3.668688
36.822548 3.670028
36.780313 3.668861
36.508663 3.661355
36.508663 3.661355
38.816722 3.725129
38.762699 3.723637
38.762699 3.723637
38.654992 3.720660
38.654992 3.720660
38.654992 3.720660
38.654992 3.720660
38.711219 3.722214
38.620649 3.719712
38.308216 3.711079
38.369027 3.712759
38.578670 3.718552
38.097829 3.705265
38.135654 3.706311
37.134736 3.678654
36.754969 3.668161
36.747319 3.667949
35.599271 3.636228
35.599271 3.636228
35.599271 3.636228
35.605463 3.636399
36.929994 3.672997
36.929994 3.672997
35.254455 3.626700
35.254455 3.626700
35.840895 3.642904
36.120220 3.650622
36.069438 3.649219
35.995616 3.647179
37.791228 3.696794
37.791228 3.696794
37.549586 3.690117
37.057481 3.676520
37.057481 3.676520
36.506534 3.661296
36.506534 3.661296
35.240834 3.626324
35.404605 3.630849
35.404605 3.630849
34.137018 3.595824
34.196118 3.597457
34.466906 3.604939
34.466906 3.604939
34.734345 3.612329
34.469322 3.605006
34.469322 3.605006
34.469322 3.605006
34.469322 3.605006
34.469322 3.605006
34.469322 3.605006
34.469322 3.605006
34.469322 3.605006
34.469322 3.605006
34.507262 3.606054
34.507262 3.606054
34.793686 3.613969
34.775206 3.613458
35.101056 3.622461
35.111449 3.622749
35.186210 3.624814
34.787739 3.613804
34.787739 3.613804
34.826337 3.614871
34.835099 3.615113
34.835099 3.615113
34.835099 3.615113
34.835099 3.615113
34.835099 3.615113
34.751471 3.612802
34.751471 3.612802
34.758812 3.613005
34.758812 3.613005
35.361426 3.629656
35.998086 3.647247
35.304200 3.628075
35.304200 3.628075
34.868222 3.616028
34.868222 3.616028
34.875524 3.616230
35.504671 3.633614
33.995055 3.591901
33.995055 3.591901
33.602670 3.581059
33.602670 3.581059
33.650488 3.582381
33.518320 3.578729
33.010557 3.564699
33.118387 3.567678
33.313039 3.573057
33.159638 3.568818
33.159638 3.568818
32.983743 3.563958
32.943680 3.562851
32.946609 3.562932
32.946609 3.562932
32.963769 3.563406
32.174480 3.541597
32.206163 3.542473
32.130936 3.540394
32.196187 3.542197
31.072031 3.511135
31.126194 3.512632
30.949804 3.507758
30.972120 3.508375
30.972120 3.508375
31.073488 3.511175
32.918922 3.562167
32.889128 3.561344
32.889128 3.561344
32.928564 3.562433
33.312167 3.573033
33.077758 3.566556
32.972978 3.563660
32.394334 3.547672
32.950239 3.563032
32.979924 3.563852
32.948662 3.562989
32.948662 3.562989
32.964685 3.563431
32.913823 3.562026
31.111419 3.512224
31.239598 3.515765
31.261079 3.516359
31.261079 3.516359
31.238897 3.515746
31.238897 3.515746
31.238897 3.515746
31.207298 3.514873
31.150377 3.513300
31.070647 3.511097
33.266932 3.571783
33.266932 3.571783
33.266932 3.571783
33.470392 3.577405
33.470392 3.577405
32.559592 3.552238
32.516713 3.551053
33.153865 3.568659
32.784537 3.558454
32.206664 3.542486
32.206664 3.542486
32.206664 3.542486
32.206664 3.542486
32.230017 3.543132
32.405107 3.547970
31.497744 3.522898
32.140403 3.540655
31.999773 3.536770
31.969696 3.535939
31.949407 3.535378
31.949407 3.535378
32.028681 3.537568
31.655068 3.527245
31.725394 3.529188
31.615218 3.526144
31.597813 3.525663
31.597813 3.525663
31.610896 3.526025
31.958005 3.535616
31.738664 3.529555
31.696716 3.528396
31.710311 3.528772
31.710311 3.528772
31.665840 3.527543
31.665840 3.527543
31.665840 3.527543
31.631890 3.526605
31.381329 3.519681
31.406278 3.520371
32.532159 3.551480
32.748701 3.557463
32.748701 3.557463
32.603542 3.553453
32.502286 3.550655
32.313198 3.545430
32.313198 3.545430
32.313198 3.545430
32.688156 3.555790
33.113354 3.567539
33.484678 3.577799
33.484678 3.577799
33.335181 3.573668
33.335181 3.573668
33.335181 3.573668
33.259119 3.571567
32.713836 3.556500
32.713836 3.556500
32.713836 3.556500
33.159777 3.568822
33.159777 3.568822
32.961872 3.563354
32.651673 3.554782
32.116665 3.540000
32.121047 3.540121
31.678220 3.527885
31.678220 3.527885
31.678220 3.527885
31.350963 3.518842
31.002368 3.509210
31.002368 3.509210
31.018364 3.509652
31.128994 3.512709
31.200663 3.514689
30.876944 3.505745
30.701800 3.500905
30.776087 3.502958
30.776087 3.502958
31.160374 3.513576
31.160374 3.513576
31.162447 3.513634
31.125402 3.512610
31.125402 3.512610
31.103489 3.512004
31.207688 3.514884
31.122460 3.512529
30.927723 3.507148
30.734789 3.501817
30.741416 3.502000
30.624102 3.498758
30.948674 3.507727
30.977789 3.508531
30.977789 3.508531
31.969549 3.535935
31.951195 3.535427
31.907190 3.534212
32.033367 3.537698
32.033367 3.537698
32.031738 3.537653
32.099315 3.539520
32.099315 3.539520
32.247525 3.543615
32.247525 3.543615
32.312415 3.545408
32.329888 3.545891
32.239366 3.543390
32.273194 3.544325
32.273194 3.544325
32.279493 3.544499
32.264414 3.544082
32.264414 3.544082
32.264414 3.544082
32.340592 3.546187
32.219968 3.542854
32.174140 3.541588
31.959866 3.535667
32.346939 3.546362
32.203794 3.542407
32.203794 3.542407
32.203794 3.542407
32.115349 3.539963
32.113916 3.539924
31.609318 3.525981
31.775671 3.530578
31.775671 3.530578
31.775671 3.530578
31.803046 3.531334
31.803046 3.531334
31.106181 3.512079
32.729357 3.556929
32.818521 3.559393
32.768489 3.558010
32.765717 3.557934
32.798867 3.558850
32.838289 3.559939
32.838289 3.559939
32.838289 3.559939
32.838289 3.559939
32.858496 3.560497
32.858496 3.560497
32.754942 3.557636
32.767163 3.557974
32.767163 3.557974
32.684504 3.555690
32.684504 3.555690
32.662901 3.555093
32.691059 3.555871
32.665274 3.555158
32.641579 3.554504
32.436715 3.548843
32.222409 3.542921
32.188014 3.541971
32.322187 3.545678
32.550567 3.551989
32.550567 3.551989
32.593579 3.553177
32.354267 3.546565
32.211998 3.542634
32.610665 3.553649
32.610665 3.553649
32.660902 3.555037
31.992703 3.536574
31.678953 3.527905
31.672541 3.527728
31.672541 3.527728
31.682621 3.528006
31.736259 3.529489
31.798755 3.531215
31.764205 3.530261
31.674611 3.527785
31.731502 3.529357
31.723852 3.529146
29.493242 3.467512
29.493242 3.467512
29.352416 3.463620
29.238418 3.460471
29.238418 3.460471
28.853302 3.449829
28.853302 3.449829
28.932830 3.452027
29.289668 3.461887
29.583528 3.470006
29.583528 3.470006
29.540008 3.468804
29.540008 3.468804
29.477236 3.467069
29.522903 3.468331
29.522903 3.468331
29.530681 3.468546
29.114762 3.457054
29.177863 3.458797
30.106939 3.484469
30.382918 3.492094
30.432936 3.493476
30.441632 3.493717
29.476393 3.467046
29.482914 3.467226
29.030118 3.454715
29.052476 3.455333
29.052476 3.455333
28.896824 3.451032
29.376945 3.464298
29.376945 3.464298
29.359749 3.463823
29.359749 3.463823
29.353456 3.463649
29.336461 3.463180
29.336461 3.463180
29.290147 3.461900
29.336997 3.463194
29.393806 3.464764
29.471030 3.466898
29.685157 3.472814
29.685157 3.472814
29.570649 3.469650
29.413626 3.465312
29.409547 3.465199
29.643824 3.471672
29.426698 3.465673
29.354312 3.463673
29.402307 3.464999
29.402307 3.464999
29.933866 3.479687
29.933866 3.479687
29.812726 3.476339
29.812726 3.476339
29.414465 3.465335
29.414465 3.465335
28.859962 3.450013
29.335362 3.463149
30.068622 3.483410
29.997773 3.481452
30.143605 3.485482
30.459259 3.494204
30.459259 3.494204
30.459259 3.494204
30.415978 3.493008
30.072292 3.483511
30.534891 3.496293
32.575016 3.552664
32.312204 3.545403
32.321533 3.545660
32.321533 3.545660
32.312230 3.545403
32.312230 3.545403
32.389267 3.547532
32.344050 3.546282
32.219365 3.542837
32.346350 3.546346
32.872809 3.560893
32.765321 3.557923
32.802251 3.558943
32.676068 3.555456
32.608310 3.553584
32.484718 3.550169
32.175077 3.541614
32.205776 3.542462
32.202651 3.542375
32.392544 3.547622
32.509204 3.550846
32.340960 3.546197
32.600558 3.553370
32.558440 3.552206
32.558440 3.552206
32.623898 3.554015
32.610443 3.553643
32.639801 3.554454
32.639827 3.554455
32.582016 3.552858
32.695360 3.555990
32.753013 3.557583
32.817011 3.559351
32.675672 3.555446
32.756215 3.557671
32.756215 3.557671
32.756215 3.557671
32.606174 3.553525
32.555675 3.552130
32.555675 3.552130
32.824835 3.559567
32.902165 3.561704
32.414775 3.548237
32.317269 3.545542
32.365733 3.546882
32.420406 3.548392
32.136570 3.540550
31.894077 3.533849
31.797373 3.531177
31.875382 3.533333
31.660027 3.527382
31.660027 3.527382
31.826453 3.531981
31.826453 3.531981
31.842822 3.532433
31.855271 3.532777
31.881647 3.533506
31.883660 3.533561
31.447999 3.521524
31.447999 3.521524
29.663202 3.472208
28.724068 3.446259
28.723900 3.446254
28.363446 3.436294
28.364286 3.436317
28.373527 3.436573
28.387509 3.436959
28.387509 3.436959
28.458321 3.438916
28.474812 3.439371
28.474812 3.439371
28.610842 3.443130
28.610842 3.443130
28.807395 3.448561
28.807395 3.448561
28.243755 3.432987
28.226954 3.432523
28.226954 3.432523
28.223413 3.432425
28.406441 3.437482
28.504880 3.440202
28.378331 3.436705
28.456151 3.438856
28.306070 3.434709
28.266454 3.433614
28.033006 3.427164
28.204692 3.431908
28.358796 3.436166
28.367918 3.436418
28.373964 3.436585
28.373964 3.436585
28.395620 3.437183
28.387152 3.436949
28.387152 3.436949
28.390223 3.437034
28.442281 3.438472
28.617264 3.443307
29.435028 3.465903
29.749008 3.474579
29.166650 3.458488
29.158918 3.458274
29.161185 3.458337
29.161185 3.458337
29.161185 3.458337
29.161185 3.458337
28.930196 3.451954
28.569540 3.441989
28.445636 3.438565
28.436993 3.438326
28.342622 3.435719
27.792117 3.420508
27.792117 3.420508
27.792117 3.420508
27.792117 3.420508
27.703856 3.418069
27.464907 3.411467
27.466682 3.411516
27.388977 3.409369
27.388977 3.409369
27.376482 3.409023
27.432105 3.410560
27.432105 3.410560
27.432105 3.410560
27.428410 3.410458
27.428410 3.410458
27.131068 3.402242
27.274365 3.406202
27.244412 3.405374
27.538224 3.413492
27.398753 3.409639
27.385032 3.409260
27.375428 3.408994
27.279891 3.406354
27.309158 3.407163
27.099931 3.401382
27.108728 3.401625
27.270241 3.406088
27.344893 3.408150
27.258177 3.405754
29.268599 3.461304
27.288746 3.406599
27.454780 3.411187
27.095210 3.401251
27.059851 3.400274
27.059851 3.400274
27.089972 3.401107
27.197399 3.404075
27.245473 3.405403
27.577037 3.414565
27.582996 3.414729
27.582996 3.414729
27.582996 3.414729
27.549685 3.413809
27.534178 3.413381
27.457103 3.411251
27.436737 3.410688
27.436737 3.410688
27.425957 3.410390
27.262896 3.405885
27.476490 3.411787
27.545275 3.413687
27.656867 3.416771
27.656867 3.416771
27.658176 3.416807
27.658176 3.416807
27.974071 3.425535
27.927129 3.424238
27.927129 3.424238
27.929797 3.424312
27.929797 3.424312
27.929797 3.424312
27.834898 3.421690
27.834898 3.421690
27.852507 3.422176
27.856712 3.422293
27.787932 3.420392
27.797234 3.420649
27.936132 3.424487
27.989261 3.425955
27.968682 3.425386
28.028599 3.427042
28.099824 3.429010
28.036527 3.427261
28.036527 3.427261
27.990347 3.425985
27.989702 3.425967
28.475124 3.439380
27.750662 3.419362
27.603081 3.415284
28.500647 3.440085
28.489230 3.439770
28.489230 3.439770
28.407834 3.437521
28.571609 3.442046
28.552437 3.441516
28.516979 3.440536
28.516979 3.440536
28.346003 3.435812
28.317803 3.435033
28.401199 3.437337
28.401199 3.437337
28.414354 3.437701
28.433321 3.438225
28.240840 3.432906
28.972547 3.453124
29.159978 3.458303
29.243148 3.460601
29.243148 3.460601
27.959062 3.425121
27.959062 3.425121
27.959062 3.425121
27.959062 3.425121
28.068119 3.428134
28.068119 3.428134
28.064830 3.428043
29.895027 3.478613
29.895027 3.478613
29.877061 3.478117
30.305937 3.489967
30.499172 3.495307
30.504905 3.495465
30.653788 3.499579
30.465202 3.494368
30.437377 3.493599
30.379576 3.492002
30.424324 3.493238
30.418879 3.493088
30.492378 3.495119
30.446215 3.493843
30.435172 3.493538
30.465094 3.494365
30.460535 3.494239
30.500463 3.495342
30.491554 3.495096
30.463039 3.494308
30.845620 3.504879
30.860301 3.505285
30.560955 3.497014
30.542268 3.496497
30.487801 3.494992
30.859408 3.505260
30.749301 3.502218
30.475786 3.494660
31.379736 3.519637
32.493044 3.550399
32.409281 3.548085
32.409281 3.548085
32.409281 3.548085
31.668248 3.527609
31.894869 3.533871
31.108454 3.512142
31.816510 3.531706
31.719120 3.529015
31.652933 3.527186
31.592245 3.525509
31.661820 3.527432
31.661820 3.527432
31.663127 3.527468
31.856604 3.532814
31.597965 3.525667
31.492750 3.522760
31.441642 3.521348
31.341974 3.518594
31.488849 3.522652
31.488849 3.522652
31.566042 3.524785
31.275287 3.516751
31.294321 3.517277
31.264334 3.516449
31.392906 3.520001
32.066306 3.538608
32.099770 3.539533
32.099770 3.539533
31.879088 3.533435
31.827934 3.532022
32.190028 3.542027
32.491936 3.550369
32.491936 3.550369
32.319521 3.545605
32.169008 3.541446
32.250903 3.543709
32.194571 3.542152
32.113105 3.539901
32.302191 3.545126
32.371418 3.547039
32.371625 3.547044
32.930998 3.562500
32.999376 3.564390
32.846987 3.560179
32.892236 3.561429
32.633620 3.554284
32.654810 3.554869
32.765799 3.557936
32.876636 3.560998
32.737069 3.557142
32.728015 3.556892
32.719537 3.556658
32.005904 3.536939
33.400498 3.575473
33.406962 3.575652
33.386968 3.575099
33.373326 3.574722
33.373326 3.574722
33.560348 3.579890
33.560348 3.579890
33.560348 3.579890
33.639526 3.582078
33.656457 3.582546
33.656457 3.582546
33.609436 3.581246
33.609436 3.581246
33.682937 3.583277
33.837305 3.587543
33.946992 3.590573
33.101090 3.567200
33.644652 3.582219
33.939118 3.590356
33.766038 3.585574
33.766038 3.585574
34.014142 3.592429
33.950696 3.590676
33.950696 3.590676
33.950696 3.590676
33.997598 3.591972
33.568142 3.580105
33.256097 3.571483
33.245999 3.571204
33.254347 3.571435
33.112630 3.567519
33.167833 3.569044
32.011990 3.537107
31.996333 3.536675
31.965590 3.535825
31.870185 3.533189
31.824766 3.531934
31.836337 3.532254
31.824674 3.531932
32.068512 3.538669
31.989507 3.536486
31.817631 3.531737
32.328659 3.545857
32.318918 3.545588
31.971621 3.535992
32.092299 3.539326
32.084619 3.539114
32.099672 3.539530
32.061188 3.538467
31.199434 3.514656
31.205585 3.514825
31.155163 3.513432
31.784810 3.530830
31.807276 3.531451
32.342011 3.546226
32.331470 3.545935
32.039000 3.537854
32.028768 3.537571
32.028768 3.537571
32.004531 3.536901
32.177746 3.541687
32.168686 3.541437
32.138695 3.540608
32.392867 3.547631
32.537937 3.551640
32.560434 3.552261
33.487884 3.577888
33.499279 3.578203
33.499279 3.578203
33.756349 3.585306
33.756349 3.585306
33.692700 3.583547
33.768836 3.585651
33.912009 3.589607
33.737041 3.584772
33.807554 3.586721
33.904748 3.589406
33.825321 3.587212
33.568629 3.580119
33.568629 3.580119
33.016576 3.564865
33.086374 3.566794
33.086374 3.566794
33.020758 3.564981
32.909100 3.561895
32.829914 3.559707
32.813930 3.559266
32.822005 3.559489
32.823736 3.559537
32.653306 3.554828
32.321107 3.545649
32.321107 3.545649
32.383158 3.547363
32.533203 3.551509
32.533203 3.551509
32.295424 3.544939
32.406561 3.548010
33.333985 3.573635
33.341610 3.573846
33.275160 3.572010
33.602659 3.581059
33.529774 3.579045
33.529774 3.579045
33.703961 3.583858
33.703961 3.583858
33.617868 3.581479
33.617868 3.581479
33.537578 3.579261
33.417233 3.575936
33.373935 3.574739
33.419507 3.575998
33.304532 3.572822
33.337254 3.573726
33.341727 3.573849
33.550720 3.579624
33.441157 3.576597
33.626769 3.581725
33.725801 3.584462
34.679790 3.610821
34.814847 3.614553
34.002783 3.592115
33.891789 3.589048
33.729889 3.584575
33.427222 3.576212
34.155942 3.596347
34.155942 3.596347
34.097498 3.594732
34.348783 3.601675
34.597998 3.608561
33.846541 3.587798
33.846541 3.587798
33.876970 3.588639
33.906893 3.589465
33.906893 3.589465
33.906893 3.589465
33.833390 3.587435
33.880757 3.588743
33.596707 3.580895
33.596707 3.580895
32.146564 3.540826
32.205054 3.542442
31.750759 3.529889
31.762938 3.530226
31.762938 3.530226
31.855656 3.532788
31.697403 3.528415
31.704332 3.528606
31.771858 3.530472
31.984792 3.536356
32.007126 3.536973
31.980458 3.536236
31.860665 3.532926
30.411337 3.492880
30.435306 3.493542
30.401913 3.492619
30.388659 3.492253
30.301154 3.489835
30.296663 3.489711
30.296663 3.489711
29.866333 3.477821
30.871442 3.505593
31.264458 3.516452
31.312436 3.517778
31.354794 3.518948
31.354794 3.518948
31.354794 3.518948
31.337442 3.518469
31.086020 3.511522
31.086020 3.511522
30.805379 3.503767
26.573283 3.386830
26.386863 3.381679
26.184106 3.376077
26.082020 3.373256
26.060612 3.372664
26.060612 3.372664
26.055352 3.372519
26.146679 3.375043
26.174333 3.375807
26.340851 3.380408
26.365721 3.381095
26.369898 3.381210
26.369898 3.381210
26.369898 3.381210
26.548278 3.386139
26.726033 3.391051
26.913218 3.396223
26.831742 3.393972
25.998104 3.370937
25.875704 3.367555
25.888159 3.367899
25.864474 3.367245
25.931314 3.369092
25.931314 3.369092
25.873028 3.367481
25.873028 3.367481
28.100753 3.429036
28.101189 3.429048
28.563330 3.441817
28.129706 3.429836
28.084054 3.428574
27.650254 3.416588
27.625534 3.415905
27.612891 3.415556
27.522062 3.413046
27.295529 3.406786
27.351852 3.408343
27.379943 3.409119
27.375982 3.409009
27.359487 3.408554
27.385616 3.409276
27.298289 3.406863
27.181518 3.403636
27.103497 3.401480
27.103497 3.401480
26.399698 3.382034
26.399698 3.382034
26.399698 3.382034
26.669939 3.389501
26.761749 3.392038
26.907183 3.396056
26.907183 3.396056
26.945870 3.397125
26.985202 3.398212
26.989685 3.398336
26.967376 3.397719
26.887131 3.395502
27.014501 3.399021
27.070935 3.400581
27.079202 3.400809
27.088770 3.401073
25.340471 3.352766
25.345065 3.352893
25.345065 3.352893
25.345065 3.352893
25.368494 3.353540
25.266846 3.350732
25.191437 3.348648
25.191437 3.348648
25.196200 3.348780
25.124873 3.346809
25.124873 3.346809
25.180618 3.348349
25.118144 3.346623
25.333763 3.352581
25.533422 3.358098
25.505710 3.357332
25.410881 3.354712
25.161894 3.347832
25.161894 3.347832
25.161894 3.347832
25.178585 3.348293
25.006603 3.343541
25.006603 3.343541
25.100200 3.346127
25.006496 3.343538
25.127757 3.346889
24.838393 3.338893
24.863935 3.339599
24.821963 3.338439
24.718454 3.335579
24.758239 3.336678
24.731250 3.335933
24.731250 3.335933
24.880431 3.340055
24.846288 3.339111
24.890885 3.340344
24.877552 3.339975
24.877552 3.339975
24.782306 3.337343
24.817289 3.338310
24.793295 3.337647
24.791598 3.337600
24.717697 3.335558
25.611956 3.360268
25.317840 3.352141
25.317840 3.352141
25.317840 3.352141
25.418028 3.354909
25.413881 3.354795
25.765737 3.364517
25.765737 3.364517
25.426338 3.355139
25.534522 3.358128
25.534522 3.358128
25.534522 3.358128
25.869318 3.367379
25.864928 3.367257
26.233705 3.377447
26.233705 3.377447
26.405852 3.382204
26.426900 3.382785
26.026075 3.371710
26.134290 3.374700
26.099538 3.373740
25.992242 3.370775
25.478638 3.356584
25.478638 3.356584
25.481539 3.356664
25.451376 3.355831
25.451376 3.355831
25.451376 3.355831
25.360965 3.353332
25.024783 3.344043
24.953540 3.342075
24.958157 3.342202
24.958157 3.342202
25.085996 3.345735
25.085996 3.345735
25.086033 3.345736
25.757922 3.364301
25.615212 3.360358
25.561758 3.358881
25.484240 3.356739
25.290772 3.351393
25.299314 3.351629
25.238022 3.349935
25.065425 3.345166
25.255967 3.350431
24.617117 3.332779
24.673164 3.334328
24.673164 3.334328
24.665792 3.334124
24.850876 3.339238
24.593300 3.332121
24.485544 3.329144
24.433459 3.327704
24.572453 3.331545
24.530624 3.330389
24.631231 3.333169
24.615318 3.332729
24.592079 3.332087
24.903920 3.340704
24.780872 3.337304
24.914933 3.341008
24.265732 3.323070
23.894132 3.312802
23.873928 3.312244
23.900722 3.312984
24.098297 3.318444
23.672876 3.306689
23.732111 3.308325
23.686868 3.307075
23.686868 3.307075
23.723379 3.308084
23.708362 3.307669
23.965471 3.314773
23.765002 3.309234
23.753836 3.308926
23.753591 3.308919
23.678090 3.306833
23.508441 3.302145
23.483266 3.301450
23.372930 3.298401
23.177785 3.293009
23.071562 3.290074
23.000368 3.288107
23.061036 3.289783
23.070924 3.290056
22.699205 3.279785
22.584606 3.276619
22.726387 3.280536
23.230047 3.294453
23.051980 3.289533
22.949256 3.286694
23.187890 3.293288
23.180558 3.293085
23.253880 3.295111
23.425639 3.299857
23.425639 3.299857
23.318934 3.296909
23.318934 3.296909
23.509755 3.302182
23.497693 3.301848
23.371537 3.298362
23.341933 3.297544
23.378558 3.298556
23.378111 3.298544
23.631558 3.305547
23.669962 3.306608
23.693168 3.307249
23.636843 3.305693
24.020120 3.316283
23.800572 3.310217
23.827897 3.310972
23.601462 3.304715
23.585518 3.304275
23.716642 3.307898
23.729097 3.308242
23.649972 3.306056
23.649972 3.306056
23.625180 3.305371
24.016048 3.316171
24.000234 3.315734
24.001216 3.315761
24.057054 3.317304
24.052375 3.317175
24.052375 3.317175
24.052375 3.317175
24.140003 3.319596
24.242141 3.322418
24.263751 3.323015
24.258059 3.322858
24.228057 3.322029
24.214498 3.321654
24.165641 3.320304
23.437523 3.300186
23.183244 3.293160
23.183244 3.293160
23.586481 3.304302
23.790281 3.309933
23.790281 3.309933
23.603226 3.304764
23.603226 3.304764
23.608798 3.304918
23.634384 3.305625
23.620265 3.305235
23.465641 3.300963
23.460497 3.300820
23.376578 3.298502
23.289571 3.296098
23.289571 3.296098
23.542282 3.303080
25.394694 3.354264
25.237441 3.349919
25.275172 3.350962
25.073095 3.345378
24.983198 3.342894
24.850709 3.339233
24.983968 3.342916
24.534791 3.330504
24.547663 3.330860
24.605020 3.332445
24.562888 3.331281
24.562888 3.331281
24.552332 3.330989
24.381512 3.326269
24.390754 3.326524
24.394196 3.326620
24.318876 3.324538
24.660192 3.333969
24.679693 3.334508
24.695888 3.334956
24.695888 3.334956
24.719151 3.335598
24.719151 3.335598
24.719151 3.335598
24.703549 3.335167
24.773835 3.337109
24.843279 3.339028
24.945045 3.341840
24.945045 3.341840
24.945045 3.341840
23.243949 3.294837
23.330439 3.297227
23.340993 3.297518
23.442856 3.300333
23.346703 3.297676
23.331759 3.297263
23.018741 3.288614
23.087989 3.290528
23.039615 3.289191
23.043292 3.289293
22.991690 3.287867
22.942855 3.286517
23.122771 3.291489
23.228631 3.294414
23.475419 3.301233
23.400541 3.299164
23.400541 3.299164
23.400541 3.299164
23.392230 3.298934
23.350438 3.297779
23.361796 3.298093
23.323801 3.297043
23.403313 3.299240
23.403313 3.299240
23.510818 3.302211
23.635017 3.305643
23.706552 3.307619
23.701706 3.307485
23.701706 3.307485
23.665487 3.306485
23.656015 3.306223
23.515872 3.302351
23.621921 3.305281
23.745961 3.308708
23.826733 3.310940
23.688607 3.307123
23.691860 3.307213
23.693170 3.307249
23.812435 3.310545
23.632135 3.305563
23.693709 3.307264
23.700063 3.307440
24.003646 3.315828
24.273583 3.323287
24.220004 3.321806
24.925582 3.341302
24.853181 3.339302
24.853181 3.339302
24.676014 3.334406
24.595715 3.332188
24.288860 3.323709
24.235530 3.322235
24.606244 3.332479
24.590795 3.332052
25.018695 3.343875
25.107140 3.346319
25.096001 3.346011
25.300253 3.351655
25.227989 3.349658
25.786839 3.365100
25.786839 3.365100
25.212244 3.349223
25.247496 3.350197
25.368425 3.353539
25.209031 3.349134
25.237968 3.349934
25.169318 3.348037
25.110767 3.346419
25.095164 3.345988
25.095164 3.345988
25.225233 3.349582
25.867242 3.367321
25.864510 3.367246
25.864510 3.367246
26.297543 3.379211
26.297543 3.379211
26.289457 3.378988
26.289457 3.378988
26.264262 3.378291
26.251630 3.377942
26.560961 3.386490
26.687218 3.389978
26.649805 3.388944
27.092235 3.401169
26.994433 3.398467
27.159556 3.403029
27.320998 3.407490
27.282240 3.406419
26.994274 3.398462
26.963755 3.397619
26.916779 3.396321
26.854020 3.394587
26.985821 3.398229
27.382608 3.409193
27.396242 3.409569
27.400167 3.409678
27.413819 3.410055
27.324706 3.407593
27.296210 3.406805
27.323545 3.407561
27.355152 3.408434
27.410360 3.409959
27.410360 3.409959
27.507834 3.412653
27.507834 3.412653
27.347905 3.408234
27.493030 3.412244
27.462294 3.411394
27.452623 3.411127
27.505168 3.412579
27.786975 3.420366
27.923228 3.424130
27.978716 3.425664
27.984846 3.425833
27.967956 3.425366
27.886015 3.423102
27.892202 3.423273
27.892202 3.423273
28.032100 3.427139
28.055497 3.427785
27.958738 3.425112
27.958738 3.425112
27.964547 3.425272
28.061841 3.427960
28.149865 3.430393
28.180110 3.431228
28.186557 3.431407
28.176364 3.431125
28.201006 3.431806
28.365604 3.436354
28.365604 3.436354
28.152628 3.430469
25.724220 3.363370
25.551804 3.358605
25.101909 3.346174
25.042002 3.344519
25.007052 3.343553
24.997932 3.343301
24.977969 3.342750
25.001557 3.343402
24.962959 3.342335
24.936514 3.341604
25.186631 3.348515
25.217565 3.349370
25.300027 3.351649
25.292866 3.351451
25.285635 3.351251
25.336461 3.352655
25.284728 3.351226
25.274592 3.350946
25.282312 3.351159
25.133394 3.347044
25.192248 3.348671
25.087857 3.345786
25.087857 3.345786
25.087550 3.345778
25.082655 3.345642
25.448592 3.355754
25.428056 3.355186
25.401555 3.354454
24.975413 3.342679
24.991211 3.343116
24.991211 3.343116
24.798531 3.337792
24.798531 3.337792
24.845962 3.339102
24.845962 3.339102
25.033902 3.344295
25.033902 3.344295
24.994672 3.343211
25.436718 3.355426
25.383383 3.353952
25.370179 3.353587
25.439864 3.355512
25.322273 3.352263
25.095719 3.346003
25.161510 3.347821
25.100731 3.346142
25.408027 3.354633
25.408027 3.354633
25.408027 3.354633
25.274226 3.350936
25.038156 3.344413
25.156064 3.347671
25.156064 3.347671
25.235771 3.349873
25.286972 3.351288
25.438181 3.355466
25.521859 3.357778
24.651807 3.333738
24.234483 3.322207
24.297830 3.323957
24.031723 3.316604
24.031723 3.316604
23.957385 3.314550
24.939584 3.341689
25.001600 3.343403
24.939361 3.341683
25.213919 3.349269
25.216721 3.349347
24.912491 3.340941
24.889107 3.340294
24.968377 3.342485
24.882021 3.340099
24.882021 3.340099
24.699876 3.335066
24.762821 3.336805
24.562158 3.331261
24.522878 3.330175
24.594353 3.332150
24.654536 3.333813
24.654536 3.333813
24.620242 3.332865
24.620242 3.332865
24.373414 3.326045
24.481637 3.329036
24.590191 3.332035
24.806458 3.338011
24.806458 3.338011
24.524737 3.330227
24.521289 3.330131
24.309147 3.324270
24.394016 3.326615
24.363988 3.325785
24.408722 3.327021
24.366443 3.325853
24.326552 3.324750
24.283276 3.323555
24.346705 3.325307
24.346705 3.325307
24.363733 3.325778
24.223702 3.321909
24.099497 3.318477
24.099497 3.318477
24.022771 3.316357
24.273714 3.323291
24.163935 3.320257
23.991499 3.315493
23.781894 3.309701
23.754204 3.308936
23.518643 3.302427
23.772141 3.309432
23.761873 3.309148
23.761873 3.309148
23.824899 3.310889
24.215215 3.321674
24.215215 3.321674
24.162116 3.320207
24.178049 3.320647
24.109164 3.318744
24.048338 3.317063
24.342994 3.325205
24.435192 3.327752
24.457551 3.328370
24.581173 3.331786
24.490603 3.329283
24.388222 3.326454
24.382708 3.326302
24.583645 3.331854
24.583645 3.331854
24.780088 3.337282
24.559928 3.331199
24.463337 3.328530
24.463337 3.328530
25.054937 3.344877
24.824044 3.338497
24.856636 3.339397
25.302498 3.351717
25.302498 3.351717
25.096053 3.346013
25.360303 3.353314
25.360303 3.353314
25.467804 3.356284
25.489486 3.356884
25.668810 3.361838
25.685597 3.362302
25.276351 3.350994
24.721509 3.335664
24.621244 3.332893
24.623537 3.332956
24.619336 3.332840
24.637089 3.333331
24.576259 3.331650
24.620137 3.332863
24.702428 3.335136
24.756670 3.336635
24.740733 3.336195
24.800833 3.337855
24.862929 3.339571
24.845124 3.339079
24.897443 3.340525
24.888838 3.340287
24.787100 3.337476
25.162937 3.347861
25.122935 3.346755
25.122935 3.346755
25.142277 3.347290
25.135526 3.347103
24.921449 3.341188
24.920865 3.341172
24.957032 3.342171
24.970006 3.342530
24.603026 3.332390
24.581315 3.331790
24.581315 3.331790
24.814180 3.338224
24.453277 3.328252
24.493618 3.329367
24.495518 3.329419
24.634580 3.333262
24.423453 3.327428
24.385416 3.326377
24.350023 3.325399
24.343599 3.325222
24.320198 3.324575
24.310251 3.324300
24.040109 3.316836
24.030891 3.316581
24.108843 3.318735
24.104884 3.318626
23.937172 3.313991
23.978178 3.315125
23.936131 3.313963
23.588171 3.304348
23.743133 3.308630
23.738544 3.308503
23.738544 3.308503
23.738544 3.308503
23.727105 3.308187
23.717339 3.307917
23.706328 3.307613
23.607228 3.304875
23.704232 3.307555
23.613448 3.305047
24.645169 3.333554
24.655460 3.333839
24.587944 3.331973
24.587944 3.331973
24.509612 3.329809
24.509612 3.329809
24.655659 3.333844
23.790640 3.309943
23.801678 3.310248
23.696132 3.307331
23.730953 3.308293
23.791934 3.309978
23.791934 3.309978
23.773555 3.309471
23.773555 3.309471
23.790201 3.309931
23.861642 3.311905
23.926781 3.313704
23.867904 3.312078
24.502412 3.329610
24.502412 3.329610
24.534449 3.330495
24.613024 3.332666
24.567252 3.331401
24.567252 3.331401
24.567252 3.331401
24.567252 3.331401
24.512460 3.329887
24.927339 3.341351
24.723023 3.335705
24.657166 3.333886
24.648426 3.333644
24.663509 3.334061
24.663509 3.334061
24.427481 3.327539
24.427481 3.327539
24.415126 3.327198
24.331377 3.324884
23.954087 3.314459
24.074324 3.317781
24.106474 3.318669
24.161246 3.320183
24.427892 3.327551
24.401591 3.326824
24.453006 3.328245
24.453006 3.328245
24.436124 3.327778
24.436124 3.327778
24.436124 3.327778
24.449542 3.328149
24.647270 3.333612
24.670871 3.334264
24.684954 3.334654
25.056468 3.344919
25.056468 3.344919
25.085890 3.345732
25.144710 3.347357
25.144710 3.347357
25.173859 3.348162
25.176628 3.348239
25.176628 3.348239
25.176628 3.348239
25.166772 3.347967
25.176605 3.348238
25.223277 3.349528
25.087523 3.345777
25.087523 3.345777
25.115718 3.346556
25.307465 3.351854
25.491289 3.356933
25.498033 3.357120
25.540514 3.358294
25.514241 3.357568
25.444712 3.355646
25.444712 3.355646
25.304096 3.351761
25.368855 3.353550
25.368855 3.353550
25.473000 3.356428
25.324844 3.352334
25.332183 3.352537
25.591432 3.359700
25.522465 3.357795
25.529520 3.357990
25.415347 3.354835
25.435504 3.355392
25.430888 3.355264
25.565479 3.358983
25.603279 3.360028
25.604528 3.360062
25.595468 3.359812
25.250684 3.350285
25.282351 3.351160
25.227490 3.349644
25.164102 3.347893
25.909426 3.368487
25.909426 3.368487
25.947428 3.369537
26.194113 3.376353
26.265354 3.378322
26.254118 3.378011
27.064706 3.400409
27.072563 3.400626
27.113460 3.401756
26.851060 3.394505
26.325911 3.379995
26.459290 3.383680
26.437252 3.383071
26.475365 3.384124
26.119744 3.374298
26.139650 3.374848
26.139650 3.374848
26.183254 3.376053
26.192689 3.376314
26.430205 3.382877
26.430205 3.382877
26.425188 3.382738
26.373631 3.381313
26.282690 3.378801
26.328339 3.380062
26.683230 3.389868
26.683230 3.389868
26.823806 3.393752
26.576871 3.386929
27.200554 3.404162
27.228498 3.404934
26.769933 3.392264
26.692059 3.390112
26.475173 3.384119
26.419526 3.382582
26.476755 3.384163
26.477758 3.384191
25.953827 3.369714
26.255587 3.378052
26.334568 3.380234
26.575105 3.386880
26.575105 3.386880
26.658539 3.389186
26.456294 3.383598
26.456294 3.383598
26.456294 3.383598
26.399893 3.382039
27.098069 3.401330
27.168042 3.403264
26.807455 3.393300
26.883194 3.395393
26.127303 3.374507
25.907750 3.368441
26.115393 3.374178
26.130936 3.374608
26.016463 3.371445
26.029797 3.371813
26.025886 3.371705
26.074859 3.373058
25.454329 3.355912
25.338603 3.352715
25.959183 3.369862
26.269062 3.378424
26.311685 3.379602
26.311685 3.379602
26.315934 3.379719
26.176630 3.375870
26.163047 3.375495
26.437707 3.383084
26.437707 3.383084
26.476108 3.384145
27.759686 3.419612
27.780500 3.420187
28.245345 3.433031
28.191406 3.431541
28.022855 3.426883
28.058700 3.427874
28.024484 3.426928
28.024484 3.426928
28.002263 3.426314
28.031556 3.427124
28.031556 3.427124
27.451262 3.411090
27.681841 3.417461
27.681841 3.417461
27.656495 3.416760
27.741575 3.419111
27.759569 3.419608
27.720541 3.418530
27.808123 3.420950
27.814738 3.421133
28.010289 3.426536
26.688384 3.390010
26.726658 3.391068
26.899369 3.395840
26.959657 3.397506
26.959657 3.397506
26.699835 3.390327
27.091913 3.401160
27.126067 3.402104
26.888074 3.395528
26.365899 3.381100
25.857315 3.367047
26.322215 3.379893
26.459183 3.383677
26.435303 3.383017
26.309012 3.379528
26.308562 3.379516
26.195482 3.376391
26.128390 3.374537
26.128390 3.374537
26.106422 3.373930
25.912972 3.368585
25.917502 3.368710
25.588695 3.359625
25.588695 3.359625
25.828946 3.366263
25.758934 3.364329
25.539059 3.358253
25.743236 3.363895
25.709097 3.362952
25.709097 3.362952
25.676414 3.362049
25.298131 3.351596
25.298131 3.351596
25.361549 3.353349
25.361549 3.353349
25.581522 3.359427
25.539773 3.358273
25.568846 3.359076
25.462663 3.356142
25.266077 3.350711
25.008670 3.343598
25.098468 3.346079
24.937559 3.341633
24.863960 3.339600
24.857793 3.339429
24.750342 3.336460
24.748941 3.336422
24.806648 3.338016
24.771895 3.337056
24.674579 3.334367
24.754215 3.336567
24.741336 3.336211
24.773984 3.337113
24.735504 3.336050
24.801862 3.337884
24.498259 3.329495
24.779715 3.337272
24.859357 3.339472
24.851442 3.339254
24.884415 3.340165
24.742164 3.336234
24.742164 3.336234
24.748255 3.336403
24.756760 3.336638
24.756760 3.336638
24.791158 3.337588
24.791158 3.337588
24.791158 3.337588
24.759879 3.336724
24.950130 3.341981
24.757894 3.336669
24.902631 3.340668
25.145961 3.347392
25.284530 3.351220
25.353382 3.353123
25.365642 3.353462
25.352326 3.353094
25.711215 3.363010
25.711215 3.363010
25.709387 3.362960
26.019029 3.371515
25.707878 3.362918
24.808830 3.338076
24.741168 3.336207
25.023850 3.344018
25.023850 3.344018
25.048345 3.344694
24.842816 3.339015
24.856502 3.339394
24.725381 3.335771
24.725381 3.335771
25.469027 3.356318
25.346607 3.352936
24.849526 3.339201
24.849510 3.339200
24.842547 3.339008
24.842547 3.339008
25.196633 3.348792
25.271035 3.350848
25.238757 3.349956
25.238757 3.349956
25.212376 3.349227
25.257240 3.350466
25.196067 3.348776
25.169179 3.348033
25.215248 3.349306
24.978538 3.342766
25.103664 3.346223
24.901446 3.340635
25.097125 3.346042
25.130065 3.346952
25.179437 3.348317
25.026020 3.344078
24.889918 3.340317
24.757056 3.336646
24.571875 3.331529
24.574239 3.331594
24.822797 3.338462
24.985504 3.342958
24.963269 3.342344
24.958027 3.342199
24.958027 3.342199
24.909765 3.340865
24.525858 3.330258
24.525858 3.330258
24.525858 3.330258
24.516539 3.330000
24.439154 3.327862
24.439154 3.327862
24.508364 3.329774
24.471439 3.328754
24.781440 3.337320
24.788732 3.337521
24.796961 3.337748
24.796961 3.337748
24.320798 3.324592
24.329590 3.324834
24.392043 3.326560
24.588068 3.331976
24.588700 3.331994
24.378525 3.326187
24.174348 3.320545
24.174348 3.320545
24.174348 3.320545
24.105857 3.318652
23.787719 3.309862
24.072467 3.317730
24.119211 3.319021
24.119211 3.319021
24.119211 3.319021
24.119211 3.319021
24.042449 3.316900
24.024696 3.316410
24.192109 3.321036
24.126287 3.319217
24.336207 3.325017
24.336207 3.325017
24.315040 3.324432
24.086277 3.318111
24.114222 3.318884
23.921779 3.313566
23.921779 3.313566
23.972990 3.314981
23.972990 3.314981
24.045267 3.316978
24.045267 3.316978
24.010595 3.316020
24.042465 3.316901
23.997739 3.315665
23.867303 3.312061
23.841800 3.311356
23.827388 3.310958
23.730876 3.308291
23.903514 3.313061
23.925449 3.313668
23.928783 3.313760
23.527697 3.302677
23.558792 3.303536
23.558792 3.303536
23.577691 3.304059
23.945236 3.314214
24.332899 3.324926
26.282343 3.378791
26.269744 3.378443
26.269744 3.378443
26.378183 3.381439
26.378183 3.381439
26.186344 3.376139
26.195460 3.376390
26.198952 3.376487
26.122297 3.374369
26.093423 3.373571
26.084735 3.373331
25.993373 3.370807
26.040475 3.372108
26.033731 3.371922
25.869088 3.367372
25.601055 3.359966
25.579034 3.359358
25.602146 3.359996
25.675625 3.362027
25.710256 3.362984
25.545377 3.358428
25.524060 3.357839
25.464410 3.356191
25.310903 3.351949
25.198079 3.348832
25.210314 3.349170
25.235054 3.349853
25.314711 3.352054
25.347774 3.352968
25.396812 3.354323
25.291679 3.351418
25.291679 3.351418
25.537000 3.358196
25.492609 3.356970
25.556613 3.358738
25.555608 3.358711
25.547208 3.358478
25.567839 3.359049
25.647598 3.361252
25.562821 3.358910
25.515029 3.357589
25.623602 3.360589
25.623530 3.360587
25.751697 3.364129
25.751697 3.364129
25.819099 3.365991
25.874600 3.367525
25.874600 3.367525
25.884003 3.367784
25.869107 3.367373
25.629803 3.360761
25.699753 3.362693
25.823934 3.366125
25.823934 3.366125
25.823934 3.366125
25.896874 3.368140
25.600936 3.359963
25.561486 3.358873
25.627484 3.360697
25.626775 3.360677
25.639819 3.361037
25.639819 3.361037
25.468840 3.356313
25.434654 3.355369
25.313246 3.352014
25.127564 3.346883
25.369013 3.353555
25.416522 3.354867
25.416522 3.354867
25.407015 3.354605
25.435815 3.355401
25.418814 3.354931
25.316240 3.352097
25.296180 3.351542
25.296180 3.351542
25.274283 3.350937
24.729127 3.335874
24.712594 3.335417
24.725944 3.335786
24.876572 3.339948
24.909256 3.340851
24.829086 3.338636
24.885419 3.340193
24.885419 3.340193
24.836256 3.338834
24.874228 3.339883
24.659593 3.333953
24.914959 3.341009
24.916679 3.341056
24.776813 3.337192
24.892737 3.340395
24.902515 3.340665
24.902515 3.340665
24.949434 3.341961
24.992419 3.343149
24.992419 3.343149
25.037707 3.344400
25.052597 3.344812
24.959233 3.342232
23.571345 3.303883
23.589003 3.304371
23.559000 3.303542
23.559000 3.303542
23.471643 3.301128
23.471643 3.301128
23.504567 3.302038
23.504567 3.302038
23.717189 3.307913
23.776296 3.309546
23.383181 3.298684
23.264203 3.295397
23.264203 3.295397
23.264203 3.295397
23.337828 3.297431
23.341222 3.297525
23.159290 3.292498
23.300326 3.296395
23.313153 3.296749
23.143282 3.292055
23.067489 3.289961
22.321138 3.269339
22.238045 3.267043
22.343917 3.269968
21.877919 3.257092
21.884965 3.257287
21.707500 3.252383
21.707500 3.252383
21.620998 3.249993
21.605523 3.249566
21.670198 3.251353
21.610792 3.249711
21.411100 3.244193
21.411100 3.244193
21.402235 3.243948
21.303069 3.241208
21.305759 3.241283
21.623096 3.250051
21.436479 3.244895
21.416432 3.244341
21.401250 3.243921
21.401250 3.243921
21.401250 3.243921
21.413550 3.244261
21.415527 3.244316
21.500749 3.246671
21.508572 3.246887
21.535884 3.247641
21.565387 3.248457
21.672132 3.251406
21.672132 3.251406
21.695004 3.252038
21.699076 3.252151
21.662596 3.251143
21.777490 3.254317
21.643359 3.250611
21.580056 3.248862
21.580056 3.248862
21.957831 3.259300
22.220928 3.266570
22.220928 3.266570
22.214103 3.266381
22.237896 3.267039
22.214558 3.266394
22.007302 3.260667
22.463020 3.273259
22.805026 3.282709
22.839737 3.283668
22.839737 3.283668
22.839737 3.283668
24.061424 3.317425
24.064308 3.317504
23.828241 3.310982
23.912334 3.313305
23.861120 3.311890
24.158479 3.320106
23.582288 3.304186
23.597294 3.304600
23.577904 3.304065
23.577904 3.304065
23.568456 3.303803
23.555858 3.303455
23.555858 3.303455
23.552654 3.303367
23.555892 3.303456
23.590962 3.304425
23.018092 3.288596
22.675290 3.279124
22.540226 3.275392
22.616332 3.277495
23.001464 3.288137
23.647000 3.305974
23.698453 3.307395
23.795812 3.310086
23.807341 3.310404
23.838572 3.311267
23.904111 3.313078
23.896950 3.312880
23.896950 3.312880
23.815082 3.310618
23.872447 3.312203
24.047764 3.317047
23.756758 3.309006
23.782941 3.309730
24.019649 3.316270
24.159595 3.320137
24.159595 3.320137
24.159595 3.320137
24.159595 3.320137
24.184087 3.320814
24.184087 3.320814
24.241801 3.322409
24.396075 3.326671
24.393476 3.326600
24.393476 3.326600
24.388420 3.326460
24.284486 3.323588
24.265751 3.323070
24.187892 3.320919
24.042722 3.316908
24.050312 3.317118
24.011480 3.316045
23.818951 3.310725
24.252711 3.322710
24.252711 3.322710
24.177742 3.320639
24.177742 3.320639
23.869917 3.312133
23.869917 3.312133
23.865993 3.312025
23.752451 3.308887
23.770693 3.309392
24.042230 3.316894
24.042230 3.316894
24.048222 3.317060
24.061187 3.317418
23.697303 3.307364
23.699775 3.307432
23.431283 3.300013
23.444329 3.300374
23.481316 3.301396
23.481316 3.301396
23.497927 3.301855
23.836759 3.311217
23.836759 3.311217
23.836759 3.311217
23.945071 3.314210
23.601630 3.304720
23.273475 3.295653
23.381136 3.298628
23.704033 3.307550
23.499067 3.301886
23.499067 3.301886
23.654877 3.306191
23.711660 3.307760
23.714983 3.307852
23.714983 3.307852
23.898544 3.312924
23.898544 3.312924
24.001785 3.315777
24.085712 3.318096
24.044622 3.316960
24.043334 3.316925
24.402973 3.326862
24.678399 3.334472
24.604095 3.332419
24.590632 3.332047
24.594504 3.332154
24.555194 3.331068
24.555194 3.331068
24.608386 3.332538
24.539251 3.330628
24.620499 3.332873
24.590330 3.332039
24.364917 3.325811
24.429105 3.327584
24.429105 3.327584
24.353213 3.325487
24.353213 3.325487
24.411203 3.327089
24.411203 3.327089
24.551391 3.330963
24.414604 3.327183
24.414604 3.327183
24.414604 3.327183
24.234882 3.322218
23.670398 3.306620
23.232948 3.294533
23.232948 3.294533
23.233659 3.294553
23.560857 3.303594
23.560857 3.303594
23.592072 3.304456
23.590520 3.304413
23.579052 3.304096
23.898700 3.312928
23.880015 3.312412
23.989885 3.315448
23.707311 3.307640
23.717402 3.307919
23.759583 3.309085
23.676389 3.306786
23.805480 3.310353
23.792435 3.309992
23.792435 3.309992
23.540386 3.303028
23.618543 3.305187
23.556386 3.303470
23.371303 3.298356
23.342039 3.297547
23.342039 3.297547
23.139649 3.291955
23.125033 3.291551
23.125033 3.291551
23.094897 3.290719
23.124501 3.291537
23.136448 3.291867
23.062243 3.289816
23.090900 3.290608
23.049004 3.289450
23.049004 3.289450
23.077470 3.290237
23.105777 3.291019
23.034273 3.289043
23.108907 3.291106
23.088999 3.290556
23.088999 3.290556
23.538871 3.302986
22.514534 3.274682
22.930127 3.286166
22.930127 3.286166
22.913943 3.285719
22.913943 3.285719
22.874362 3.284625
22.874362 3.284625
22.768849 3.281709
22.802408 3.282637
22.802408 3.282637
22.802408 3.282637
22.793529 3.282391
22.799566 3.282558
22.768119 3.281689
22.824682 3.283252
22.812476 3.282915
22.860810 3.284250
22.755246 3.281334
22.865399 3.284377
22.734284 3.280754
23.161992 3.292572
23.156790 3.292429
23.335742 3.297373
23.264601 3.295408
23.287351 3.296036
23.290198 3.296115
23.393970 3.298982
23.210721 3.293919
23.204932 3.293759
23.139530 3.291952
22.689676 3.279522
22.832080 3.283457
22.795369 3.282442
22.881207 3.284814
22.793946 3.282403
22.964705 3.287121
22.964705 3.287121
23.172271 3.292856
23.172271 3.292856
23.126233 3.291584
23.274173 3.295672
23.274173 3.295672
23.343595 3.297590
23.362626 3.298116
23.186765 3.293257
23.075551 3.290184
23.267125 3.295477
23.270294 3.295565
23.291448 3.296149
23.291448 3.296149
23.278126 3.295781
22.725825 3.280521
22.725825 3.280521
22.209611 3.266257
22.547186 3.275585
22.492819 3.274082
22.353383 3.270230
22.341707 3.269907
22.185522 3.265592
22.185522 3.265592
22.185965 3.265604
21.982011 3.259968
22.085135 3.262818
21.647763 3.250733
21.658405 3.251027
21.715509 3.252605
20.950467 3.231466
20.932962 3.230982
20.747450 3.225856
20.643950 3.222996
20.790230 3.227038
20.832928 3.228218
20.843994 3.228524
20.843994 3.228524
20.796394 3.227208
20.846164 3.228584
20.846164 3.228584
20.792756 3.227108
20.792756 3.227108
20.792756 3.227108
21.483779 3.246202
21.469301 3.245802
21.469301 3.245802
21.242085 3.239523
21.242085 3.239523
21.325630 3.241832
21.846506 3.256224
21.853258 3.256411
21.508885 3.246895
21.535149 3.247621
21.439856 3.244988
22.935231 3.286307
22.928617 3.286124
22.782594 3.282089
22.705391 3.279956
22.718439 3.280317
22.705030 3.279946
22.717342 3.280286
22.590962 3.276794
22.634840 3.278007
22.616939 3.277512
22.616939 3.277512
22.616939 3.277512
22.240855 3.267120
22.200110 3.265995
22.141545 3.264376
21.931048 3.258560
21.997784 3.260404
22.023203 3.261106
21.942311 3.258871
21.875974 3.257038
22.000773 3.260487
21.989434 3.260173
22.000749 3.260486
22.068689 3.262363
22.071183 3.262432
22.017458 3.260948
22.017458 3.260948
22.062605 3.262195
22.041800 3.261620
22.041800 3.261620
22.031825 3.261345
22.031825 3.261345
22.046498 3.261750
21.965084 3.259501
21.965084 3.259501
21.964692 3.259490
21.812297 3.255279
21.812297 3.255279
21.926614 3.258438
21.840578 3.256060
21.840578 3.256060
22.374750 3.270820
22.374750 3.270820
22.293063 3.268563
22.569519 3.276202
22.527114 3.275030
22.488417 3.273961
22.497226 3.274204
23.100389 3.290870
22.738119 3.280860
23.303291 3.296477
23.303291 3.296477
23.393929 3.298981
23.393929 3.298981
23.393929 3.298981
23.331784 3.297264
23.318908 3.296908
23.318908 3.296908
23.347621 3.297702
22.760427 3.281477
23.403905 3.299257
23.339888 3.297488
22.719457 3.280345
22.725573 3.280514
22.603418 3.277138
22.505889 3.274444
22.469874 3.273448
22.461258 3.273210
22.633704 3.277975
22.462714 3.273251
23.759490 3.309082
23.607563 3.304884
23.457699 3.300743
23.380591 3.298613
22.967596 3.287201
23.138862 3.291933
22.673085 3.279063
22.673085 3.279063
22.685332 3.279402
22.726529 3.280540
22.443393 3.272717
22.339782 3.269854
22.360426 3.270424
22.261504 3.267691
22.285021 3.268341
22.287528 3.268410
22.287528 3.268410
22.117627 3.263716
22.099011 3.263201
22.081901 3.262728
22.080653 3.262694
22.090855 3.262976
22.119796 3.263775
22.195098 3.265856
22.195098 3.265856
22.196519 3.265895
22.022602 3.261090
22.135518 3.264210
22.221290 3.266580
23.610132 3.304955
23.610132 3.304955
23.283048 3.295917
23.184998 3.293208
23.250418 3.295016
23.328496 3.297173
23.491746 3.301684
23.506228 3.302084
23.628463 3.305462
23.712930 3.307795
23.794774 3.310057
23.752337 3.308884
23.563860 3.303676
23.647563 3.305989
23.647563 3.305989
23.704979 3.307576
23.710518 3.307729
23.816520 3.310658
23.777385 3.309576
23.666904 3.306524
24.126800 3.319231
23.985932 3.315339
22.853905 3.284060
22.937474 3.286369
22.971425 3.287307
22.987082 3.287740
22.832189 3.283460
22.824241 3.283240
22.719678 3.280351
22.719678 3.280351
22.672767 3.279055
22.726035 3.280526
22.551947 3.275716
23.040794 3.289224
23.176051 3.292961
21.621588 3.250009
21.667698 3.251284
21.898668 3.257665
21.763745 3.253937
21.864141 3.256711
21.873048 3.256958
21.863518 3.256694
22.205587 3.266146
21.976361 3.259812
21.976361 3.259812
21.976361 3.259812
21.948945 3.259055
21.948945 3.259055
22.052986 3.261929
21.973874 3.259743
22.031799 3.261344
22.052482 3.261916
22.088157 3.262901
22.169218 3.265141
22.296671 3.268663
22.283593 3.268301
22.237828 3.267037
22.237828 3.267037
22.290200 3.268484
22.444998 3.272761
22.462382 3.273241
22.526059 3.275001
22.343189 3.269948
22.718531 3.280319
22.921155 3.285918
22.736806 3.280824
23.021213 3.288683
23.383040 3.298680
23.383040 3.298680
23.365402 3.298193
23.259824 3.295276
23.259824 3.295276
23.272709 3.295632
22.335210 3.269728
22.298078 3.268702
22.602558 3.277115
22.602558 3.277115
22.592764 3.276844
22.514325 3.274677
22.408245 3.271746
22.270721 3.267946
22.462150 3.273235
21.972334 3.259701
21.972334 3.259701
21.983538 3.260010
21.960207 3.259366
21.677483 3.251554
21.677483 3.251554
21.699396 3.252159
21.564087 3.248421
21.610149 3.249693
21.607563 3.249622
21.644136 3.250632
21.689826 3.251895
21.689826 3.251895
21.689826 3.251895
21.652391 3.250861
21.691899 3.251952
21.601215 3.249447
21.575387 3.248733
21.356283 3.242679
21.356283 3.242679
21.373869 3.243165
21.532934 3.247560
21.451712 3.245316
21.451712 3.245316
22.900985 3.285361
22.867622 3.284439
22.867622 3.284439
22.842663 3.283749
22.827760 3.283337
22.976751 3.287454
22.381421 3.271004
22.164763 3.265018
21.888992 3.257398
21.882813 3.257227
21.863638 3.256698
21.986189 3.260084
22.497772 3.274219
22.507979 3.274501
22.656279 3.278599
22.686349 3.279430
22.590424 3.276779
22.590424 3.276779
22.589061 3.276742
22.701371 3.279845
22.631152 3.277905
22.611827 3.277371
22.739421 3.280896
22.665869 3.278864
22.707470 3.280014
22.697065 3.279726
22.694309 3.279650
22.643463 3.278245
22.672309 3.279042
22.750204 3.281194
22.973505 3.287364
22.999903 3.288094
22.996204 3.287992
23.121008 3.291440
23.176043 3.292961
23.176043 3.292961
23.262915 3.295361
23.307081 3.296581
23.293482 3.296206
23.293482 3.296206
23.241074 3.294758
23.261621 3.295325
22.980570 3.287560
22.975587 3.287422
22.975587 3.287422
22.838704 3.283640
22.852263 3.284014
22.355796 3.270296
22.404829 3.271651
22.129407 3.264041
22.145327 3.264481
22.285924 3.268366
22.299018 3.268728
22.367554 3.270621
22.436073 3.272515
22.471522 3.273494
22.464384 3.273297
22.648761 3.278391
22.648761 3.278391
22.593774 3.276872
22.613342 3.277413
22.761324 3.281502
23.091797 3.290633
23.054713 3.289608
22.895995 3.285223
22.895995 3.285223
22.895995 3.285223
22.899133 3.285309
22.899133 3.285309
22.899133 3.285309
22.976037 3.287434
23.085643 3.290463
22.814914 3.282982
22.778964 3.281989
22.778964 3.281989
22.778964 3.281989
22.448696 3.272863
22.803025 3.282654
23.100375 3.290870
22.898944 3.285304
22.898944 3.285304
22.993188 3.287908
22.977206 3.287467
22.898919 3.285303
22.911891 3.285662
23.000511 3.288111
23.180102 3.293073
23.339459 3.297476
23.047736 3.289415
23.086282 3.290480
23.086282 3.290480
22.833956 3.283508
23.866914 3.312050
23.866914 3.312050
24.028202 3.316507
24.028202 3.316507
24.099092 3.318466
24.366345 3.325850
24.517519 3.330027
23.619633 3.305218
24.026175 3.316451
24.468188 3.328664
24.334276 3.324964
23.931856 3.313845
23.610112 3.304954
23.603348 3.304768
23.626044 3.305395
23.647860 3.305997
23.687746 3.307100
23.388129 3.298821
23.344508 3.297616
23.674732 3.306740
22.630925 3.277899
22.594882 3.276903
22.605632 3.277200
23.707903 3.307657
24.039964 3.316832
24.060933 3.317411
24.060933 3.317411
24.054563 3.317235
24.124100 3.319157
24.178236 3.320652
24.161524 3.320191
23.802051 3.310258
23.628074 3.305451
23.325312 3.297085
23.325312 3.297085
23.622008 3.305283
23.583290 3.304213
23.583290 3.304213
23.627868 3.305445
23.556161 3.303464
23.556161 3.303464
23.404129 3.299263
23.435044 3.300117
23.926442 3.313695
24.099019 3.318464
23.880969 3.312439
23.877751 3.312350
23.823669 3.310855
23.823669 3.310855
24.035053 3.316696
24.035053 3.316696
24.026906 3.316471
23.980293 3.315183
24.011000 3.316031
24.054019 3.317220
24.204883 3.321389
24.204883 3.321389
24.254353 3.322756
24.335193 3.324989
24.533705 3.330474
24.616376 3.332759
24.616376 3.332759
24.616376 3.332759
24.084847 3.318072
24.097152 3.318412
24.117202 3.318966
26.221162 3.377101
26.221162 3.377101
26.198780 3.376482
26.267748 3.378388
26.307819 3.379495
26.351943 3.380714
26.351943 3.380714
26.351943 3.380714
26.351943 3.380714
26.347970 3.380604
26.117638 3.374240
26.074379 3.373045
26.157665 3.375346
26.157665 3.375346
26.458475 3.383658
26.500826 3.384828
26.366792 3.381124
26.364541 3.381062
26.374435 3.381336
26.335345 3.380256
26.503185 3.384893
26.536217 3.385806
27.023847 3.399280
27.093171 3.401195
26.709269 3.390587
26.733039 3.391244
26.750054 3.391714
26.750054 3.391714
26.591724 3.387340
26.713214 3.390696
26.746015 3.391603
26.746015 3.391603
29.214205 3.459802
29.382290 3.464446
28.908771 3.451362
28.400274 3.437312
28.758240 3.447203
28.828964 3.449157
27.114724 3.401791
27.403178 3.409761
27.453512 3.411152
27.206069 3.404315
27.358729 3.408533
27.030676 3.399468
27.049476 3.399988
27.172014 3.403374
27.055713 3.400160
27.080024 3.400832
27.202871 3.404226
27.194526 3.403996
27.225179 3.404843
27.283480 3.406454
27.033329 3.399542
26.966446 3.397694
27.024717 3.399304
27.201310 3.404183
27.165749 3.403200
27.085423 3.400981
27.100635 3.401401
26.906612 3.396040
26.935974 3.396852
26.935974 3.396852
26.935974 3.396852
26.977504 3.397999
26.968131 3.397740
27.201014 3.404175
27.203029 3.404231
26.906372 3.396034
26.777288 3.392467
26.704133 3.390446
26.710600 3.390624
26.609665 3.387835
26.627666 3.388333
26.740157 3.391441
26.881885 3.395357
26.984951 3.398205
26.984537 3.398193
26.984537 3.398193
26.984537 3.398193
26.984537 3.398193
27.189153 3.403847
27.212223 3.404485
27.182225 3.403656
27.280019 3.406358
27.485298 3.412030
27.268209 3.406032
27.998439 3.426209
27.998439 3.426209
28.630364 3.443669
28.468624 3.439200
28.786069 3.447972
28.752013 3.447031
28.478340 3.439469
28.528171 3.440846
28.526849 3.440809
28.521188 3.440653
28.614356 3.443227
28.530181 3.440901
28.556985 3.441642
28.538283 3.441125
28.815038 3.448772
28.805582 3.448511
28.710755 3.445891
28.653895 3.444320
29.038747 3.454953
28.874286 3.450409
28.886288 3.450741
28.886288 3.450741
28.983617 3.453430
29.014079 3.454272
28.657033 3.444406
28.657033 3.444406
28.474623 3.439366
28.363449 3.436294
28.655563 3.444366
28.119308 3.429548
28.119308 3.429548
28.115921 3.429455
27.933183 3.424406
27.829440 3.421539
27.794811 3.420582
28.212961 3.432136
29.196449 3.459311
28.813986 3.448743
28.785342 3.447952
28.756240 3.447147
28.723508 3.446243
28.723508 3.446243
28.723508 3.446243
28.742065 3.446756
28.758388 3.447207
28.758388 3.447207
28.778450 3.447761
28.971635 3.453099
28.986797 3.453518
29.151091 3.458058
29.101505 3.456687
29.101505 3.456687
29.101505 3.456687
29.101505 3.456687
29.169509 3.458567
30.080461 3.483737
29.897325 3.478677
29.847660 3.477305
29.792894 3.475791
29.700723 3.473245
29.719008 3.473750
29.719008 3.473750
29.172789 3.458657
29.172789 3.458657
29.172789 3.458657
29.298945 3.462143
29.620009 3.471014
29.640577 3.471583
29.331044 3.463030
28.830779 3.449207
28.830779 3.449207
28.392150 3.437087
28.350637 3.435940
28.572254 3.442064
28.555434 3.441599
28.456309 3.438860
28.422842 3.437935
28.545581 3.441327
28.364941 3.436335
28.364941 3.436335
28.384304 3.436870
28.397224 3.437227
28.098163 3.428964
28.032475 3.427149
28.098969 3.428986
28.098969 3.428986
26.328347 3.380062
26.328347 3.380062
26.216310 3.376966
26.995470 3.398496
26.995470 3.398496
26.985757 3.398227
26.985757 3.398227
27.015134 3.399039
27.012221 3.398958
27.046978 3.399919
27.020873 3.399197
27.020873 3.399197
27.733780 3.418896
27.733780 3.418896
28.004381 3.426373
28.011412 3.426567
28.480400 3.439526
28.521556 3.440663
28.043363 3.427450
27.916104 3.423934
27.916425 3.423942
27.985856 3.425861
27.989453 3.425960
28.940138 3.452229
28.791793 3.448130
28.791793 3.448130
28.707876 3.445811
28.663166 3.444576
28.564278 3.441843
28.635459 3.443810
28.388376 3.436983
28.384072 3.436864
27.823286 3.421369
27.861083 3.422413
27.511789 3.412762
27.378811 3.409088
27.378811 3.409088
27.409350 3.409931
27.409350 3.409931
27.370826 3.408867
27.415010 3.410088
28.349539 3.435910
28.367525 3.436407
28.367525 3.436407
28.280803 3.434011
27.937187 3.424516
27.929722 3.424310
27.988104 3.425923
27.720285 3.418523
27.720285 3.418523
27.565483 3.414246
27.560210 3.414100
27.732059 3.418848
27.732059 3.418848
27.717789 3.418454
27.717789 3.418454
27.717789 3.418454
27.584524 3.414772
28.183659 3.431326
28.606871 3.443020
28.699721 3.445586
28.296565 3.434446
28.420580 3.437873
28.547953 3.441392
28.453497 3.438782
28.119357 3.429550
27.939620 3.424583
27.953133 3.424957
27.953133 3.424957
27.909081 3.423740
27.895602 3.423367
27.853250 3.422197
27.769333 3.419878
27.905192 3.423632
27.768891 3.419866
27.768891 3.419866
27.758953 3.419591
27.670692 3.417153
27.627742 3.415966
27.627742 3.415966
27.706865 3.418152
27.997657 3.426187
28.104464 3.429138
28.107232 3.429215
28.064038 3.428021
27.983856 3.425806
27.983856 3.425806
27.983856 3.425806
28.012524 3.426598
28.012524 3.426598
28.240354 3.432893
28.125662 3.429724
28.149091 3.430371
28.110130 3.429295
27.831515 3.421596
27.769743 3.419890
27.831553 3.421597
27.720410 3.418526
27.846431 3.422008
27.681844 3.417461
27.676784 3.417321
27.651161 3.416613
27.751235 3.419378
27.978069 3.425646
27.985204 3.425843
28.503302 3.440159
28.368448 3.436432
28.368448 3.436432
28.502779 3.440144
28.519977 3.440619
28.455792 3.438846
28.425498 3.438009
28.425498 3.438009
28.409745 3.437573
28.308129 3.434766
27.932224 3.424379
27.926369 3.424217
27.638994 3.416277
27.788507 3.420408
27.505251 3.412581
27.482904 3.411964
27.482904 3.411964
27.463639 3.411432
27.455615 3.411210
27.445080 3.410919
27.328617 3.407701
27.401145 3.409705
27.292737 3.406709
27.355739 3.408450
27.356686 3.408476
27.356686 3.408476
27.307215 3.407109
27.232951 3.405057
27.232951 3.405057
28.306594 3.434723
28.281387 3.434027
28.603235 3.442920
28.456197 3.438857
28.303724 3.434644
28.160067 3.430675
28.279041 3.433962
28.248674 3.433123
28.299169 3.434518
28.224254 3.432448
28.224254 3.432448
28.245549 3.433037
28.256828 3.433348
28.361615 3.436244
28.175113 3.431090
28.192953 3.431583
27.773840 3.420003
27.913080 3.423850
27.913080 3.423850
27.907872 3.423706
27.904331 3.423608
27.899883 3.423485
27.930938 3.424344
27.399339 3.409655
27.399339 3.409655
27.769655 3.419887
27.807468 3.420932
27.748814 3.419311
27.748814 3.419311
27.687071 3.417605
27.409779 3.409943
27.281027 3.406386
27.354746 3.408423
27.354746 3.408423
27.396656 3.409581
27.432594 3.410574
27.432594 3.410574
26.981818 3.398118
26.981818 3.398118
26.935678 3.396843
26.870817 3.395051
27.701387 3.418001
27.678640 3.417372
27.716934 3.418430
27.943496 3.424690
27.896303 3.423386
27.923740 3.424145
27.807756 3.420940
27.513675 3.412814
27.573698 3.414473
27.341582 3.408059
27.341582 3.408059
27.535838 3.413426
27.509943 3.412711
27.509943 3.412711
27.693090 3.417771
27.713716 3.418341
27.713716 3.418341
27.713716 3.418341
27.713716 3.418341
27.713716 3.418341
27.713716 3.418341
27.710567 3.418254
27.677296 3.417335
27.677296 3.417335
27.854290 3.422226
27.854290 3.422226
28.198558 3.431738
28.334998 3.435508
28.334998 3.435508
28.501761 3.440116
28.520379 3.440630
28.569323 3.441983
28.569323 3.441983
28.569323 3.441983
28.561297 3.441761
28.555638 3.441605
28.555638 3.441605
28.343245 3.435736
28.226826 3.432519
28.087282 3.428663
27.950044 3.424871
27.952846 3.424949
27.952846 3.424949
28.026004 3.426970
28.043117 3.427443
27.874428 3.422782
27.877334 3.422862
27.877334 3.422862
27.884037 3.423048
27.929951 3.424316
27.712878 3.418318
27.658722 3.416822
27.673524 3.417231
27.546717 3.413727
27.553893 3.413925
27.475216 3.411751
27.470271 3.411615
27.444084 3.410891
27.520172 3.412994
27.532939 3.413346
27.491160 3.412192
27.262975 3.405887
27.192660 3.403944
27.135315 3.402360
27.500873 3.412460
27.500873 3.412460
27.555088 3.413958
27.322330 3.407527
27.352692 3.408366
27.352692 3.408366
27.294306 3.406753
27.109290 3.401640
27.099029 3.401357
27.173352 3.403411
27.141570 3.402532
27.584121 3.414761
27.676941 3.417325
27.600869 3.415223
27.600869 3.415223
27.600869 3.415223
27.619540 3.415739
27.624009 3.415863
27.642672 3.416378
28.236765 3.432794
28.340869 3.435670
28.329484 3.435356
27.774305 3.420016
27.660749 3.416878
27.647388 3.416509
27.647388 3.416509
27.484122 3.411998
27.284230 3.406474
27.429855 3.410498
27.402059 3.409730
27.378764 3.409086
27.432365 3.410567
27.082602 3.400903
26.761793 3.392039
26.785310 3.392689
26.840022 3.394200
26.812466 3.393439
26.812466 3.393439
26.812466 3.393439
26.583380 3.387109
26.581762 3.387064
26.596617 3.387475
26.385477 3.381641
26.601626 3.387613
26.601626 3.387613
26.396646 3.381949
26.878296 3.395258
26.875952 3.395193
26.875952 3.395193
26.397935 3.381985
26.471040 3.384005
26.453604 3.383523
26.286492 3.378906
26.178034 3.375909
26.046839 3.372284
25.801164 3.365496
25.818963 3.365987
25.909419 3.368487
26.061671 3.372694
26.249944 3.377896
26.232352 3.377410
26.258030 3.378119
26.300423 3.379291
26.331207 3.380141
26.745720 3.391595
26.685779 3.389938
26.894059 3.395693
26.734587 3.391287
26.688709 3.390019
26.688709 3.390019
26.655034 3.389089
26.156869 3.375324
26.156869 3.375324
26.035485 3.371970
25.963744 3.369988
26.078422 3.373157
26.146409 3.375035
26.086080 3.373368
25.938690 3.369296
26.229964 3.377344
26.364152 3.381052
26.485816 3.384413
26.596855 3.387481
26.576535 3.386920
26.576535 3.386920
26.576535 3.386920
26.588407 3.387248
26.338545 3.380344
26.896634 3.395765
26.857300 3.394678
26.187529 3.376171
26.209557 3.376780
26.209557 3.376780
26.201054 3.376545
26.273868 3.378557
26.273868 3.378557
26.263275 3.378264
26.337739 3.380322
26.337739 3.380322
26.363317 3.381028
26.274125 3.378564
26.282875 3.378806
26.276190 3.378621
26.149322 3.375116
26.149322 3.375116
26.149322 3.375116
25.877122 3.367594
25.915186 3.368646
25.936637 3.369239
25.900937 3.368252
25.892034 3.368006
25.542167 3.358339
25.434993 3.355378
25.353205 3.353118
25.249670 3.350257
25.284024 3.351206
25.284024 3.351206
25.284024 3.351206
25.478240 3.356573
25.412832 3.354766
25.345335 3.352901
24.957093 3.342173
24.827549 3.338594
24.561777 3.331250
24.643522 3.333509
24.576274 3.331651
24.576274 3.331651
24.576274 3.331651
24.410736 3.327077
24.395443 3.326654
24.412076 3.327114
24.431176 3.327641
24.337762 3.325060
24.010406 3.316015
24.100367 3.318501
24.175732 3.320583
24.200807 3.321276
24.200807 3.321276
24.302464 3.324085
24.300051 3.324018
24.277687 3.323400
24.328623 3.324808
24.344844 3.325256
24.397142 3.326701
24.412025 3.327112
24.382728 3.326303
24.388465 3.326461
24.295297 3.323887
24.305125 3.324158
24.290659 3.323759
24.290659 3.323759
24.275241 3.323333
24.264212 3.323028
24.229486 3.322068
24.404188 3.326896
24.320414 3.324581
24.445284 3.328031
24.626934 3.333050
24.688679 3.334756
24.698590 3.335030
24.603875 3.332413
24.603875 3.332413
24.652552 3.333758
24.659489 3.333950
24.661846 3.334015
24.672977 3.334323
24.679325 3.334498
24.998726 3.343323
24.998726 3.343323
25.220872 3.349461
25.220872 3.349461
25.115381 3.346547
24.526005 3.330262
24.507024 3.329737
24.507024 3.329737
23.920921 3.313542
23.836244 3.311203
23.962495 3.314691
23.878919 3.312382
23.878919 3.312382
24.019081 3.316255
24.019081 3.316255
24.138372 3.319551
24.059708 3.317377
24.043266 3.316923
24.416679 3.327241
24.383698 3.326329
24.369386 3.325934
24.716125 3.335515
24.282580 3.323535
24.321802 3.324619
24.335348 3.324994
24.335348 3.324994
25.599414 3.359921
25.876028 3.367564
25.911522 3.368545
25.135686 3.347108
25.131654 3.346996
25.123921 3.346783
25.127371 3.346878
25.127371 3.346878
25.139077 3.347201
25.122398 3.346741
25.216638 3.349345
24.830448 3.338674
24.848768 3.339180
24.835883 3.338824
24.835883 3.338824
24.658312 3.333917
24.703990 3.335180
24.588294 3.331983
24.583823 3.331859
24.583823 3.331859
24.583823 3.331859
24.583823 3.331859
24.404491 3.326904
24.500516 3.329557
24.568489 3.331435
24.462410 3.328504
25.023179 3.343999
25.023179 3.343999
25.037148 3.344385
25.604806 3.360070
25.529739 3.357996
25.470529 3.356360
25.455513 3.355945
25.031130 3.344219
25.128905 3.346920
25.052318 3.344804
24.928911 3.341394
24.891600 3.340363
24.545077 3.330789
24.649595 3.333676
24.649595 3.333676
24.616033 3.332749
24.518799 3.330062
24.624769 3.332991
24.329153 3.324822
24.322213 3.324631
24.200708 3.321273
23.718648 3.307953
23.617055 3.305146
23.671138 3.306641
23.792475 3.309993
23.609044 3.304925
23.679578 3.306874
23.736148 3.308437
23.736148 3.308437
23.666639 3.306516
23.751600 3.308864
23.925414 3.313667
23.925414 3.313667
23.876352 3.312311
24.507214 3.329742
24.599362 3.332289
24.599362 3.332289
24.599362 3.332289
24.618333 3.332813
24.597052 3.332225
24.135215 3.319464
24.177172 3.320623
24.177172 3.320623
24.177172 3.320623
24.177172 3.320623
24.753429 3.336546
24.759418 3.336711
24.730296 3.335906
24.730296 3.335906
25.648157 3.361268
25.737967 3.363749
25.765338 3.364506
25.784679 3.365040
25.975176 3.370304
26.049230 3.372350
26.191358 3.376277
25.969466 3.370146
25.935880 3.369218
25.935880 3.369218
26.008685 3.371230
26.029458 3.371804
26.029458 3.371804
25.963706 3.369987
25.889814 3.367945
25.906796 3.368414
25.906796 3.368414
25.904988 3.368364
25.984980 3.370575
25.994756 3.370845
26.152173 3.375194
26.182760 3.376039
26.073646 3.373025
26.067054 3.372842
26.542509 3.385980
26.356924 3.380852
26.321051 3.379861
27.166855 3.403231
26.726471 3.391063
26.671107 3.389533
26.183300 3.376054
26.134256 3.374699
26.134256 3.374699
26.134256 3.374699
26.265022 3.378312
26.373367 3.381306
26.362996 3.381020
26.337509 3.380315
26.392141 3.381825
26.378826 3.381457
26.378826 3.381457
26.310199 3.379561
26.339631 3.380374
26.339631 3.380374
26.381392 3.381528
26.429583 3.382859
26.419300 3.382575
26.366445 3.381115
26.343756 3.380488
25.987943 3.370656
25.969999 3.370161
25.944827 3.369465
26.062681 3.372722
26.089342 3.373458
26.053631 3.372472
26.006832 3.371178
25.958803 3.369851
26.003287 3.371080
26.002408 3.371056
25.968918 3.370131
25.500906 3.357199
25.440462 3.355529
25.411471 3.354728
25.423989 3.355074
25.921389 3.368818
26.027703 3.371755
26.060439 3.372660
25.801015 3.365491
25.840702 3.366588
25.840702 3.366588
25.005253 3.343504
24.814189 3.338224
24.767023 3.336921
24.776863 3.337193
24.923471 3.341244
24.954054 3.342089
24.832706 3.338736
24.872314 3.339830
24.876614 3.339949
24.847712 3.339151
24.953987 3.342087
25.303185 3.351736
25.283728 3.351198
25.283728 3.351198
25.256384 3.350443
25.241870 3.350042
25.112715 3.346473
25.614868 3.360348
25.875839 3.367559
26.126792 3.374493
26.088720 3.373441
25.845170 3.366711
25.845170 3.366711
25.857197 3.367044
25.664354 3.361715
25.664354 3.361715
25.679746 3.362141
25.633953 3.360875
25.533053 3.358087
25.628304 3.360719
25.628304 3.360719
25.628762 3.360732
25.594954 3.359798
26.556507 3.386366
26.277674 3.378662
26.247145 3.377818
26.342043 3.380441
26.342043 3.380441
26.245267 3.377767
26.245267 3.377767
26.245267 3.377767
26.227092 3.377264
25.779136 3.364887
25.746137 3.363975
25.789547 3.365175
25.816143 3.365909
25.796903 3.365378
25.683011 3.362231
25.683011 3.362231
25.693415 3.362518
25.741244 3.363840
25.697215 3.362623
25.550061 3.358557
25.568702 3.359072
25.652667 3.361392
25.652667 3.361392
25.623979 3.360600
25.395922 3.354298
25.469451 3.356330
25.528538 3.357963
25.448049 3.355739
25.441739 3.355564
25.850247 3.366852
25.866847 3.367310
25.866847 3.367310
25.835419 3.366442
25.820637 3.366034
25.820637 3.366034
25.889220 3.367929
26.043206 3.372183
26.043206 3.372183
25.685239 3.362292
25.774119 3.364748
25.757729 3.364295
25.745827 3.363967
25.658745 3.361560
25.648242 3.361270
25.648242 3.361270
24.720092 3.335624
24.455931 3.328325
24.311340 3.324330
24.300934 3.324043
24.224044 3.321918
24.251090 3.322665
24.263612 3.323011
24.239376 3.322342
24.207588 3.321463
24.024900 3.316416
24.022272 3.316343
24.022272 3.316343
24.014131 3.316118
23.938544 3.314029
24.115144 3.318909
24.115144 3.318909
24.193234 3.321067
24.273736 3.323291
24.273736 3.323291
24.256306 3.322809
24.441821 3.327935
24.319642 3.324560
24.030393 3.316567
24.011039 3.316033
24.169387 3.320408
24.416969 3.327249
24.460429 3.328450
24.489903 3.329264
24.477279 3.328915
24.477279 3.328915
24.462803 3.328515
24.425179 3.327476
24.362003 3.325730
24.250027 3.322636
24.477575 3.328923
24.714016 3.335457
27.277800 3.406297
27.362826 3.408646
27.709346 3.418221
27.739864 3.419064
27.743306 3.419159
27.596430 3.415101
27.596430 3.415101
27.633305 3.416120
27.584721 3.414777
27.555685 3.413975
25.337485 3.352684
25.590918 3.359686
25.591823 3.359711
25.662978 3.361677
25.662978 3.361677
25.703854 3.362807
25.711695 3.363023
25.723655 3.363354
25.787126 3.365108
25.847334 3.366771
25.847334 3.366771
26.131538 3.374624
26.145935 3.375022
26.043190 3.372183
26.002564 3.371060
26.002564 3.371060
25.955152 3.369750
25.827957 3.366236
25.827957 3.366236
26.077266 3.373125
26.157012 3.375328
25.944748 3.369463
26.372795 3.381290
26.544332 3.386030
26.624351 3.388241
26.575771 3.386899
26.637268 3.388598
26.609380 3.387827
26.337223 3.380307
26.335686 3.380265
26.258301 3.378127
26.234498 3.377469
26.108481 3.373987
25.805718 3.365621
25.812655 3.365813
25.541884 3.358331
25.471276 3.356380
25.447522 3.355724
25.386258 3.354031
25.407016 3.354605
25.368535 3.353542
25.442109 3.355575
25.773177 3.364722
25.763984 3.364468
25.836389 3.366469
25.798872 3.365432
25.475773 3.356505
25.365087 3.353446
25.255257 3.350412
25.198839 3.348853
25.576399 3.359285
25.576399 3.359285
25.460946 3.356095
25.162902 3.347860
25.272145 3.350878
25.188235 3.348560
25.475397 3.356494
25.475397 3.356494
25.405325 3.354558
26.000178 3.370995
26.000178 3.370995
26.049686 3.372363
26.029142 3.371795
26.098298 3.373706
26.614350 3.387965
26.615121 3.387986
26.635361 3.388545
26.608797 3.387811
27.410611 3.409966
27.114322 3.401780
26.991050 3.398373
27.108364 3.401615
27.017170 3.399095
26.947812 3.397179
26.947812 3.397179
26.933117 3.396773
27.039382 3.399709
27.058956 3.400250
27.047322 3.399928
26.600272 3.387576
26.600272 3.387576
26.600272 3.387576
27.428246 3.410454
27.402238 3.409735
27.690609 3.417703
28.103258 3.429105
27.976770 3.425610
26.672331 3.389567
26.308828 3.379523
26.312320 3.379619
26.312320 3.379619
26.359231 3.380916
26.251752 3.377946
26.171773 3.375736
25.816784 3.365927
25.988768 3.370679
25.923427 3.368874
25.930994 3.369083
25.920772 3.368800
25.899508 3.368213
25.917191 3.368702
25.877261 3.367598
25.893025 3.368034
25.838267 3.366521
25.838267 3.366521
25.841746 3.366617
25.866080 3.367289
25.771376 3.364673
26.192014 3.376295
26.123090 3.374391
26.289693 3.378994
26.412391 3.382384
26.470884 3.384001
26.582057 3.387072
26.500801 3.384827
26.520795 3.385380
26.245441 3.377771
26.291678 3.379049
26.321681 3.379878
26.277982 3.378671
26.179598 3.375952
25.712739 3.363052
25.640172 3.361047
25.722773 3.363330
25.652715 3.361394
25.659630 3.361585
25.787115 3.365107
25.831361 3.366330
25.623913 3.360598
25.661550 3.361638
25.576111 3.359277
25.698479 3.362658
25.530350 3.358013
25.530350 3.358013
24.706595 3.335251
24.706595 3.335251
24.729301 3.335879
24.671937 3.334294
24.665064 3.334104
24.665064 3.334104
24.665064 3.334104
24.665064 3.334104
24.665780 3.334124
24.741078 3.336204
24.740668 3.336193
24.269554 3.323176
24.158491 3.320107
24.815762 3.338268
24.857304 3.339416
24.857304 3.339416
24.932862 3.341503
24.757324 3.336653
24.820478 3.338398
24.891916 3.340372
24.857143 3.339411
24.934388 3.341546
24.926607 3.341331
24.910349 3.340881
25.189304 3.348589
24.886443 3.340221
24.797451 3.337762
24.671699 3.334287
24.780922 3.337305
24.808586 3.338070
25.296925 3.351563
25.296925 3.351563
25.314408 3.352046
25.271224 3.350853
25.493108 3.356984
25.566259 3.359005
25.566259 3.359005
25.576858 3.359298
25.599045 3.359911
25.509727 3.357443
25.608913 3.360183
25.608913 3.360183
25.681545 3.362190
27.122409 3.402003
27.154871 3.402900
27.486851 3.412073
27.528952 3.413236
27.066692 3.400463
27.051635 3.400047
26.729539 3.391148
26.747923 3.391656
26.747923 3.391656
26.741477 3.391477
26.741477 3.391477
26.787559 3.392751
26.677883 3.389720
26.971870 3.397843
26.994817 3.398477
26.987474 3.398275
26.925355 3.396558
27.007161 3.398819
27.065595 3.400433
27.150885 3.402790
27.213841 3.404529
27.275001 3.406219
27.142387 3.402555
27.093304 3.401199
26.699941 3.390330
26.161092 3.375441
25.967464 3.370091
25.412837 3.354766
25.995607 3.370868
26.303035 3.379363
26.276824 3.378639
26.180374 3.375974
26.188223 3.376190
26.110794 3.374051
26.032811 3.371896
25.956990 3.369801
26.340917 3.380410
26.304381 3.379400
26.283267 3.378817
26.330701 3.380127
25.144415 3.347349
25.150141 3.347507
25.016401 3.343812
25.700493 3.362714
25.724456 3.363376
25.211064 3.349190
25.619549 3.360477
25.688908 3.362394
25.778750 3.364876
25.822353 3.366081
25.892228 3.368012
26.293081 3.379088
26.219405 3.377052
25.870969 3.367424
24.411137 3.327088
24.209293 3.321510
24.147269 3.319797
24.262138 3.322971
24.307621 3.324227
24.307621 3.324227
24.329250 3.324825
24.383723 3.326330
24.342928 3.325203
24.424162 3.327448
24.424908 3.327468
23.940663 3.314088
24.011721 3.316051
24.064159 3.317500
24.686478 3.334696
24.686478 3.334696
24.626883 3.333049
24.218780 3.321773
24.587345 3.331956
24.540648 3.330666
24.809677 3.338100
24.153480 3.319968
24.133496 3.319416
24.025146 3.316422
24.458788 3.328404
24.513855 3.329926
24.513855 3.329926
24.413605 3.327156
24.406957 3.326972
24.280156 3.323469
24.295808 3.323901
25.028240 3.344139
25.043237 3.344553
25.037200 3.344386
24.200367 3.321264
24.305068 3.324157
24.386185 3.326398
24.416247 3.327229
24.416247 3.327229
24.495357 3.329415
24.496263 3.329440
24.419653 3.327323
24.343702 3.325224
24.647208 3.333611
24.654275 3.333806
24.531935 3.330425
25.392347 3.354200
25.392347 3.354200
25.206192 3.349056
25.289874 3.351368
25.432375 3.355306
25.443998 3.355627
25.724099 3.363366
25.724099 3.363366
26.284098 3.378840
26.342100 3.380442
26.516350 3.385257
26.551752 3.386235
26.590777 3.387313
25.928676 3.369019
25.984161 3.370552
26.398221 3.381993
26.720498 3.390898
26.612403 3.387911
26.654896 3.389085
26.463885 3.383807
26.528323 3.385588
26.847465 3.394406
27.147048 3.402684
27.205699 3.404304
27.259018 3.405778
27.259018 3.405778
27.438818 3.410746
27.454184 3.411170
27.316625 3.407369
27.316625 3.407369
26.695562 3.390209
26.813623 3.393471
26.813623 3.393471
27.137454 3.402419
27.219640 3.404690
27.180022 3.403595
25.959298 3.369865
25.815014 3.365878
25.790686 3.365206
26.084697 3.373330
26.127856 3.374522
26.127856 3.374522
26.542764 3.385987
26.385700 3.381647
26.431768 3.382920
26.297123 3.379199
26.206759 3.376703
26.197066 3.376435
26.169986 3.375687
26.138992 3.374830
26.071740 3.372972
26.021193 3.371575
25.964318 3.370004
25.844810 3.366702
25.810822 3.365762
24.893893 3.340427
24.877701 3.339979
24.861695 3.339537
25.202317 3.348949
25.184809 3.348465
25.184809 3.348465
25.184809 3.348465
25.417075 3.354883
25.330705 3.352496
24.956512 3.342157
24.956512 3.342157
24.944306 3.341820
24.944306 3.341820
24.878735 3.340008
24.725513 3.335774
24.740750 3.336195
23.625985 3.305393
23.686125 3.307055
24.088083 3.318161
23.536448 3.302919
23.522812 3.302542
23.483843 3.301466
23.483843 3.301466
23.345678 3.297648
23.266906 3.295471
23.278194 3.295783
23.412717 3.299500
23.485592 3.301514
23.432769 3.300054
23.432769 3.300054
23.271013 3.295585
23.267096 3.295477
23.089215 3.290562
23.763511 3.309193
23.729558 3.308255
23.805053 3.310341
23.842532 3.311376
23.875714 3.312293
23.703198 3.307527
23.703198 3.307527
24.422967 3.327415
24.435290 3.327755
24.379381 3.326210
24.436492 3.327788
24.485005 3.329129
24.402249 3.326842
24.429472 3.327594
24.376384 3.326127
24.376384 3.326127
24.332880 3.324925
24.246315 3.322533
24.229281 3.322063
24.229281 3.322063
24.127420 3.319248
24.136006 3.319486
24.118087 3.318990
24.118087 3.318990
24.334168 3.324961
24.334168 3.324961
24.261353 3.322949
24.269320 3.323169
24.219061 3.321780
24.304717 3.324147
24.315727 3.324451
24.248400 3.322591
24.461906 3.328490
23.867873 3.312077
23.105205 3.291003
23.113119 3.291222
23.149807 3.292236
23.176655 3.292978
23.176655 3.292978
23.207621 3.293833
23.177537 3.293002
23.177537 3.293002
23.447650 3.300465
24.434037 3.327720
24.471015 3.328742
24.471015 3.328742
23.666680 3.306518
23.627808 3.305443
23.331233 3.297249
23.050045 3.289479
23.056701 3.289663
22.732149 3.280695
22.732149 3.280695
21.879138 3.257126
21.879138 3.257126
22.075018 3.262538
22.149763 3.264603
22.025204 3.261162
22.026108 3.261187
22.018487 3.260976
22.130578 3.264073
22.130578 3.264073
22.096478 3.263131
22.060037 3.262124
22.183665 3.265540
22.244784 3.267229
22.566312 3.276113
22.487795 3.273944
22.677390 3.279182
22.667914 3.278921
22.755332 3.281336
22.773993 3.281852
22.615128 3.277462
22.652761 3.278502
22.756068 3.281356
22.756068 3.281356
22.737498 3.280843
22.728276 3.280588
22.961706 3.287038
22.961706 3.287038
23.047417 3.289407
22.995934 3.287984
23.026097 3.288818
22.951816 3.286765
22.982843 3.287622
22.626105 3.277765
22.643534 3.278247
22.558651 3.275902
22.642106 3.278207
22.676435 3.279156
22.676435 3.279156
22.355770 3.270296
22.178143 3.265388
22.161187 3.264919
22.200342 3.266001
22.255511 3.267525
22.203119 3.266078
22.203119 3.266078
21.959950 3.259359
21.787096 3.254583
21.869562 3.256861
21.883651 3.257251
21.780518 3.254401
21.802190 3.255000
21.794479 3.254787
22.282626 3.268275
22.298041 3.268701
22.506915 3.274472
22.718309 3.280313
22.729698 3.280628
22.686452 3.279433
22.607935 3.277263
22.607935 3.277263
22.623016 3.277680
22.562044 3.275995
22.561870 3.275990
22.561870 3.275990
22.472285 3.273515
22.549038 3.275636
22.765266 3.281610
22.765266 3.281610
22.784698 3.282147
23.199531 3.293610
22.840401 3.283687
22.900264 3.285341
22.891768 3.285106
22.891768 3.285106
22.449222 3.272878
22.452470 3.272968
22.393500 3.271338
22.128211 3.264008
21.655723 3.250953
21.484054 3.246209
21.484054 3.246209
21.484054 3.246209
21.484874 3.246232
21.907666 3.257914
22.005879 3.260628
22.037882 3.261512
22.251952 3.267427
22.266312 3.267824
22.354980 3.270274
22.375695 3.270846
22.403631 3.271618
22.827320 3.283325
22.725212 3.280504
22.835184 3.283542
22.890467 3.285070
22.890467 3.285070
22.835451 3.283550
22.656000 3.278591
22.722117 3.280418
22.722117 3.280418
22.719399 3.280343
22.688169 3.279480
22.639318 3.278130
22.638402 3.278105
22.480880 3.273753
22.480880 3.273753
22.496812 3.274193
22.230785 3.266842
22.230785 3.266842
22.080404 3.262687
22.162815 3.264964
22.326481 3.269486
22.326481 3.269486
22.388655 3.271204
22.360105 3.270415
22.348360 3.270091
22.099939 3.263227
21.663659 3.251172
21.677026 3.251541
21.581414 3.248899
21.584157 3.248975
21.260427 3.240030
21.200604 3.238377
20.692691 3.224343
20.618084 3.222282
20.880847 3.229542
20.873935 3.229351
20.855766 3.228849
20.981316 3.232318
20.958488 3.231687
21.115798 3.236034
21.717827 3.252669
21.528722 3.247443
21.528722 3.247443
21.441443 3.245032
21.652709 3.250869
22.255935 3.267537
22.202448 3.266059
22.206614 3.266174
22.228816 3.266788
22.228816 3.266788
22.427030 3.272265
22.372754 3.270765
22.389512 3.271228
22.482828 3.273806
22.511046 3.274586
22.522176 3.274894
22.522176 3.274894
22.408478 3.271752
22.857739 3.284166
23.066076 3.289922
23.066563 3.289936
23.066220 3.289926
23.108062 3.291082
22.982226 3.287605
22.982226 3.287605
22.839202 3.283653
22.790712 3.282314
22.901007 3.285361
22.849096 3.283927
22.925111 3.286027
22.764342 3.281585
22.576209 3.276387
22.663861 3.278809
22.617009 3.277514
22.822689 3.283197
22.910169 3.285614
23.049057 3.289452
23.005583 3.288251
22.651318 3.278462
22.651318 3.278462
22.651318 3.278462
22.672918 3.279059
22.735979 3.280801
23.343859 3.297598
22.326376 3.269483
22.326376 3.269483
22.326376 3.269483
22.272511 3.267995
22.272511 3.267995
22.266293 3.267823
22.170605 3.265179
22.083270 3.262766
22.100038 3.263230
22.100038 3.263230
22.370346 3.270698
22.384560 3.271091
22.279110 3.268177
22.279110 3.268177
22.269838 3.267921
22.235055 3.266960
22.257895 3.267591
22.374271 3.270807
22.417158 3.271992
22.417158 3.271992
22.319722 3.269300
22.449602 3.272888
22.335191 3.269727
21.909503 3.257965
22.025565 3.261172
22.389732 3.271234
22.366353 3.270588
22.672891 3.279058
22.702036 3.279863
22.788432 3.282251
22.646257 3.278322
22.577212 3.276414
22.508365 3.274512
22.569641 3.276205
22.569641 3.276205
22.569641 3.276205
22.529176 3.275087
22.588333 3.276722
22.613425 3.277415
22.744668 3.281041
22.619208 3.277575
22.593255 3.276858
22.593255 3.276858
22.517941 3.274777
22.563667 3.276040
22.603514 3.277141
22.688534 3.279490
22.800825 3.282593
22.812252 3.282909
22.748030 3.281134
22.756653 3.281372
22.977392 3.287472
23.015315 3.288520
23.015315 3.288520
23.713898 3.307822
23.718060 3.307937
23.711158 3.307746
23.666926 3.306524
23.489643 3.301626
23.567279 3.303771
23.567279 3.303771
23.554094 3.303407
23.714047 3.307826
23.714047 3.307826
23.705155 3.307581
23.792332 3.309989
23.792332 3.309989
23.859258 3.311839
23.773330 3.309464
23.857407 3.311788
23.769616 3.309362
23.890113 3.312691
23.826892 3.310944
23.806059 3.310369
23.881360 3.312449
23.880647 3.312430
23.871018 3.312164
23.878618 3.312374
23.685745 3.307044
23.726018 3.308157
23.726018 3.308157
23.739687 3.308535
23.800356 3.310211
23.771774 3.309421
23.627875 3.305445
23.627875 3.305445
23.627875 3.305445
23.531118 3.302772
23.430452 3.299990
23.453888 3.300638
22.902415 3.285400
22.948885 3.286684
22.844639 3.283804
22.527980 3.275054
22.497671 3.274217
22.629153 3.277850
22.629153 3.277850
22.645441 3.278300
22.722712 3.280435
22.514896 3.274692
22.509863 3.274553
22.968845 3.287236
22.931785 3.286212
22.997685 3.288032
22.613088 3.277406
22.703004 3.279890
22.631786 3.277922
22.759356 3.281447
22.713118 3.280170
22.649773 3.278419
22.758094 3.281412
22.834202 3.283515
22.805194 3.282714
22.775740 3.281900
22.746085 3.281081
22.653844 3.278532
22.612442 3.277388
22.612442 3.277388
22.415588 3.271949
22.388192 3.271192
22.395952 3.271406
22.356230 3.270308
22.197849 3.265932
22.316378 3.269207
22.314121 3.269145
22.301419 3.268794
22.106152 3.263398
22.100558 3.263244
21.987345 3.260116
21.918180 3.258205
21.899308 3.257683
21.907880 3.257920
22.023418 3.261112
21.917588 3.258188
21.917588 3.258188
21.936716 3.258717
21.984103 3.260026
21.984103 3.260026
21.984103 3.260026
22.145013 3.264472
22.348389 3.270092
22.403977 3.271628
22.415312 3.271941
22.340912 3.269885
22.332467 3.269652
22.338143 3.269809
22.315447 3.269182
22.377867 3.270906
22.484111 3.273842
22.485597 3.273883
22.666854 3.278891
22.606794 3.277232
22.161441 3.264926
22.150395 3.264621
22.168686 3.265126
22.290863 3.268502
22.295368 3.268627
22.298336 3.268709
22.298336 3.268709
22.405572 3.271672
22.275652 3.268082
22.275652 3.268082
22.270897 3.267951
22.270897 3.267951
22.188145 3.265664
22.189047 3.265689
22.171748 3.265211
22.065755 3.262282
21.950035 3.259085
21.943643 3.258908
21.952975 3.259166
22.068909 3.262369
21.993293 3.260280
22.068811 3.262367
22.068811 3.262367
21.884355 3.257270
21.936229 3.258703
22.009546 3.260729
21.975073 3.259777
21.989020 3.260162
21.930815 3.258554
21.930815 3.258554
21.826634 3.255675
21.570455 3.248597
21.592488 3.249205
21.592488 3.249205
21.596031 3.249303
21.614194 3.249805
21.603404 3.249507
21.697310 3.252102
21.691326 3.251936
21.592564 3.249207
21.592564 3.249207
21.603719 3.249516
21.548604 3.247993
21.533434 3.247574
21.446500 3.245172
21.428786 3.244682
21.718050 3.252675
21.535263 3.247624
21.518102 3.247150
21.518102 3.247150
21.495861 3.246535
21.397687 3.243823
21.406185 3.244058
21.493648 3.246474
21.522562 3.247273
21.522562 3.247273
21.647525 3.250726
21.618748 3.249931
21.618748 3.249931
21.643003 3.250601
21.537478 3.247685
21.485554 3.246251
21.485554 3.246251
21.471824 3.245871
21.399790 3.243881
21.397867 3.243828
21.474192 3.245937
21.474192 3.245937
21.454364 3.245389
21.454364 3.245389
21.454364 3.245389
21.499754 3.246643
21.603893 3.249521
21.628545 3.250202
21.548484 3.247990
21.570780 3.248606
21.547098 3.247951
21.541330 3.247792
21.541330 3.247792
21.907164 3.257900
21.907164 3.257900
22.027841 3.261235
21.994259 3.260307
21.836945 3.255960
21.806656 3.255123
21.820268 3.255499
21.876686 3.257058
21.876686 3.257058
21.873994 3.256984
21.734800 3.253138
21.721368 3.252766
22.295955 3.268643
22.315595 3.269186
22.465562 3.273329
22.613661 3.277421
22.637447 3.278079
22.676355 3.279154
22.676355 3.279154
22.307094 3.268951
22.402252 3.271580
22.402252 3.271580
22.507848 3.274498
22.527991 3.275054
22.636780 3.278060
22.768197 3.281691
23.374828 3.298453
23.350048 3.297769
23.350048 3.297769
23.289575 3.296098
23.187449 3.293276
23.248824 3.294972
23.579434 3.304107
23.726334 3.308166
24.075180 3.317805
24.189711 3.320969
24.252164 3.322695
24.332506 3.324915
24.332506 3.324915
24.339362 3.325104
24.328998 3.324818
24.328998 3.324818
24.373640 3.326052
24.193974 3.321087
24.325245 3.324714
24.056783 3.317296
24.196788 3.321165
24.101192 3.318524
24.150014 3.319873
24.147935 3.319815
24.028360 3.316511
24.094344 3.318334
23.462577 3.300878
23.497542 3.301844
23.713523 3.307812
23.653001 3.306140
24.081259 3.317973
24.085401 3.318087
24.085401 3.318087
24.226958 3.321999
24.176140 3.320594
24.278478 3.323422
24.262175 3.322972
24.422064 3.327390
24.334957 3.324983
24.321009 3.324597
24.354881 3.325533
24.319113 3.324545
24.349027 3.325371
24.392207 3.326565
24.372802 3.326028
24.205030 3.321393
24.297379 3.323944
24.871896 3.339819
24.871896 3.339819
24.818156 3.338334
24.776440 3.337181
24.776440 3.337181
24.776440 3.337181
24.445181 3.328028
24.466965 3.328630
24.484859 3.329125
24.484859 3.329125
25.352122 3.353088
25.424010 3.355074
25.406656 3.354595
25.146544 3.347408
25.109737 3.346391
25.136546 3.347131
25.136546 3.347131
25.059581 3.345005
25.564380 3.358953
25.564380 3.358953
25.513034 3.357534
25.844713 3.366699
25.753185 3.364170
26.061305 3.372684
25.650066 3.361321
25.473580 3.356444
24.939067 3.341675
24.938687 3.341664
25.002047 3.343415
24.949630 3.341967
24.962331 3.342318
25.129507 3.346937
25.120837 3.346697
25.078759 3.345535
25.078759 3.345535
25.090964 3.345872
25.092554 3.345916
25.001865 3.343410
24.797023 3.337750
24.790518 3.337570
24.793682 3.337658
24.943733 3.341804
25.042808 3.344541
25.025426 3.344061
25.025426 3.344061
24.865192 3.339634
24.900645 3.340613
24.745809 3.336335
25.021724 3.343959
25.030432 3.344199
24.912092 3.340930
25.084862 3.345703
25.408698 3.354651
25.408698 3.354651
25.512200 3.357511
25.512200 3.357511
25.286807 3.351283
25.538517 3.358238
25.568231 3.359059
25.563651 3.358933
25.586096 3.359553
25.377045 3.353777
24.951908 3.342030
25.053062 3.344825
24.888530 3.340279
24.840176 3.338942
24.911184 3.340904
24.924552 3.341274
24.197281 3.321179
23.817147 3.310675
23.771744 3.309421
23.804660 3.310330
23.793562 3.310023
23.928128 3.313742
23.928128 3.313742
23.814935 3.310614
24.042212 3.316894
24.146490 3.319775
24.655626 3.333843
24.670801 3.334262
26.311484 3.379596
26.593973 3.387402
26.638157 3.388623
26.614889 3.387980
26.412015 3.382374
26.463798 3.383805
24.916291 3.341046
24.916291 3.341046
24.771026 3.337032
24.771026 3.337032
24.648724 3.333652
24.965102 3.342394
24.396551 3.326685
24.488979 3.329239
24.341808 3.325172
24.257723 3.322849
24.227486 3.322013
23.765824 3.309257
23.765956 3.309261
23.765956 3.309261
23.735534 3.308420
23.735368 3.308415
23.830429 3.311042
23.830429 3.311042
23.830429 3.311042
23.775641 3.309528
23.829655 3.311021
23.749208 3.308798
23.846477 3.311485
23.511613 3.302233
23.385738 3.298755
23.275260 3.295702
23.275260 3.295702
23.275260 3.295702
23.206228 3.293795
23.209282 3.293879
23.449697 3.300522
23.442344 3.300319
23.442344 3.300319
23.988680 3.315415
24.762649 3.336800
24.673182 3.334328
24.696753 3.334980
24.698653 3.335032
24.713914 3.335454
24.717885 3.335563
24.802109 3.337891
24.141905 3.319648
24.003818 3.315833
24.042606 3.316905
23.861287 3.311895
23.909969 3.313240
23.859964 3.311858
23.966488 3.314802
23.999969 3.315727
24.024983 3.316418
23.984838 3.315309
23.940326 3.314079
23.159903 3.292515
23.176243 3.292966
22.832592 3.283471
22.625148 3.277739
22.625148 3.277739
22.718697 3.280324
22.718697 3.280324
23.047005 3.289395
22.834462 3.283522
22.834462 3.283522
22.720136 3.280364
22.902158 3.285393
22.976203 3.287439
22.593319 3.276859
22.584738 3.276622
22.596833 3.276957
22.597212 3.276967
22.714474 3.280207
22.727010 3.280553
22.769868 3.281738
22.782611 3.282090
22.466140 3.273345
22.511964 3.274611
22.511964 3.274611
22.426403 3.272247
22.405565 3.271672
22.307192 3.268953
22.307192 3.268953
22.286538 3.268383
22.271542 3.267968
22.356776 3.270323
22.345265 3.270005
22.359890 3.270410
22.359890 3.270410
22.444648 3.272751
22.383584 3.271064
22.278578 3.268163
22.279921 3.268200
21.820607 3.255509
22.202528 3.266061
22.186981 3.265632
22.782291 3.282081
22.754613 3.281316
22.740047 3.280914
22.887358 3.284984
22.758563 3.281425
22.758563 3.281425
22.758563 3.281425
22.737886 3.280854
22.764199 3.281581
22.764199 3.281581
22.798865 3.282539
22.771070 3.281771
22.605188 3.277187
22.605188 3.277187
22.575931 3.276379
22.747903 3.281131
22.629812 3.277868
22.629812 3.277868
22.600556 3.277059
22.736919 3.280827
22.786221 3.282190
22.767069 3.281660
23.284276 3.295951
23.245274 3.294874
23.131580 3.291732
23.129926 3.291686
23.147001 3.292158
23.103562 3.290958
23.121843 3.291463
23.143981 3.292075
24.354024 3.325510
24.070360 3.317672
24.105735 3.318649
23.968017 3.314844
23.931625 3.313838
24.170967 3.320452
24.146032 3.319763
24.146032 3.319763
24.006813 3.315916
23.994879 3.315586
24.067579 3.317595
24.086010 3.318104
24.139514 3.319582
23.914225 3.313357
24.386476 3.326406
24.471000 3.328742
24.342225 3.325184
24.374144 3.326065
24.474174 3.328829
24.556321 3.331099
25.248266 3.350218
25.429082 3.355215
26.055616 3.372526
26.079157 3.373177
25.997474 3.370920
25.778308 3.364864
25.553016 3.358639
25.535348 3.358151
25.532358 3.358068
25.900418 3.368238
25.293074 3.351457
25.312855 3.352003
25.413586 3.354786
25.022906 3.343991
24.616273 3.332756
24.385506 3.326379
24.411967 3.327111
24.361382 3.325713
24.466857 3.328627
24.388977 3.326475
24.420841 3.327356
24.450323 3.328170
24.540250 3.330655
24.540250 3.330655
24.570868 3.331501
24.543943 3.330757
24.591721 3.332077
24.548462 3.330882
24.788019 3.337501
24.788019 3.337501
24.822809 3.338463
24.849019 3.339187
24.828608 3.338623
24.781945 3.337333
24.665386 3.334113
24.610467 3.332595
24.560792 3.331223
24.241540 3.322402
24.261215 3.322945
24.527094 3.330292
24.493271 3.329357
24.493271 3.329357
24.506858 3.329733
24.506858 3.329733
24.285566 3.323618
24.190234 3.320984
24.676457 3.334419
24.661616 3.334009
24.947886 3.341919
24.943420 3.341795
24.984852 3.342940
24.976992 3.342723
24.881795 3.340092
24.834796 3.338794
24.834796 3.338794
23.730520 3.308281
23.709097 3.307690
23.728089 3.308214
23.776038 3.309539
23.776038 3.309539
23.759023 3.309069
23.851418 3.311622
23.962730 3.314698
23.955327 3.314493
23.937300 3.313995
24.304067 3.324129
24.325464 3.324720
24.395327 3.326651
24.434003 3.327719
24.464108 3.328551
24.525187 3.330239
24.527801 3.330311
24.533353 3.330465
24.253207 3.322724
24.249309 3.322616
24.225925 3.321970
24.085837 3.318099
23.657441 3.306262
23.911242 3.313275
23.942686 3.314144
23.978902 3.315145
23.976691 3.315083
23.893545 3.312786
23.893545 3.312786
23.454086 3.300643
23.371424 3.298359
23.096383 3.290760
23.100292 3.290868
23.100292 3.290868
23.298936 3.296356
23.330197 3.297220
23.481399 3.301398
23.513136 3.302275
23.539588 3.303006
23.598941 3.304646
23.598941 3.304646
23.622380 3.305293
23.605611 3.304830
23.546436 3.303195
23.788383 3.309880
23.883833 3.312518
23.878081 3.312359
23.752031 3.308876
23.752031 3.308876
23.750624 3.308837
23.847009 3.311500
23.898554 3.312924
23.898554 3.312924
24.050073 3.317111
23.784199 3.309765
23.784199 3.309765
23.770728 3.309392
23.574739 3.303977
23.552029 3.303350
23.552029 3.303350
23.796921 3.310116
23.902724 3.313040
23.902724 3.313040
23.904242 3.313082
23.688105 3.307110
23.696832 3.307351
23.973824 3.315004
24.084052 3.318050
24.040914 3.316858
24.114582 3.318894
24.110215 3.318773
24.194688 3.321107
24.250978 3.322662
24.198438 3.321211
24.181708 3.320748
24.326389 3.324746
24.350674 3.325417
24.280119 3.323467
24.336897 3.325036
24.426030 3.327499
24.426030 3.327499
24.327284 3.324771
24.327284 3.324771
24.287500 3.323671
24.379180 3.326205
24.867058 3.339685
24.853500 3.339311
24.796465 3.337735
24.817860 3.338326
25.133322 3.347042
25.127934 3.346894
25.127934 3.346894
25.170233 3.348062
25.084421 3.345691
25.283001 3.351178
25.420900 3.354988
25.863987 3.367231
25.863987 3.367231
25.863987 3.367231
25.863987 3.367231
25.585725 3.359543
25.588547 3.359621
25.607624 3.360148
25.322943 3.352282
25.387654 3.354070
24.760115 3.336730
24.954155 3.342092
24.894755 3.340451
24.894755 3.340451
25.055974 3.344905
25.316778 3.352111
25.201796 3.348934
25.293588 3.351471
25.293588 3.351471
25.271022 3.350847
25.250711 3.350286
25.449476 3.355778
25.485525 3.356774
25.727613 3.363463
25.801113 3.365494
25.705338 3.362848
25.880170 3.367679
25.599088 3.359912
25.113622 3.346498
25.580039 3.359386
25.430384 3.355251
25.411432 3.354727
25.385570 3.354012
25.391315 3.354171
24.946181 3.341871
24.947150 3.341898
24.961851 3.342304
24.958103 3.342201
24.802363 3.337898
24.322654 3.324643
24.150814 3.319895
24.266878 3.323102
25.384836 3.353992
25.387774 3.354073
26.199067 3.376490
26.090182 3.373481
26.096768 3.373663
26.357986 3.380881
26.350409 3.380672
26.379534 3.381477
26.110499 3.374043
26.047327 3.372297
26.048826 3.372339
26.044384 3.372216
26.044384 3.372216
26.125203 3.374449
28.765686 3.447408
28.610983 3.443134
28.529091 3.440871
28.407425 3.437509
28.649663 3.444203
28.580532 3.442292
28.471412 3.439277
28.458435 3.438919
28.458435 3.438919
28.468052 3.439185
28.468052 3.439185
28.484057 3.439627
28.484957 3.439652
28.706980 3.445786
28.835755 3.449345
29.023742 3.454539
29.025666 3.454592
28.878809 3.450534
28.878157 3.450516
28.878157 3.450516
28.673450 3.444860
28.673450 3.444860
28.673450 3.444860
28.673450 3.444860
28.673450 3.444860
28.665992 3.444654
28.665992 3.444654
28.698236 3.445545
