20.867768 1.162506
20.347586 1.157331
19.646189 1.150354
18.525834 1.139210
18.390625 1.137865
17.288425 1.126901
16.355651 1.117623
15.399770 1.108114
15.464173 1.108755
15.276662 1.106890
14.585293 1.100013
14.635442 1.100511
13.672639 1.090934
13.781174 1.092014
13.637274 1.090583
13.009557 1.084339
12.079452 1.075087
12.008485 1.074381
12.000688 1.074303
11.463526 1.068960
11.427700 1.068603
10.954644 1.063898
10.873928 1.063095
11.274462 1.067079
11.706046 1.071372
11.702930 1.071341
11.449528 1.068821
11.715315 1.071464
11.715315 1.071464
11.715315 1.071464
11.730648 1.071617
11.367619 1.068006
11.472909 1.069053
11.419607 1.068523
11.884838 1.073151
11.399705 1.068325
10.944472 1.063797
10.814553 1.062504
10.763877 1.062000
10.764340 1.062005
10.751932 1.061881
10.776644 1.062127
10.658862 1.060956
10.142092 1.055815
10.400526 1.058386
10.323306 1.057618
9.798718 1.052400
10.584364 1.060215
10.150324 1.055897
10.197468 1.056366
10.082992 1.055227
10.192946 1.056321
9.895688 1.053364
9.693810 1.051356
9.124197 1.045690
9.114991 1.045599
9.155612 1.046003
9.155612 1.046003
9.212789 1.046571
9.212789 1.046571
9.026503 1.044718
9.039424 1.044847
9.038688 1.044840
9.034306 1.044796
9.470253 1.049132
9.424993 1.048682
9.414950 1.048582
9.289468 1.047334
9.341636 1.047853
9.422611 1.048658
9.496953 1.049398
9.639785 1.050819
9.759981 1.052014
9.773567 1.052150
9.736778 1.051784
9.658914 1.051009
9.652911 1.050949
9.559643 1.050022
9.370876 1.048144
9.521395 1.049641
9.530744 1.049734
9.077019 1.045221
9.131661 1.045764
9.567754 1.050102
9.571575 1.050140
9.418201 1.048615
10.095348 1.055350
9.897703 1.053384
9.581958 1.050244
9.581958 1.050244
9.581958 1.050244
9.581495 1.050239
9.581495 1.050239
9.518447 1.049612
9.518447 1.049612
9.457142 1.049002
9.433193 1.048764
9.464917 1.049079
9.471830 1.049148
9.435552 1.048787
9.396305 1.048397
9.396305 1.048397
9.411652 1.048549
9.424084 1.048673
9.384266 1.048277
9.334209 1.047779
9.325669 1.047694
9.717135 1.051588
9.127080 1.045719
9.085350 1.045304
8.713513 1.041605
8.779093 1.042257
8.762849 1.042096
8.762849 1.042096
8.740441 1.041873
8.847934 1.042942
9.232942 1.046772
9.230630 1.046749
9.145879 1.045906
9.217377 1.046617
9.221462 1.046658
9.214429 1.046588
9.200126 1.046445
8.087939 1.035382
8.230396 1.036799
8.211099 1.036607
8.280873 1.037301
8.363714 1.038125
7.515423 1.029687
7.546466 1.029996
7.579634 1.030326
7.579634 1.030326
7.658204 1.031108
7.540539 1.029937
7.520800 1.029741
7.756730 1.032088
7.760699 1.032127
7.737823 1.031900
7.633433 1.030861
7.596277 1.030492
7.540516 1.029937
7.507104 1.029605
7.407084 1.028610
7.337349 1.027916
7.334683 1.027889
8.178239 1.036280
8.185432 1.036352
8.239903 1.036894
7.529552 1.029828
7.391307 1.028453
7.457088 1.029107
7.438106 1.028918
7.444081 1.028978
7.481304 1.029348
7.561721 1.030148
7.589574 1.030425
7.603557 1.030564
7.576562 1.030295
7.984313 1.034351
7.984313 1.034351
7.990938 1.034417
7.990938 1.034417
7.958092 1.034091
7.958092 1.034091
8.081113 1.035314
8.081113 1.035314
8.081113 1.035314
8.102348 1.035526
7.820434 1.032721
7.814267 1.032660
7.735275 1.031874
7.735275 1.031874
7.735275 1.031874
8.084546 1.035348
8.038326 1.034889
7.758280 1.032103
7.613897 1.030667
7.614645 1.030674
7.600962 1.030538
7.727991 1.031802
7.713360 1.031656
7.711993 1.031643
7.634541 1.030872
7.662169 1.031147
7.718211 1.031704
7.673058 1.031255
7.734061 1.031862
7.816803 1.032685
7.871384 1.033228
7.930601 1.033817
7.938375 1.033895
7.933639 1.033847
7.698896 1.031512
7.672976 1.031255
7.654024 1.031066
7.654024 1.031066
8.902097 1.043481
8.902097 1.043481
9.041947 1.044872
8.960965 1.044066
8.956563 1.044023
8.911286 1.043572
8.929929 1.043758
8.941558 1.043873
8.948156 1.043939
8.947105 1.043929
8.784342 1.042310
8.780347 1.042270
9.172547 1.046171
9.780173 1.052215
9.718337 1.051600
9.640114 1.050822
9.793010 1.052343
9.827379 1.052685
9.830182 1.052713
9.420232 1.048635
9.438115 1.048813
9.232617 1.046769
9.213948 1.046583
9.212673 1.046570
9.210050 1.046544
9.222774 1.046671
9.315851 1.047597
9.305372 1.047492
9.308531 1.047524
9.371582 1.048151
9.373947 1.048174
9.317710 1.047615
9.083581 1.045286
9.044675 1.044899
9.044675 1.044899
9.404367 1.048477
9.293944 1.047379
9.302921 1.047468
9.333340 1.047770
9.046256 1.044915
9.046256 1.044915
9.052435 1.044976
9.051562 1.044968
8.511264 1.039593
8.587370 1.040350
8.543848 1.039917
8.532182 1.039801
8.532182 1.039801
8.520768 1.039688
8.602118 1.040497
8.602118 1.040497
8.602118 1.040497
9.437078 1.048802
9.619995 1.050622
8.967504 1.044131
8.973911 1.044195
9.135242 1.045800
9.136560 1.045813
9.136333 1.045811
9.138457 1.045832
9.197742 1.046422
9.178953 1.046235
9.179809 1.046243
9.235384 1.046796
8.347442 1.037964
8.397571 1.038462
8.397486 1.038461
8.378163 1.038269
8.023774 1.034744
8.023134 1.034738
7.978202 1.034291
7.984095 1.034349
8.196625 1.036463
8.215374 1.036650
8.232350 1.036819
8.233673 1.036832
8.283101 1.037324
7.961914 1.034129
7.935007 1.033861
7.931304 1.033824
8.182941 1.036327
8.183295 1.036331
8.228229 1.036778
8.234311 1.036838
8.222295 1.036719
8.091515 1.035418
8.187635 1.036374
8.160976 1.036109
8.161415 1.036113
8.520736 1.039687
8.468454 1.039167
8.547690 1.039955
8.547690 1.039955
8.563701 1.040115
8.558747 1.040065
8.557276 1.040051
8.263176 1.037125
8.217531 1.036671
7.717223 1.031695
7.697087 1.031494
7.635117 1.030878
7.635117 1.030878
7.632618 1.030853
7.622505 1.030752
7.614112 1.030669
7.427141 1.028809
7.430425 1.028842
7.495853 1.029493
7.180955 1.026360
7.182861 1.026379
7.182861 1.026379
8.064873 1.035153
8.076002 1.035264
7.971861 1.034228
7.977490 1.034284
7.962742 1.034137
7.942934 1.033940
7.968554 1.034195
7.836236 1.032879
8.099623 1.035498
8.104528 1.035547
8.078770 1.035291
8.146354 1.035963
8.202944 1.036526
8.202944 1.036526
8.287790 1.037370
8.160273 1.036102
8.157524 1.036074
8.277348 1.037266
8.147113 1.035971
8.144547 1.035945
8.173140 1.036230
8.284355 1.037336
8.273324 1.037226
8.280213 1.037295
8.275661 1.037250
8.406929 1.038555
8.391255 1.038399
8.381874 1.038306
8.404803 1.038534
8.402654 1.038513
8.021623 1.034723
7.979919 1.034308
7.664603 1.031171
7.677497 1.031300
7.564678 1.030177
7.529606 1.029828
7.366808 1.028209
7.420039 1.028739
7.337992 1.027922
7.534728 1.029879
7.532832 1.029860
7.390943 1.028449
7.445801 1.028995
7.537935 1.029911
7.884134 1.033355
7.937190 1.033883
7.948436 1.033995
7.978357 1.034292
8.000798 1.034515
7.981181 1.034320
7.807187 1.032590
7.807187 1.032590
7.786201 1.032381
7.774979 1.032269
7.754153 1.032062
7.754176 1.032062
7.859910 1.033114
7.652837 1.031054
7.652362 1.031049
7.611995 1.030648
7.611995 1.030648
7.649132 1.031017
7.676987 1.031294
7.797520 1.032493
7.797520 1.032493
7.896913 1.033482
8.076820 1.035272
8.028775 1.034794
7.987496 1.034383
7.972855 1.034237
7.995543 1.034463
8.003122 1.034539
8.002622 1.034534
7.844072 1.032956
7.848459 1.033000
7.848459 1.033000
7.985531 1.034364
7.984983 1.034358
7.919731 1.033709
7.902960 1.033542
7.933659 1.033848
7.910602 1.033618
7.767176 1.032192
7.766318 1.032183
7.585802 1.030387
7.437959 1.028917
7.456396 1.029100
7.328955 1.027832
7.328955 1.027832
7.326312 1.027806
7.348211 1.028024
7.328086 1.027824
7.326366 1.027807
7.314859 1.027692
7.303758 1.027582
7.191584 1.026466
7.191301 1.026463
7.138661 1.025940
7.141435 1.025967
7.141435 1.025967
7.172535 1.026277
7.148740 1.026040
7.144005 1.025993
7.144005 1.025993
7.817205 1.032689
7.885452 1.033368
7.870431 1.033219
7.915103 1.033663
7.917525 1.033687
7.787280 1.032392
7.787280 1.032392
7.790834 1.032427
7.634964 1.030876
7.663754 1.031163
7.734988 1.031871
7.635315 1.030880
7.635315 1.030880
7.587404 1.030403
7.592710 1.030456
8.014059 1.034647
8.014059 1.034647
8.019188 1.034698
8.102518 1.035527
8.220506 1.036701
8.237122 1.036866
8.262589 1.037120
8.270736 1.037201
8.273408 1.037227
8.161598 1.036115
8.161598 1.036115
8.075931 1.035263
7.935508 1.033866
7.567651 1.030207
7.563101 1.030162
7.676429 1.031289
7.878777 1.033302
7.878777 1.033302
8.439435 1.038879
8.451149 1.038995
8.779082 1.042257
8.840927 1.042872
8.840927 1.042872
8.702586 1.041496
8.686029 1.041332
8.683796 1.041309
8.682254 1.041294
8.675090 1.041223
8.907897 1.043539
9.094677 1.045396
9.097661 1.045426
9.098544 1.045435
9.239824 1.046840
9.222735 1.046670
9.174513 1.046191
9.204669 1.046491
9.217874 1.046622
9.216840 1.046612
9.222919 1.046672
9.222258 1.046666
8.120318 1.035704
8.120555 1.035707
8.123034 1.035731
8.123004 1.035731
8.123061 1.035732
8.124752 1.035748
8.143543 1.035935
8.153416 1.036034
8.130805 1.035809
8.123903 1.035740
7.901569 1.033528
8.237644 1.036871
8.214375 1.036640
8.204087 1.036538
8.148428 1.035984
8.282494 1.037318
7.820138 1.032718
7.815695 1.032674
7.845519 1.032971
8.346971 1.037959
8.839728 1.042860
8.994070 1.044396
8.997075 1.044426
8.997075 1.044426
8.909890 1.043558
8.891316 1.043374
8.813895 1.042603
8.868780 1.043149
8.868780 1.043149
9.014788 1.044602
9.014788 1.044602
9.021648 1.044670
9.035497 1.044808
9.637309 1.050794
9.660985 1.051030
9.637946 1.050800
9.633853 1.050760
10.262544 1.057013
9.711006 1.051527
9.707189 1.051489
9.758245 1.051997
9.573899 1.050163
9.573899 1.050163
9.539367 1.049820
9.694514 1.051363
9.609368 1.050516
9.619382 1.050616
9.484103 1.049270
9.497032 1.049399
9.401055 1.048444
8.833621 1.042800
8.785008 1.042316
8.767429 1.042141
8.871944 1.043181
8.697628 1.041447
8.703857 1.041509
8.679207 1.041264
8.689781 1.041369
8.689781 1.041369
8.542063 1.039899
8.549010 1.039969
8.556666 1.040045
8.541631 1.039895
8.548014 1.039959
8.583433 1.040311
8.688087 1.041352
8.684926 1.041321
9.311913 1.047557
9.267526 1.047116
9.248786 1.046929
9.311325 1.047551
9.311325 1.047551
9.243412 1.046876
9.505062 1.049479
9.455863 1.048989
9.452946 1.048960
9.054582 1.044998
9.123181 1.045680
9.075590 1.045207
9.072398 1.045175
9.134334 1.045791
9.135300 1.045801
9.129872 1.045747
9.191391 1.046358
9.120774 1.045656
9.206755 1.046511
9.237887 1.046821
9.145183 1.045899
9.167556 1.046121
9.100265 1.045452
9.102135 1.045471
9.102135 1.045471
9.028191 1.044735
9.203519 1.046479
8.571502 1.040192
8.571502 1.040192
8.571502 1.040192
8.550362 1.039982
8.550362 1.039982
8.538954 1.039869
8.669139 1.041164
8.757346 1.042041
8.788000 1.042346
8.752561 1.041993
9.294251 1.047382
9.354572 1.047982
9.372587 1.048161
9.448914 1.048920
9.530625 1.049733
9.540334 1.049829
9.540334 1.049829
9.610277 1.050525
9.610277 1.050525
9.619563 1.050618
9.656643 1.050986
9.654917 1.050969
9.484733 1.049276
9.486937 1.049298
9.573462 1.050159
9.555587 1.049981
9.562437 1.050049
9.663517 1.051055
9.677813 1.051197
9.782791 1.052241
9.809004 1.052502
9.806902 1.052481
9.852474 1.052934
9.852474 1.052934
9.751917 1.051934
9.772325 1.052137
9.745785 1.051873
9.745785 1.051873
9.688269 1.051301
9.688828 1.051307
9.677724 1.051196
9.678506 1.051204
9.580314 1.050227
9.581981 1.050244
9.681098 1.051230
9.705391 1.051471
9.624663 1.050668
9.635644 1.050778
9.877145 1.053180
9.974915 1.054152
9.974915 1.054152
9.942772 1.053833
9.834038 1.052751
9.532705 1.049754
9.546676 1.049893
9.546676 1.049893
9.468614 1.049116
9.482904 1.049258
9.565055 1.050075
9.717117 1.051588
9.630997 1.050731
9.611325 1.050536
9.678786 1.051207
9.533842 1.049765
9.910292 1.053510
9.892254 1.053330
9.868775 1.053097
9.896888 1.053376
9.905349 1.053460
9.833959 1.052750
9.973178 1.054135
9.975905 1.054162
9.928860 1.053694
9.838228 1.052793
9.860176 1.053011
9.789188 1.052305
9.845961 1.052870
9.788573 1.052299
9.795905 1.052372
9.812022 1.052532
9.737702 1.051793
9.768044 1.052095
9.768044 1.052095
9.803779 1.052450
9.732598 1.051742
9.742371 1.051839
9.708313 1.051500
9.665640 1.051076
9.672227 1.051141
9.626390 1.050686
9.598943 1.050412
9.584168 1.050266
9.563686 1.050062
9.559457 1.050020
9.559457 1.050020
9.507218 1.049500
9.528644 1.049713
9.524787 1.049675
9.598660 1.050410
9.638675 1.050808
9.638199 1.050803
9.666346 1.051083
9.685055 1.051269
9.686350 1.051282
9.695794 1.051376
9.605933 1.050482
9.605933 1.050482
9.610284 1.050525
9.513170 1.049559
9.513170 1.049559
9.750691 1.051922
9.736486 1.051781
9.740490 1.051820
9.740490 1.051820
9.738396 1.051800
9.767103 1.052085
9.752376 1.051939
9.778777 1.052201
10.264166 1.057030
10.264166 1.057030
12.620983 1.080473
12.622774 1.080491
12.612617 1.080390
12.661094 1.080872
12.925731 1.083505
12.922457 1.083472
12.936297 1.083610
12.926248 1.083510
13.127047 1.085507
13.130620 1.085543
13.108681 1.085325
13.351727 1.087742
13.344130 1.087667
13.353273 1.087758
13.393691 1.088160
13.449134 1.088711
13.450476 1.088724
13.448048 1.088700
13.397945 1.088202
13.382945 1.088053
13.134534 1.085582
13.088484 1.085124
13.014823 1.084391
12.936965 1.083616
12.934715 1.083594
12.939851 1.083645
12.933606 1.083583
12.976074 1.084005
12.943086 1.083677
12.939293 1.083640
12.901787 1.083266
12.775095 1.082006
12.793868 1.082193
12.782031 1.082075
12.833422 1.082586
13.358926 1.087814
13.303385 1.087261
13.303721 1.087265
13.309081 1.087318
13.311461 1.087342
13.317123 1.087398
13.715464 1.091360
13.381067 1.088034
13.268776 1.086917
13.357418 1.087799
13.258685 1.086817
13.268547 1.086915
14.118385 1.095368
14.094605 1.095132
13.650993 1.090719
14.561050 1.099771
14.822315 1.102370
14.822315 1.102370
14.775450 1.101904
14.776048 1.101910
14.329945 1.097473
14.302444 1.097199
14.302444 1.097199
14.239411 1.096572
14.228941 1.096468
14.178220 1.095963
14.172904 1.095911
14.075661 1.094943
14.075661 1.094943
14.096341 1.095149
13.075143 1.084991
13.064847 1.084888
13.015697 1.084400
13.029674 1.084539
13.079593 1.085035
13.079593 1.085035
13.088139 1.085120
13.095535 1.085194
13.071038 1.084950
12.993750 1.084181
13.088133 1.085120
12.737799 1.081635
12.722377 1.081482
11.801730 1.072324
11.814626 1.072452
11.759559 1.071905
11.759559 1.071905
11.759559 1.071905
11.733586 1.071646
12.025364 1.074549
12.051044 1.074804
12.044554 1.074739
11.990448 1.074201
11.958789 1.073886
11.978934 1.074087
12.064388 1.074937
12.062180 1.074915
12.022214 1.074517
12.018177 1.074477
12.018177 1.074477
12.030826 1.074603
12.028779 1.074583
12.010171 1.074397
12.004627 1.074342
12.004627 1.074342
12.036835 1.074663
12.109004 1.075381
12.197808 1.076264
12.197425 1.076260
12.206284 1.076348
12.423715 1.078511
12.413276 1.078407
12.441610 1.078689
12.459537 1.078867
12.477711 1.079048
12.521822 1.079487
12.502282 1.079293
12.489311 1.079164
12.300177 1.077282
12.283300 1.077114
12.322350 1.077503
12.189205 1.076178
12.194550 1.076231
12.179127 1.076078
12.180981 1.076097
12.172185 1.076009
12.132566 1.075615
12.132445 1.075614
12.076343 1.075056
12.189194 1.076178
12.186373 1.076150
12.118643 1.075476
12.115973 1.075450
12.115973 1.075450
12.115973 1.075450
12.135051 1.075640
12.067420 1.074967
12.074090 1.075033
12.083060 1.075122
12.066796 1.074961
12.066796 1.074961
11.920696 1.073507
11.920696 1.073507
11.917582 1.073476
11.891111 1.073213
11.791460 1.072222
11.803738 1.072344
11.412106 1.068448
11.497847 1.069301
11.536009 1.069681
11.381254 1.068141
11.384141 1.068170
11.414864 1.068476
11.420928 1.068536
11.420928 1.068536
11.419425 1.068521
11.392708 1.068255
11.394422 1.068272
11.373643 1.068066
11.382346 1.068152
11.800210 1.072309
11.801620 1.072323
12.029402 1.074589
11.993093 1.074228
12.388723 1.078163
12.379802 1.078074
12.380619 1.078082
12.340000 1.077678
10.108509 1.055481
10.101354 1.055410
10.098087 1.055378
10.416210 1.058542
10.416210 1.058542
10.416210 1.058542
10.424698 1.058626
10.424483 1.058624
10.422143 1.058601
10.407620 1.058457
10.337159 1.057756
10.330151 1.057686
10.299697 1.057383
10.331421 1.057699
10.331421 1.057699
10.272197 1.057109
7.985916 1.034367
7.976097 1.034270
7.959617 1.034106
7.957704 1.034087
7.948646 1.033997
8.057867 1.035083
8.036303 1.034869
8.135305 1.035853
7.869891 1.033213
7.880634 1.033320
7.699039 1.031514
7.716180 1.031684
7.728649 1.031808
7.530533 1.029838
7.539963 1.029931
7.543135 1.029963
7.427597 1.028814
7.301782 1.027562
7.296320 1.027508
7.279313 1.027339
7.223410 1.026783
7.226573 1.026814
7.031104 1.024870
7.023406 1.024793
7.009059 1.024650
6.996352 1.024524
7.034294 1.024901
7.034294 1.024901
6.990298 1.024464
6.990322 1.024464
7.129007 1.025844
7.121528 1.025769
7.156468 1.026117
7.156529 1.026117
7.052206 1.025080
7.055514 1.025113
7.052931 1.025087
7.054548 1.025103
7.070779 1.025264
7.060929 1.025166
7.042679 1.024985
7.116487 1.025719
7.126325 1.025817
7.063757 1.025195
7.071017 1.025267
6.939597 1.023959
7.025950 1.024818
7.062019 1.025177
6.999406 1.024554
7.063291 1.025190
7.085503 1.025411
7.025103 1.024810
7.196791 1.026518
7.211843 1.026668
7.222939 1.026778
6.700019 1.021576
6.652668 1.021105
6.688611 1.021463
6.789645 1.022468
6.866245 1.023230
6.868879 1.023256
6.928726 1.023851
6.898600 1.023552
6.911032 1.023675
6.912251 1.023687
6.983751 1.024399
7.044677 1.025005
6.923888 1.023803
6.925509 1.023819
6.918888 1.023753
6.923808 1.023802
6.929632 1.023860
6.937088 1.023935
6.914636 1.023711
7.224797 1.026796
7.222207 1.026771
7.229977 1.026848
7.229977 1.026848
7.229977 1.026848
7.162924 1.026181
7.240788 1.026955
7.243764 1.026985
7.238699 1.026935
7.250214 1.027049
7.237344 1.026921
7.243475 1.026982
7.243475 1.026982
7.267233 1.027219
7.271088 1.027257
7.313306 1.027677
6.893138 1.023497
6.908762 1.023653
6.892570 1.023492
6.892570 1.023492
6.941787 1.023981
6.979508 1.024356
7.031888 1.024878
6.942194 1.023985
6.837318 1.022942
6.732476 1.021899
6.715449 1.021730
6.818770 1.022758
6.818770 1.022758
6.879023 1.023357
7.186727 1.026418
7.125454 1.025808
7.137277 1.025926
7.228222 1.026830
6.915783 1.023723
6.931737 1.023881
6.934837 1.023912
6.919457 1.023759
6.917748 1.023742
7.029223 1.024851
6.926075 1.023825
6.930851 1.023872
6.941357 1.023977
6.943880 1.024002
6.832564 1.022895
6.825291 1.022822
6.813018 1.022700
6.814433 1.022714
6.757928 1.022152
6.757928 1.022152
6.757928 1.022152
6.744259 1.022016
6.741142 1.021985
6.735524 1.021930
6.732506 1.021899
6.761268 1.022186
6.753358 1.022107
6.704603 1.021622
7.229940 1.026848
7.394480 1.028484
7.359323 1.028135
7.311825 1.027662
7.311470 1.027659
7.468071 1.029216
7.472413 1.029259
7.467559 1.029211
7.468414 1.029220
7.471665 1.029252
7.484792 1.029383
7.490379 1.029438
7.520402 1.029737
7.543657 1.029968
7.546922 1.030001
7.621858 1.030746
7.708458 1.031607
7.763165 1.032152
7.682914 1.031353
7.700409 1.031527
7.623196 1.030759
7.616899 1.030697
7.622304 1.030750
7.619299 1.030721
7.615053 1.030678
7.603800 1.030566
7.479516 1.029330
7.426980 1.028808
7.416038 1.028699
7.457967 1.029116
7.458799 1.029124
7.462984 1.029166
7.436146 1.028899
7.476862 1.029304
7.476862 1.029304
7.473242 1.029268
7.533457 1.029867
7.534343 1.029876
7.527264 1.029805
7.589525 1.030424
7.677623 1.031301
7.683791 1.031362
8.024825 1.034754
8.054930 1.035054
7.958398 1.034094
7.948266 1.033993
7.968364 1.034193
7.946211 1.033972
7.957318 1.034083
7.947950 1.033990
7.946082 1.033971
7.940978 1.033920
7.855148 1.033067
7.898295 1.033496
7.990000 1.034408
8.006585 1.034573
8.014538 1.034652
8.014538 1.034652
8.014563 1.034652
8.014563 1.034652
8.004580 1.034553
8.532288 1.039802
8.554166 1.040020
8.532637 1.039806
8.278200 1.037275
8.281947 1.037312
8.320229 1.037693
8.437461 1.038859
8.421674 1.038702
8.332584 1.037816
8.332584 1.037816
8.336393 1.037854
8.311627 1.037607
8.282273 1.037315
8.282273 1.037315
8.208968 1.036586
8.220892 1.036705
8.161796 1.036117
8.352368 1.038013
8.588418 1.040361
8.727564 1.041745
8.711922 1.041589
8.943346 1.043891
8.906625 1.043526
8.907387 1.043533
8.923172 1.043690
8.671296 1.041185
8.707177 1.041542
8.708306 1.041553
8.703085 1.041501
8.700532 1.041476
8.760352 1.042071
8.633334 1.040807
8.765976 1.042127
8.818406 1.042648
8.818406 1.042648
8.830127 1.042765
8.830127 1.042765
8.838237 1.042846
8.872977 1.043191
9.106631 1.045515
8.660732 1.041080
8.572286 1.040200
8.566006 1.040138
8.548976 1.039968
8.635652 1.040830
8.700925 1.041480
8.730526 1.041774
8.487360 1.039355
8.536025 1.039839
8.530731 1.039787
8.539792 1.039877
8.532152 1.039801
8.513663 1.039617
8.516325 1.039643
8.531618 1.039796
8.528027 1.039760
8.527335 1.039753
8.507155 1.039552
8.504073 1.039522
8.485844 1.039340
8.246674 1.036961
8.193065 1.036428
8.197224 1.036469
8.195394 1.036451
8.249451 1.036989
8.246349 1.036958
8.237495 1.036870
8.236375 1.036859
8.236375 1.036859
8.204920 1.036546
8.170400 1.036203
8.179029 1.036288
8.218344 1.036679
8.207983 1.036576
8.219567 1.036692
8.245732 1.036952
8.221052 1.036706
8.224407 1.036740
8.226758 1.036763
8.261412 1.037108
8.279908 1.037292
8.278777 1.037281
8.287010 1.037362
8.254596 1.037040
8.255198 1.037046
8.257725 1.037071
8.235606 1.036851
8.145500 1.035955
8.222997 1.036726
8.345197 1.037941
8.274968 1.037243
8.141148 1.035912
8.159347 1.036093
8.164065 1.036139
8.172369 1.036222
8.178929 1.036287
8.182437 1.036322
8.290590 1.037398
8.385278 1.038340
8.378932 1.038277
8.531874 1.039798
8.567183 1.040149
8.465455 1.039137
8.400408 1.038490
8.426560 1.038751
8.387473 1.038362
8.408946 1.038575
8.433935 1.038824
8.374018 1.038228
8.305639 1.037548
8.287716 1.037369
8.332005 1.037810
8.325623 1.037747
8.570018 1.040178
8.571561 1.040193
8.498832 1.039469
8.504322 1.039524
8.611213 1.040587
8.560558 1.040083
8.572740 1.040205
8.636000 1.040834
8.644852 1.040922
8.644852 1.040922
9.009194 1.044546
8.855860 1.043021
8.855860 1.043021
8.858254 1.043045
8.740846 1.041877
8.738687 1.041855
8.837697 1.042840
8.624790 1.040722
8.391856 1.038405
8.391856 1.038405
8.471905 1.039202
8.475723 1.039240
8.696498 1.041436
8.703442 1.041505
8.702920 1.041500
9.176672 1.046212
9.181775 1.046263
9.204758 1.046491
9.204131 1.046485
9.206446 1.046508
9.199168 1.046436
9.198444 1.046429
9.186657 1.046311
9.191130 1.046356
9.200690 1.046451
7.990807 1.034416
8.013547 1.034642
7.851819 1.033034
7.858996 1.033105
7.859007 1.033105
7.861329 1.033128
7.938231 1.033893
7.703334 1.031557
7.693381 1.031457
7.689880 1.031423
7.671903 1.031244
7.829097 1.032807
7.801139 1.032529
7.781014 1.032329
7.757565 1.032096
7.755996 1.032080
7.773827 1.032258
7.770976 1.032229
7.786351 1.032382
7.789879 1.032417
7.796527 1.032484
7.791408 1.032433
7.809554 1.032613
7.677903 1.031304
7.607467 1.030603
7.599605 1.030525
7.641377 1.030940
7.631490 1.030842
7.605021 1.030579
7.600099 1.030530
7.652337 1.031049
7.637303 1.030900
7.658140 1.031107
7.508774 1.029621
7.506199 1.029596
7.501069 1.029545
7.521583 1.029749
7.519226 1.029725
7.543702 1.029969
7.623208 1.030759
7.628943 1.030817
7.656538 1.031091
7.729483 1.031817
7.650115 1.031027
7.643075 1.030957
7.651815 1.031044
7.649217 1.031018
7.664594 1.031171
7.590658 1.030436
7.582381 1.030353
7.595164 1.030481
7.568381 1.030214
7.542038 1.029952
7.498822 1.029522
7.501679 1.029551
7.488105 1.029416
7.445886 1.028996
7.443969 1.028977
7.432302 1.028861
7.509847 1.029632
7.491358 1.029448
7.560071 1.030131
7.532299 1.029855
7.412040 1.028659
7.495732 1.029491
7.487553 1.029410
7.439940 1.028936
6.776899 1.022341
6.822982 1.022799
6.825076 1.022820
6.824255 1.022812
6.802930 1.022600
6.789497 1.022466
6.765909 1.022232
6.783589 1.022408
6.787129 1.022443
6.796053 1.022532
6.783299 1.022405
6.782462 1.022396
6.809113 1.022662
6.793796 1.022509
6.801680 1.022588
6.957779 1.024140
6.960461 1.024167
6.943077 1.023994
6.951498 1.024078
6.967005 1.024232
6.951224 1.024075
6.875721 1.023324
6.881442 1.023381
6.756436 1.022138
6.691845 1.021495
6.713565 1.021711
6.790274 1.022474
6.775921 1.022331
6.775921 1.022331
6.702637 1.021602
6.725493 1.021830
7.323896 1.027782
7.286557 1.027411
7.252984 1.027077
7.271546 1.027261
7.153075 1.026083
7.159862 1.026150
7.165035 1.026202
7.142248 1.025975
7.156476 1.026117
7.228503 1.026833
7.235144 1.026899
7.243775 1.026985
7.246757 1.027015
7.285645 1.027402
7.247382 1.027021
7.248826 1.027035
7.279510 1.027341
7.388694 1.028427
7.391078 1.028450
7.399426 1.028533
7.394313 1.028483
7.467808 1.029214
7.524536 1.029778
7.440707 1.028944
7.421330 1.028751
7.506286 1.029596
7.499013 1.029524
7.532102 1.029853
7.529815 1.029830
7.467246 1.029208
7.371543 1.028256
7.384035 1.028380
7.405765 1.028597
7.406224 1.028601
7.385863 1.028399
7.395408 1.028494
7.393585 1.028475
7.324878 1.027792
7.332923 1.027872
7.334593 1.027889
7.422468 1.028763
7.412047 1.028659
7.415530 1.028694
7.547942 1.030011
7.547739 1.030009
7.274037 1.027286
7.257968 1.027126
7.199400 1.026544
7.185465 1.026405
7.185465 1.026405
7.195873 1.026509
7.199105 1.026541
7.204511 1.026595
7.162409 1.026176
7.151200 1.026064
7.151393 1.026066
7.151854 1.026071
7.152669 1.026079
7.191285 1.026463
7.181727 1.026368
7.196811 1.026518
7.220137 1.026750
7.245635 1.027004
7.227653 1.026825
7.186548 1.026416
7.246488 1.027012
7.217263 1.026721
7.236690 1.026915
7.260636 1.027153
7.262721 1.027174
7.233194 1.026880
7.228852 1.026837
7.206081 1.026610
7.167735 1.026229
7.166294 1.026214
7.181196 1.026363
7.179475 1.026346
7.180374 1.026355
7.056519 1.025123
7.073121 1.025288
7.061277 1.025170
6.979945 1.024361
6.979070 1.024352
6.975462 1.024316
6.980194 1.024363
6.980729 1.024369
6.975034 1.024312
6.980937 1.024371
6.913604 1.023701
6.997246 1.024533
6.862660 1.023194
6.771708 1.022289
6.773596 1.022308
6.774972 1.022322
6.756654 1.022140
6.781322 1.022385
6.782290 1.022395
6.729936 1.021874
6.744907 1.022023
6.736078 1.021935
6.758074 1.022154
6.769089 1.022263
6.779717 1.022369
6.705347 1.021629
6.714186 1.021717
6.733812 1.021912
6.735494 1.021929
6.782098 1.022393
6.798800 1.022559
6.807526 1.022646
6.810646 1.022677
6.786995 1.022442
6.756409 1.022137
6.755000 1.022123
6.680204 1.021379
6.692045 1.021497
6.689721 1.021474
6.685242 1.021429
6.737571 1.021950
6.749675 1.022070
6.353150 1.018126
6.332539 1.017921
6.332820 1.017924
6.269489 1.017294
6.259114 1.017191
6.230657 1.016908
6.224742 1.016849
6.141116 1.016017
6.164241 1.016247
6.188621 1.016489
6.188621 1.016489
6.200847 1.016611
6.196582 1.016569
6.188295 1.016486
6.188295 1.016486
6.182787 1.016431
6.186270 1.016466
6.119255 1.015799
6.128327 1.015890
6.128327 1.015890
6.128161 1.015888
6.528818 1.019873
6.530156 1.019887
6.531355 1.019899
6.524013 1.019826
6.497591 1.019563
6.514651 1.019732
6.501060 1.019597
6.479709 1.019385
6.229665 1.016898
6.232194 1.016923
6.225579 1.016857
6.243514 1.017035
6.254415 1.017144
6.244582 1.017046
6.262038 1.017220
6.252034 1.017120
6.268679 1.017286
5.841373 1.013035
5.844520 1.013067
5.845227 1.013074
5.854462 1.013165
5.863287 1.013253
5.845149 1.013073
5.839492 1.013017
5.866537 1.013286
5.868126 1.013301
5.858284 1.013203
5.790374 1.012528
5.876291 1.013383
5.857936 1.013200
5.860580 1.013226
5.849083 1.013112
5.813673 1.012760
5.869240 1.013312
5.895489 1.013574
5.941934 1.014036
5.874430 1.013364
5.862206 1.013242
5.856478 1.013185
5.842638 1.013048
5.854408 1.013165
5.858526 1.013206
5.858886 1.013209
5.852534 1.013146
5.849655 1.013118
5.871367 1.013334
5.889814 1.013517
6.021209 1.014824
5.749596 1.012122
5.807601 1.012699
5.815579 1.012779
5.816248 1.012785
5.822533 1.012848
5.763533 1.012261
5.758439 1.012210
5.749144 1.012118
5.746533 1.012092
5.751488 1.012141
5.759491 1.012221
5.740406 1.012031
5.736356 1.011991
5.758244 1.012208
5.758482 1.012211
5.750839 1.012135
5.752704 1.012153
5.755672 1.012183
5.759056 1.012216
5.827767 1.012900
5.827225 1.012895
5.827334 1.012896
5.836135 1.012983
5.845034 1.013072
5.847588 1.013097
5.845266 1.013074
5.811470 1.012738
5.889016 1.013509
5.911488 1.013733
5.913810 1.013756
5.838518 1.013007
5.858578 1.013206
5.809467 1.012718
5.809467 1.012718
5.812100 1.012744
5.760456 1.012230
5.766363 1.012289
5.831259 1.012935
5.831770 1.012940
5.832420 1.012946
5.874564 1.013365
5.913528 1.013753
5.906846 1.013687
5.905080 1.013669
5.892053 1.013539
5.893092 1.013550
5.881519 1.013435
5.872321 1.013343
5.864334 1.013264
5.879249 1.013412
5.864332 1.013264
5.897003 1.013589
5.922987 1.013847
5.910901 1.013727
5.936328 1.013980
5.930330 1.013920
5.929932 1.013916
5.873544 1.013355
5.942313 1.014039
5.953207 1.014148
5.939202 1.014008
5.978150 1.014396
5.960264 1.014218
5.896647 1.013585
5.857045 1.013191
5.855840 1.013179
5.857537 1.013196
5.855620 1.013177
5.837908 1.013001
5.930945 1.013926
5.924990 1.013867
5.924587 1.013863
5.897812 1.013597
5.863447 1.013255
5.904064 1.013659
5.892878 1.013548
5.882511 1.013444
5.937320 1.013990
5.999465 1.014608
5.984631 1.014460
6.014800 1.014760
6.015055 1.014763
6.009230 1.014705
5.966817 1.014283
5.982216 1.014436
5.971085 1.014326
6.030276 1.014914
6.030276 1.014914
6.032523 1.014937
6.192096 1.016524
6.159552 1.016200
6.214052 1.016742
6.219314 1.016795
6.224466 1.016846
6.201185 1.016614
5.148255 1.006141
5.120499 1.005865
5.136983 1.006029
5.140730 1.006066
5.137722 1.006036
5.145788 1.006116
5.131372 1.005973
5.125093 1.005910
5.313977 1.007789
5.313639 1.007786
5.319912 1.007848
5.307925 1.007729
5.311738 1.007767
5.248642 1.007139
5.248642 1.007139
5.257900 1.007231
5.257923 1.007232
5.272811 1.007380
5.274536 1.007397
5.974959 1.014364
5.966051 1.014275
5.922897 1.013846
5.990610 1.014520
5.987542 1.014489
5.991041 1.014524
6.005543 1.014668
5.954244 1.014158
5.782239 1.012447
5.708485 1.011713
5.708698 1.011715
5.706451 1.011693
5.725671 1.011884
5.854510 1.013166
5.851658 1.013138
5.788744 1.012512
5.797005 1.012594
5.708955 1.011718
5.726262 1.011890
5.654350 1.011175
5.657252 1.011204
5.656081 1.011192
5.774058 1.012366
5.841626 1.013038
5.766802 1.012293
6.420546 1.018796
6.279120 1.017390
6.259264 1.017192
6.247052 1.017071
6.245405 1.017054
6.245268 1.017053
6.258492 1.017184
6.358228 1.018176
6.354820 1.018143
6.397797 1.018570
6.343873 1.018034
6.358260 1.018177
6.699466 1.021571
6.642503 1.021004
6.691750 1.021494
6.810322 1.022674
6.758025 1.022153
6.743313 1.022007
6.757718 1.022150
6.743743 1.022011
6.666557 1.021243
6.658793 1.021166
6.631879 1.020899
6.633035 1.020910
6.740776 1.021982
6.734326 1.021918
6.733263 1.021907
6.669305 1.021271
6.811157 1.022682
6.818350 1.022753
6.808799 1.022658
6.737435 1.021949
6.657001 1.021148
6.644664 1.021026
6.636386 1.020943
6.600728 1.020589
6.600988 1.020591
6.585807 1.020440
6.536838 1.019953
6.517958 1.019765
6.532585 1.019911
5.460012 1.009242
5.492847 1.009568
5.487413 1.009514
5.385766 1.008503
5.385102 1.008497
5.408363 1.008728
5.408363 1.008728
5.412955 1.008774
5.419610 1.008840
5.423270 1.008876
5.401802 1.008663
5.402869 1.008673
5.400194 1.008647
5.402946 1.008674
5.403046 1.008675
5.329505 1.007944
5.329505 1.007944
5.326801 1.007917
5.375092 1.008397
5.380023 1.008446
5.597293 1.010607
5.592406 1.010559
5.619373 1.010827
5.616855 1.010802
5.597534 1.010610
5.597459 1.010609
5.619190 1.010825
5.605085 1.010685
5.596545 1.010600
5.593849 1.010573
5.590027 1.010535
5.580571 1.010441
5.574580 1.010381
5.571391 1.010350
5.560892 1.010245
5.562134 1.010258
5.585466 1.010490
5.584932 1.010484
5.587012 1.010505
5.579885 1.010434
5.555768 1.010194
5.632902 1.010962
5.650559 1.011137
5.653204 1.011163
5.653204 1.011163
5.653728 1.011169
5.663233 1.011263
5.605753 1.010691
5.604596 1.010680
5.614343 1.010777
5.615400 1.010787
5.626427 1.010897
5.521707 1.009855
5.508541 1.009724
5.589904 1.010534
5.564596 1.010282
5.596754 1.010602
5.591822 1.010553
5.652375 1.011155
5.784455 1.012469
5.786423 1.012489
5.797464 1.012598
5.798558 1.012609
5.804268 1.012666
5.801117 1.012635
5.706987 1.011698
5.761544 1.012241
5.764602 1.012272
5.771034 1.012336
5.773119 1.012356
5.789601 1.012520
5.789601 1.012520
5.870185 1.013322
5.868855 1.013309
5.894769 1.013566
5.897782 1.013596
6.046175 1.015072
6.023496 1.014847
6.042128 1.015032
6.048874 1.015099
6.038494 1.014996
5.945013 1.014066
5.938488 1.014001
6.210216 1.016704
6.188936 1.016493
6.206850 1.016671
6.224401 1.016845
6.223913 1.016840
6.225870 1.016860
6.316192 1.017758
6.343708 1.018032
6.308502 1.017682
6.316868 1.017765
6.316347 1.017760
6.316347 1.017760
6.314734 1.017744
6.456220 1.019151
6.507953 1.019666
6.664272 1.021221
6.659812 1.021176
6.824997 1.022820
6.713992 1.021715
6.570885 1.020292
6.555595 1.020140
6.486847 1.019456
6.486847 1.019456
6.478554 1.019373
6.523784 1.019823
6.542706 1.020012
6.565193 1.020235
6.569693 1.020280
6.569413 1.020277
6.587032 1.020452
6.577306 1.020356
6.591197 1.020494
6.582226 1.020405
6.582156 1.020404
6.580932 1.020392
6.615901 1.020740
6.620727 1.020788
6.489881 1.019486
6.476082 1.019349
6.484742 1.019435
6.483665 1.019424
6.497504 1.019562
6.472351 1.019312
6.513554 1.019722
6.527710 1.019862
6.201345 1.016616
6.202228 1.016625
6.199421 1.016597
6.377827 1.018371
6.407236 1.018664
6.408922 1.018681
6.313120 1.017728
6.319242 1.017789
6.340934 1.018004
6.346638 1.018061
6.325831 1.017854
6.329089 1.017887
6.302213 1.017619
6.302457 1.017622
6.407174 1.018663
6.408769 1.018679
6.393998 1.018532
6.428476 1.018875
6.516644 1.019752
6.509035 1.019677
6.507823 1.019665
6.687856 1.021455
6.746616 1.022040
6.744761 1.022021
6.741942 1.021993
6.729589 1.021870
6.731033 1.021885
6.723671 1.021812
6.716879 1.021744
6.704578 1.021622
6.713340 1.021709
6.722896 1.021804
6.665791 1.021236
6.662309 1.021201
6.705172 1.021628
6.753064 1.022104
6.696097 1.021537
6.687894 1.021456
6.689669 1.021473
6.782307 1.022395
6.782761 1.022399
6.754424 1.022118
6.761928 1.022192
6.820456 1.022774
6.725383 1.021829
6.740568 1.021980
6.838293 1.022952
6.838837 1.022957
6.834085 1.022910
6.878651 1.023353
6.864268 1.023210
6.933073 1.023895
6.922123 1.023786
6.919335 1.023758
6.920359 1.023768
6.982706 1.024388
6.972540 1.024287
6.967088 1.024233
6.909230 1.023657
6.903443 1.023600
6.922363 1.023788
7.037800 1.024936
6.998962 1.024550
6.998195 1.024542
7.002680 1.024587
7.008939 1.024649
7.038939 1.024948
7.015892 1.024718
6.794019 1.022511
6.830820 1.022877
6.807151 1.022642
6.838766 1.022956
6.844055 1.023009
7.917079 1.033683
7.959854 1.034108
7.970107 1.034210
7.952959 1.034040
7.948972 1.034000
7.948107 1.033991
6.889102 1.023457
6.861845 1.023186
6.831596 1.022885
6.861728 1.023185
6.928247 1.023847
6.935796 1.023922
7.064538 1.025202
7.063763 1.025195
7.044422 1.025002
7.029986 1.024859
6.990586 1.024467
7.034764 1.024906
6.996329 1.024524
6.996329 1.024524
7.024945 1.024808
7.019019 1.024749
6.470600 1.019294
6.422853 1.018819
6.422853 1.018819
6.440624 1.018996
6.464694 1.019236
6.393037 1.018523
6.349961 1.018094
6.272112 1.017320
6.281455 1.017413
6.321769 1.017814
6.318754 1.017784
6.401749 1.018609
6.404060 1.018632
6.404060 1.018632
6.437033 1.018960
6.396510 1.018557
6.447939 1.019069
6.485336 1.019441
6.452785 1.019117
6.467146 1.019260
6.472278 1.019311
6.472175 1.019310
6.472551 1.019314
6.472551 1.019314
6.335885 1.017954
6.337185 1.017967
6.338671 1.017982
6.293261 1.017530
6.393839 1.018531
6.426135 1.018852
6.437719 1.018967
6.436380 1.018954
6.624061 1.020821
6.878607 1.023353
6.946348 1.024027
6.942868 1.023992
6.899627 1.023562
6.862295 1.023191
6.779161 1.022364
6.785377 1.022425
6.770622 1.022279
6.771499 1.022287
6.767322 1.022246
6.741760 1.021992
6.718939 1.021765
6.721665 1.021792
6.716741 1.021743
6.735586 1.021930
6.743102 1.022005
6.749899 1.022073
6.774855 1.022321
6.771527 1.022288
6.765002 1.022223
6.775043 1.022323
6.759251 1.022166
6.711023 1.021686
6.716222 1.021738
6.765593 1.022229
6.757959 1.022153
6.730496 1.021880
6.721529 1.021790
6.740316 1.021977
6.736898 1.021943
6.736897 1.021943
6.781699 1.022389
6.778243 1.022354
6.805851 1.022629
6.797319 1.022544
6.820537 1.022775
6.841826 1.022987
6.852476 1.023093
6.851073 1.023079
6.884156 1.023408
6.874743 1.023314
6.866965 1.023237
6.864942 1.023217
6.910641 1.023671
6.912850 1.023693
6.859172 1.023159
7.625056 1.030778
7.626043 1.030788
7.708851 1.031611
7.711955 1.031642
7.710969 1.031632
7.710077 1.031624
7.689371 1.031418
7.714135 1.031664
7.923533 1.033747
7.962865 1.034138
7.878880 1.033303
7.812657 1.032644
7.859210 1.033107
7.839110 1.032907
7.813786 1.032655
7.790752 1.032426
7.786026 1.032379
7.595962 1.030488
7.557695 1.030108
7.558635 1.030117
7.527998 1.029812
6.769426 1.022267
6.841491 1.022984
6.866670 1.023234
6.913903 1.023704
6.927692 1.023841
6.924848 1.023813
6.923447 1.023799
6.911186 1.023677
6.902274 1.023588
6.906216 1.023627
6.944423 1.024007
6.898561 1.023551
7.026076 1.024820
7.026076 1.024820
7.011307 1.024673
7.012046 1.024680
7.047329 1.025031
6.946871 1.024032
6.929652 1.023861
6.929047 1.023855
7.132755 1.025881
7.133738 1.025891
7.184505 1.026396
7.244309 1.026991
7.239179 1.026939
7.273155 1.027277
7.272496 1.027271
7.386714 1.028407
7.387101 1.028411
7.402987 1.028569
7.427801 1.028816
7.438788 1.028925
7.443014 1.028967
7.411405 1.028653
7.438607 1.028923
7.453589 1.029072
5.850285 1.013124
5.842166 1.013043
5.787933 1.012504
5.781099 1.012436
5.805188 1.012675
5.777151 1.012396
5.777272 1.012398
5.770057 1.012326
5.712326 1.011752
5.691874 1.011548
5.612871 1.010762
5.653640 1.011168
5.689969 1.011529
5.692771 1.011557
5.506903 1.009708
5.506703 1.009706
5.494944 1.009589
5.516298 1.009802
5.517532 1.009814
5.430270 1.008946
5.443281 1.009075
5.391741 1.008563
5.395684 1.008602
5.402684 1.008672
5.431244 1.008956
5.408513 1.008729
5.223110 1.006885
5.223047 1.006885
5.212218 1.006777
5.214333 1.006798
5.152878 1.006187
5.193243 1.006588
5.171300 1.006370
5.266180 1.007314
5.269839 1.007350
5.279573 1.007447
5.285335 1.007504
5.334781 1.007996
5.322558 1.007874
5.330863 1.007957
5.326612 1.007915
5.303772 1.007688
5.325577 1.007905
5.483950 1.009480
5.654557 1.011177
5.649755 1.011129
5.556563 1.010202
5.567463 1.010311
5.627941 1.010912
5.631031 1.010943
5.650891 1.011140
5.656422 1.011195
5.646336 1.011095
5.555670 1.010193
5.541529 1.010053
5.539870 1.010036
5.547146 1.010108
5.479786 1.009438
5.468484 1.009326
5.514324 1.009782
5.368142 1.008328
5.369769 1.008344
5.368144 1.008328
5.334791 1.007996
5.346233 1.008110
5.347159 1.008119
5.335659 1.008005
5.318143 1.007831
5.331099 1.007959
5.353673 1.008184
5.356248 1.008210
5.355522 1.008202
5.355336 1.008201
5.374420 1.008390
5.375856 1.008405
5.518126 1.009820
5.413005 1.008774
5.478211 1.009423
5.479603 1.009437
5.483423 1.009475
5.458248 1.009224
5.453545 1.009177
5.463685 1.009278
5.451295 1.009155
5.463561 1.009277
5.502543 1.009665
5.553169 1.010168
5.585827 1.010493
5.586974 1.010505
5.448219 1.009124
5.452570 1.009168
5.443656 1.009079
5.563038 1.010267
5.533770 1.009975
5.476738 1.009408
5.458978 1.009231
5.514587 1.009785
5.361796 1.008265
5.455998 1.009202
5.675104 1.011381
5.705023 1.011679
5.644805 1.011080
5.718563 1.011814
5.717656 1.011805
5.777501 1.012400
5.775525 1.012380
5.778099 1.012406
5.779147 1.012416
5.785722 1.012482
5.770640 1.012332
5.789071 1.012515
5.741168 1.012038
5.762263 1.012248
5.753515 1.012161
5.746184 1.012088
5.692821 1.011558
5.692821 1.011558
5.685453 1.011484
5.686478 1.011494
5.673605 1.011366
5.674610 1.011376
5.673275 1.011363
5.688519 1.011515
5.647366 1.011105
5.645867 1.011091
5.764583 1.012271
5.780800 1.012433
5.926140 1.013878
5.929084 1.013908
5.928979 1.013907
5.945358 1.014070
5.968062 1.014295
5.960477 1.014220
5.939772 1.014014
5.944846 1.014064
5.945575 1.014072
5.864115 1.013261
5.864270 1.013263
5.779225 1.012417
5.700620 1.011635
5.700620 1.011635
5.700477 1.011634
5.701766 1.011647
5.702334 1.011652
5.678245 1.011413
5.837142 1.012993
5.843987 1.013061
5.851386 1.013135
5.831184 1.012934
5.841416 1.013036
5.856605 1.013187
5.835567 1.012977
5.832450 1.012946
5.831030 1.012932
5.831030 1.012932
5.873829 1.013358
5.873537 1.013355
5.886539 1.013485
5.865968 1.013280
5.866135 1.013282
5.844608 1.013067
5.852191 1.013143
5.861500 1.013235
5.863576 1.013256
5.867747 1.013298
5.846384 1.013085
6.060457 1.015215
5.992857 1.014542
5.950986 1.014126
5.985779 1.014472
6.254789 1.017148
6.248841 1.017088
6.249430 1.017094
6.311900 1.017716
6.310583 1.017703
6.273947 1.017338
6.298656 1.017584
6.316079 1.017757
6.219812 1.016800
6.239051 1.016991
6.204746 1.016650
6.200425 1.016607
6.185067 1.016454
6.128824 1.015895
6.122527 1.015832
6.121356 1.015820
6.102585 1.015634
6.102585 1.015634
6.100452 1.015612
6.110983 1.015717
6.111515 1.015722
6.102783 1.015636
6.116097 1.015768
6.109365 1.015701
6.143284 1.016038
6.133155 1.015938
6.196241 1.016565
6.195116 1.016554
6.291750 1.017515
6.292215 1.017520
6.284737 1.017445
6.297017 1.017568
6.302660 1.017624
6.304802 1.017645
6.314437 1.017741
6.284312 1.017441
6.236297 1.016964
6.264871 1.017248
6.254852 1.017148
6.242448 1.017025
6.192644 1.016529
6.181725 1.016421
6.196381 1.016567
6.199390 1.016596
6.184515 1.016449
6.189460 1.016498
6.189366 1.016497
6.190596 1.016509
6.187280 1.016476
6.191203 1.016515
6.212802 1.016730
6.213143 1.016733
6.241050 1.017011
6.266986 1.017269
6.200961 1.016612
6.233738 1.016938
6.219649 1.016798
6.239260 1.016993
6.273012 1.017329
6.257655 1.017176
6.253348 1.017133
6.224618 1.016847
6.216579 1.016767
6.221842 1.016820
6.219470 1.016796
6.262775 1.017227
6.272266 1.017321
6.322991 1.017826
6.322991 1.017826
6.238930 1.016990
6.246269 1.017063
6.096306 1.015571
6.094740 1.015556
6.100365 1.015611
6.099101 1.015599
6.103780 1.015645
6.132105 1.015927
6.197191 1.016575
6.541077 1.019995
6.552283 1.020107
6.630446 1.020884
6.671120 1.021289
6.676220 1.021340
6.659828 1.021177
6.637560 1.020955
6.660381 1.021182
6.744783 1.022022
6.745913 1.022033
6.749800 1.022072
6.739592 1.021970
6.755670 1.022130
6.760044 1.022173
6.761303 1.022186
6.788901 1.022460
6.826846 1.022838
6.846376 1.023032
6.887165 1.023438
6.887849 1.023445
6.952558 1.024088
6.954176 1.024104
6.870575 1.023273
6.928885 1.023853
6.943077 1.023994
6.924344 1.023808
6.872970 1.023297
6.787130 1.022443
6.786609 1.022438
6.786609 1.022438
6.790584 1.022477
6.762710 1.022200
6.798691 1.022558
6.800494 1.022576
6.789778 1.022469
6.779116 1.022363
6.701433 1.021590
6.695432 1.021531
6.695432 1.021531
6.713117 1.021707
6.729665 1.021871
6.681210 1.021389
6.472372 1.019312
6.472372 1.019312
6.467143 1.019260
6.116027 1.015767
6.126717 1.015874
6.126717 1.015874
6.128346 1.015890
6.095312 1.015561
6.001014 1.014623
5.954935 1.014165
5.977081 1.014385
5.977081 1.014385
5.995074 1.014564
5.993253 1.014546
6.112196 1.015729
6.099276 1.015601
6.104759 1.015655
6.102620 1.015634
6.151974 1.016125
6.101450 1.015622
6.095122 1.015559
5.995402 1.014567
6.215066 1.016752
6.239800 1.016998
6.257984 1.017179
6.259613 1.017196
6.319563 1.017792
6.172246 1.016326
6.172628 1.016330
6.159460 1.016199
6.122692 1.015834
6.136789 1.015974
6.141482 1.016020
6.195780 1.016561
6.202822 1.016631
6.206617 1.016668
6.203864 1.016641
6.173317 1.016337
6.128072 1.015887
6.219258 1.016794
6.268710 1.017286
6.267910 1.017278
6.276180 1.017360
6.272674 1.017325
6.268086 1.017280
6.196986 1.016573
6.164232 1.016247
6.164232 1.016247
5.969773 1.014312
5.971133 1.014326
6.001102 1.014624
6.010507 1.014718
6.067343 1.015283
6.067343 1.015283
6.052192 1.015132
5.962205 1.014237
5.967342 1.014288
5.657084 1.011202
5.839021 1.013012
5.837944 1.013001
5.887534 1.013494
5.734683 1.011974
5.740096 1.012028
5.754747 1.012174
5.700361 1.011633
5.749274 1.012119
6.376120 1.018354
6.406312 1.018655
6.390009 1.018493
6.374951 1.018343
6.357600 1.018170
6.559692 1.020180
6.576254 1.020345
6.628027 1.020860
6.419958 1.018791
6.386295 1.018456
6.386835 1.018461
6.395959 1.018552
6.333902 1.017935
6.351677 1.018111
6.356236 1.018157
6.432717 1.018917
6.363272 1.018227
6.357271 1.018167
6.362731 1.018221
6.416739 1.018759
6.416179 1.018753
6.366289 1.018257
6.573856 1.020321
6.576448 1.020347
6.576448 1.020347
6.577228 1.020355
6.601722 1.020599
6.601722 1.020599
6.586813 1.020450
6.596039 1.020542
6.595983 1.020541
6.597347 1.020555
6.673272 1.021310
6.686102 1.021438
6.706242 1.021638
6.711989 1.021695
7.265307 1.027199
7.255284 1.027100
7.244616 1.026994
7.213189 1.026681
7.216328 1.026712
7.201546 1.026565
7.199362 1.026543
7.223293 1.026781
7.205088 1.026600
7.237790 1.026926
7.231574 1.026864
7.248656 1.027034
7.235749 1.026905
7.359070 1.028132
7.390453 1.028444
7.385842 1.028398
7.421482 1.028753
7.416345 1.028702
7.423698 1.028775
7.475469 1.029290
7.469486 1.029230
7.469486 1.029230
7.460828 1.029144
7.450196 1.029038
7.405909 1.028598
7.404318 1.028582
8.339410 1.037884
8.386670 1.038354
7.427925 1.028817
7.479399 1.029329
7.454038 1.029077
7.477554 1.029311
7.539192 1.029924
7.476269 1.029298
7.419051 1.028729
7.437240 1.028910
7.439588 1.028933
7.447382 1.029011
7.434122 1.028879
7.380648 1.028347
7.378403 1.028324
7.399034 1.028530
7.270369 1.027250
6.983195 1.024393
7.028593 1.024845
6.930299 1.023867
6.960553 1.024168
6.996205 1.024523
6.972656 1.024288
6.937192 1.023936
6.937192 1.023936
6.939960 1.023963
6.970092 1.024263
6.973476 1.024296
6.943721 1.024000
6.893922 1.023505
6.890358 1.023470
6.890003 1.023466
6.867083 1.023238
6.805104 1.022622
6.789767 1.022469
6.816828 1.022738
6.822199 1.022792
6.832462 1.022894
6.813149 1.022702
6.813149 1.022702
6.757595 1.022149
6.759768 1.022171
6.755362 1.022127
6.736996 1.021944
6.745495 1.022029
6.735360 1.021928
6.688170 1.021458
6.602667 1.020608
7.810030 1.032618
7.898236 1.033495
9.229363 1.046736
9.229363 1.046736
9.274756 1.047188
9.243497 1.046877
9.287967 1.047319
9.257176 1.047013
9.258653 1.047028
9.084843 1.045299
9.015026 1.044604
9.042367 1.044876
9.066506 1.045116
9.141868 1.045866
9.122494 1.045673
9.053681 1.044989
9.059427 1.045046
9.061226 1.045064
9.062477 1.045076
9.085256 1.045303
8.972868 1.044185
8.972868 1.044185
8.856539 1.043028
8.876950 1.043231
8.870621 1.043168
8.838023 1.042843
8.829757 1.042761
8.864455 1.043106
8.816346 1.042628
8.962986 1.044087
8.961750 1.044074
8.960517 1.044062
8.978069 1.044237
9.010624 1.044560
8.987401 1.044329
8.994679 1.044402
9.028132 1.044735
9.044815 1.044900
9.018223 1.044636
8.987213 1.044327
9.177907 1.046224
8.825625 1.042720
8.625475 1.040729
8.596515 1.040441
8.592292 1.040399
8.598621 1.040462
8.744807 1.041916
8.746533 1.041933
8.753563 1.042003
8.751742 1.041985
8.760837 1.042076
8.739441 1.041863
8.729969 1.041769
8.697849 1.041449
8.620598 1.040681
8.680546 1.041277
8.707951 1.041550
8.670428 1.041176
8.833974 1.042803
8.869538 1.043157
8.844957 1.042912
8.807300 1.042538
8.600472 1.040481
8.635220 1.040826
8.663434 1.041107
8.663434 1.041107
8.584956 1.040326
8.587187 1.040348
8.875278 1.043214
8.864635 1.043108
8.831839 1.042782
9.070877 1.045160
9.003027 1.044485
9.091100 1.045361
9.129292 1.045741
9.126277 1.045711
9.232579 1.046768
9.235652 1.046799
9.209954 1.046543
9.239611 1.046838
9.087531 1.045325
9.104819 1.045497
9.094209 1.045392
9.078047 1.045231
8.791019 1.042376
8.778635 1.042253
8.785663 1.042323
8.738982 1.041858
8.741094 1.041879
8.597679 1.040453
8.593443 1.040411
8.614764 1.040623
8.772425 1.042191
8.655875 1.041032
8.676762 1.041239
8.691614 1.041387
8.677477 1.041246
8.684229 1.041314
8.672987 1.041202
8.692959 1.041400
8.622794 1.040703
8.626237 1.040737
8.615456 1.040630
8.564155 1.040119
8.598279 1.040459
8.537081 1.039850
8.531611 1.039796
8.563119 1.040109
8.537067 1.039850
8.503748 1.039518
8.501482 1.039496
8.514667 1.039627
8.529967 1.039779
8.528597 1.039766
8.627842 1.040753
8.630070 1.040775
8.559330 1.040071
8.464357 1.039127
8.466098 1.039144
8.206648 1.036563
8.206648 1.036563
8.272633 1.037219
7.524398 1.029777
7.500989 1.029544
7.494888 1.029483
7.498539 1.029519
7.494687 1.029481
7.444083 1.028978
7.470810 1.029244
7.469937 1.029235
7.516985 1.029703
7.513538 1.029669
7.662880 1.031154
7.656212 1.031088
7.685039 1.031375
7.683710 1.031361
7.681766 1.031342
7.670491 1.031230
7.687673 1.031401
6.531128 1.019896
6.455432 1.019143
6.500761 1.019594
6.438440 1.018974
6.438440 1.018974
6.387934 1.018472
6.391004 1.018503
6.391004 1.018503
6.381363 1.018407
6.389293 1.018485
6.380963 1.018403
6.334562 1.017941
6.412698 1.018718
6.396318 1.018555
6.392700 1.018519
6.392083 1.018513
6.401270 1.018605
6.404154 1.018633
6.398095 1.018573
6.457549 1.019164
6.469073 1.019279
6.466570 1.019254
6.450582 1.019095
6.459174 1.019181
6.459174 1.019181
6.498208 1.019569
6.487485 1.019462
6.451226 1.019102
6.431152 1.018902
6.428083 1.018871
6.396210 1.018554
6.402986 1.018622
6.398327 1.018575
6.412416 1.018716
6.428652 1.018877
6.449041 1.019080
6.466526 1.019254
6.576507 1.020348
6.587916 1.020461
6.525222 1.019838
6.461856 1.019207
6.465777 1.019246
6.486725 1.019455
6.470737 1.019296
6.473175 1.019320
6.455271 1.019142
6.442615 1.019016
6.442584 1.019016
6.450755 1.019097
6.451287 1.019102
6.335700 1.017952
6.341627 1.018011
6.262583 1.017225
7.938332 1.033894
7.950019 1.034010
8.081534 1.035319
6.403488 1.018627
6.434538 1.018936
6.373361 1.018327
6.437155 1.018962
6.442644 1.019016
6.438751 1.018977
6.456280 1.019152
6.427922 1.018870
6.425411 1.018845
6.389415 1.018487
6.387182 1.018464
6.386611 1.018459
6.425171 1.018842
6.414276 1.018734
6.448817 1.019078
6.461027 1.019199
6.453766 1.019127
6.455628 1.019145
6.455628 1.019145
6.456358 1.019153
6.439056 1.018980
6.444856 1.019038
6.441611 1.019006
6.379019 1.018383
6.398812 1.018580
6.355428 1.018149
6.384342 1.018436
6.389688 1.018489
6.381803 1.018411
6.406814 1.018660
6.418193 1.018773
6.409775 1.018689
6.421835 1.018809
6.421695 1.018808
6.401316 1.018605
6.402069 1.018613
6.396317 1.018555
6.404599 1.018638
6.389568 1.018488
6.396148 1.018554
5.632330 1.010956
5.689464 1.011524
5.670997 1.011340
6.394874 1.018541
6.489065 1.019478
6.491487 1.019502
6.503770 1.019624
6.503770 1.019624
6.554611 1.020130
6.560665 1.020190
6.567397 1.020257
6.604000 1.020621
6.613685 1.020718
6.611782 1.020699
6.622563 1.020806
6.641156 1.020991
6.639682 1.020976
6.628882 1.020869
6.632831 1.020908
6.645603 1.021035
6.520381 1.019789
6.527139 1.019857
6.527139 1.019857
6.513015 1.019716
6.557829 1.020162
6.596952 1.020551
6.604116 1.020622
6.596821 1.020550
6.716154 1.021737
6.733551 1.021910
6.713641 1.021712
7.422186 1.028760
7.402787 1.028567
7.409194 1.028631
7.363054 1.028172
7.343308 1.027975
7.234706 1.026895
7.225176 1.026800
7.056647 1.025124
6.924168 1.023806
6.938396 1.023948
6.936527 1.023929
6.872964 1.023297
6.873117 1.023298
6.866141 1.023229
6.875930 1.023326
6.875351 1.023320
6.873851 1.023305
6.874381 1.023311
6.780349 1.022375
6.777997 1.022352
6.651900 1.021098
6.078270 1.015392
6.043125 1.015042
6.040881 1.015020
6.025709 1.014869
6.008001 1.014693
6.007544 1.014688
5.990883 1.014522
5.996839 1.014582
6.011242 1.014725
5.915560 1.013773
5.920941 1.013827
5.924268 1.013860
5.921514 1.013832
5.938196 1.013998
5.992130 1.014535
5.998930 1.014602
6.085122 1.015460
6.085416 1.015463
6.075997 1.015369
6.076716 1.015376
6.072968 1.015339
6.142721 1.016033
6.142134 1.016027
6.147938 1.016085
6.151578 1.016121
6.180086 1.016404
6.290412 1.017502
6.289294 1.017491
6.286011 1.017458
6.316544 1.017762
6.291935 1.017517
6.370154 1.018295
6.362772 1.018222
6.370482 1.018298
6.364871 1.018243
6.366373 1.018258
6.352548 1.018120
6.350129 1.018096
6.350129 1.018096
6.332578 1.017921
6.332209 1.017918
6.321135 1.017808
6.319649 1.017793
6.226452 1.016866
6.210065 1.016703
6.271107 1.017310
6.270020 1.017299
6.284609 1.017444
6.284609 1.017444
6.307182 1.017669
6.351348 1.018108
6.295090 1.017548
6.250247 1.017102
6.267639 1.017275
6.373315 1.018327
6.373373 1.018327
6.381383 1.018407
6.387362 1.018466
6.368297 1.018277
6.369423 1.018288
6.391397 1.018506
5.785016 1.012475
5.809704 1.012720
5.817568 1.012798
5.815129 1.012774
5.809841 1.012722
5.822098 1.012844
5.822609 1.012849
5.801073 1.012634
5.798521 1.012609
5.797633 1.012600
5.758702 1.012213
5.759994 1.012226
5.784420 1.012469
5.778670 1.012412
5.784038 1.012465
5.701823 1.011647
5.706596 1.011695
5.664516 1.011276
5.667267 1.011303
5.745285 1.012079
5.738088 1.012008
5.745062 1.012077
5.755082 1.012177
5.748608 1.012112
5.745414 1.012081
5.744731 1.012074
5.744731 1.012074
5.633074 1.010963
5.632404 1.010957
5.634987 1.010982
5.625022 1.010883
5.591605 1.010551
5.600674 1.010641
5.609701 1.010731
5.618484 1.010818
5.642151 1.011054
5.642220 1.011054
5.659949 1.011231
5.648110 1.011113
5.647641 1.011108
5.639399 1.011026
5.620819 1.010841
5.672462 1.011355
5.656546 1.011197
5.644741 1.011079
5.664134 1.011272
5.806065 1.012684
5.819329 1.012816
5.920052 1.013818
5.923304 1.013850
6.038058 1.014992
6.064181 1.015252
6.045056 1.015061
6.013330 1.014746
6.014336 1.014756
6.001347 1.014627
6.017493 1.014787
6.017493 1.014787
6.195659 1.016559
6.182174 1.016425
6.015964 1.014772
6.052758 1.015138
6.040773 1.015019
6.032695 1.014938
5.955225 1.014168
5.951235 1.014128
5.955430 1.014170
5.957742 1.014193
6.053557 1.015146
6.063047 1.015240
6.040044 1.015011
6.040044 1.015011
6.024574 1.014858
6.036730 1.014978
6.190087 1.016504
6.164827 1.016253
6.164827 1.016253
6.148125 1.016087
6.138349 1.015989
6.137977 1.015986
6.145470 1.016060
6.154769 1.016153
6.173379 1.016338
6.172637 1.016330
6.178646 1.016390
6.164825 1.016253
6.172529 1.016329
6.172328 1.016327
6.169199 1.016296
6.079473 1.015404
6.078768 1.015397
6.078768 1.015397
6.052558 1.015136
6.049246 1.015103
6.038081 1.014992
6.027280 1.014884
6.025691 1.014869
6.038856 1.015000
6.099186 1.015600
6.075633 1.015365
6.085687 1.015465
6.200890 1.016611
6.226688 1.016868
6.197514 1.016578
6.192693 1.016530
5.991971 1.014533
6.104065 1.015648
6.119845 1.015805
6.164599 1.016250
6.165044 1.016255
6.156198 1.016167
6.299522 1.017593
6.315680 1.017753
6.299806 1.017595
6.261858 1.017218
6.261858 1.017218
6.263073 1.017230
6.263073 1.017230
6.259851 1.017198
6.242523 1.017026
6.268463 1.017284
6.219479 1.016796
6.188543 1.016489
6.188692 1.016490
6.147665 1.016082
6.150493 1.016110
6.189374 1.016497
6.189374 1.016497
6.193493 1.016538
6.205822 1.016660
6.197753 1.016580
6.164939 1.016254
6.178538 1.016389
6.164457 1.016249
6.138681 1.015993
6.132201 1.015928
6.160792 1.016213
6.151800 1.016123
6.149208 1.016097
6.059030 1.015200
6.051492 1.015125
6.100055 1.015608
6.111233 1.015720
6.091410 1.015522
6.091410 1.015522
6.085665 1.015465
6.107526 1.015683
6.133761 1.015944
6.156605 1.016171
6.158121 1.016186
6.177166 1.016375
6.176769 1.016371
6.258086 1.017180
6.258811 1.017188
6.156937 1.016174
6.160810 1.016213
6.159692 1.016202
5.980348 1.014418
5.963978 1.014255
5.963978 1.014255
5.988382 1.014498
5.941505 1.014031
5.922473 1.013842
5.908235 1.013700
5.937318 1.013990
5.924866 1.013866
5.915723 1.013775
5.884203 1.013461
5.882419 1.013444
5.878914 1.013409
5.944836 1.014064
5.931123 1.013928
5.938950 1.014006
5.959026 1.014206
5.958233 1.014198
5.883232 1.013452
6.088789 1.015496
6.089813 1.015507
6.083530 1.015444
6.084017 1.015449
6.055019 1.015160
6.144727 1.016053
6.159418 1.016199
6.186659 1.016470
6.191553 1.016519
6.232517 1.016926
6.135122 1.015957
6.204633 1.016649
6.186910 1.016472
6.186910 1.016472
6.190465 1.016508
6.186846 1.016472
6.180960 1.016413
6.189790 1.016501
6.204829 1.016651
6.154455 1.016150
6.239809 1.016999
6.247611 1.017076
6.232373 1.016925
6.227631 1.016877
6.216786 1.016770
6.218434 1.016786
6.201076 1.016613
6.198860 1.016591
6.175955 1.016363
6.133555 1.015942
6.135070 1.015957
6.118052 1.015787
6.133099 1.015937
6.131162 1.015918
6.054920 1.015159
6.075252 1.015362
6.067907 1.015289
6.251245 1.017112
6.287084 1.017469
6.293833 1.017536
6.322477 1.017821
6.411260 1.018704
6.411260 1.018704
6.412515 1.018716
6.411727 1.018709
6.466825 1.019257
6.462463 1.019213
6.485411 1.019442
6.484391 1.019431
6.464879 1.019237
6.464879 1.019237
6.298434 1.017582
6.319508 1.017791
6.306102 1.017658
6.327236 1.017868
6.328077 1.017877
6.661694 1.021195
6.632050 1.020900
6.617252 1.020753
6.621041 1.020791
6.603080 1.020612
6.598237 1.020564
6.611077 1.020692
6.618299 1.020763
6.595548 1.020537
6.605168 1.020633
6.663657 1.021215
6.712454 1.021700
6.712278 1.021698
6.711760 1.021693
6.797316 1.022544
6.893025 1.023496
6.873129 1.023298
6.786533 1.022437
6.820331 1.022773
6.871414 1.023281
6.904762 1.023613
6.897512 1.023541
6.918409 1.023749
6.921177 1.023776
6.894758 1.023513
6.889235 1.023459
6.859048 1.023158
6.850047 1.023069
6.843892 1.023007
6.776270 1.022335
6.778491 1.022357
6.770966 1.022282
6.777563 1.022348
6.772584 1.022298
6.767651 1.022249
6.812209 1.022692
6.804293 1.022614
6.828662 1.022856
6.831174 1.022881
6.835579 1.022925
6.835586 1.022925
6.470029 1.019289
6.447219 1.019062
6.632472 1.020904
6.620767 1.020788
6.620767 1.020788
6.610286 1.020684
6.596464 1.020546
6.584547 1.020428
6.590847 1.020490
6.577533 1.020358
6.575435 1.020337
6.568781 1.020271
6.570970 1.020293
6.567290 1.020256
6.782840 1.022400
6.783098 1.022403
6.783706 1.022409
6.432956 1.018920
6.437745 1.018967
6.438081 1.018971
6.443027 1.019020
6.512511 1.019711
7.028354 1.024842
6.796278 1.022534
6.782457 1.022396
6.708405 1.021660
6.801831 1.022589
6.805514 1.022626
6.812436 1.022695
6.803761 1.022608
6.552131 1.020105
6.528154 1.019867
6.659506 1.021173
6.660650 1.021185
6.679598 1.021373
6.611926 1.020700
6.610766 1.020689
6.648755 1.021066
6.641230 1.020992
6.718772 1.021763
6.718143 1.021757
6.430326 1.018894
6.449877 1.019088
6.662925 1.021207
6.656411 1.021143
6.656070 1.021139
6.634352 1.020923
6.656211 1.021141
6.652282 1.021101
6.652282 1.021101
6.786645 1.022438
6.779272 1.022365
6.773669 1.022309
6.756666 1.022140
6.680445 1.021382
6.673696 1.021315
6.600641 1.020588
6.591221 1.020494
6.570487 1.020288
6.597330 1.020555
6.587474 1.020457
6.560369 1.020187
6.553754 1.020121
6.575911 1.020342
6.575271 1.020335
6.559375 1.020177
6.586101 1.020443
6.588306 1.020465
6.595107 1.020533
6.589286 1.020475
6.585322 1.020435
6.573038 1.020313
6.587494 1.020457
6.542239 1.020007
6.509766 1.019684
6.605192 1.020633
6.600281 1.020584
6.599504 1.020577
6.606735 1.020648
6.498514 1.019572
6.502033 1.019607
6.546107 1.020045
6.552411 1.020108
6.547598 1.020060
6.796966 1.022541
6.774617 1.022318
6.774665 1.022319
6.844131 1.023010
6.858800 1.023156
6.802984 1.022601
6.804383 1.022614
6.811005 1.022680
6.818921 1.022759
6.936222 1.023926
7.313107 1.027675
7.304023 1.027584
7.346123 1.028003
7.348520 1.028027
7.337331 1.027916
7.340816 1.027950
7.352859 1.028070
7.422227 1.028760
7.417208 1.028710
7.417208 1.028710
7.334126 1.027884
7.330214 1.027845
7.358734 1.028129
7.288798 1.027433
7.288856 1.027434
7.302848 1.027573
7.308400 1.027628
7.324385 1.027787
7.345212 1.027994
7.339825 1.027941
7.344083 1.027983
7.345990 1.028002
7.334048 1.027883
7.292168 1.027467
7.128772 1.025841
7.120281 1.025757
7.112134 1.025676
7.117264 1.025727
7.114846 1.025703
7.111351 1.025668
7.098613 1.025541
7.094801 1.025503
7.060223 1.025159
7.072226 1.025279
7.057840 1.025136
7.065707 1.025214
7.035568 1.024914
7.054865 1.025106
6.958069 1.024143
6.961619 1.024179
6.956083 1.024123
6.945933 1.024023
6.932615 1.023890
6.926884 1.023833
6.922045 1.023785
6.915252 1.023717
6.911083 1.023676
6.901826 1.023584
6.860839 1.023176
6.869630 1.023263
6.862463 1.023192
6.856766 1.023136
6.838628 1.022955
6.838676 1.022956
6.839705 1.022966
6.864999 1.023217
6.888664 1.023453
6.887291 1.023439
6.894128 1.023507
6.913550 1.023700
6.927277 1.023837
6.952215 1.024085
6.953805 1.024101
7.011599 1.024676
7.016804 1.024727
7.048499 1.025043
7.054488 1.025102
7.038783 1.024946
6.893295 1.023499
6.885067 1.023417
6.911961 1.023685
6.882319 1.023390
6.883369 1.023400
6.949020 1.024053
6.949020 1.024053
6.969082 1.024253
6.989278 1.024454
6.870221 1.023269
6.872912 1.023296
6.504852 1.019635
6.504317 1.019630
6.535885 1.019944
6.553798 1.020122
6.542062 1.020005
6.559230 1.020176
6.556293 1.020147
6.306872 1.017666
6.394991 1.018542
6.153733 1.016142
6.137351 1.015979
6.146336 1.016069
6.136221 1.015968
6.144187 1.016047
6.169116 1.016295
6.167681 1.016281
6.169838 1.016303
6.155548 1.016160
6.150641 1.016112
6.198616 1.016589
6.174750 1.016351
6.161100 1.016216
6.151983 1.016125
6.150963 1.016115
6.152262 1.016128
6.246836 1.017068
6.225040 1.016852
6.178914 1.016393
6.178914 1.016393
6.190140 1.016504
6.180191 1.016406
6.169075 1.016295
6.170544 1.016310
6.170544 1.016310
6.179778 1.016401
5.919259 1.013810
5.939137 1.014008
5.951776 1.014133
6.014875 1.014761
6.014499 1.014757
6.012614 1.014739
6.205828 1.016661
6.210475 1.016707
6.148715 1.016092
6.160321 1.016208
5.936314 1.013980
5.950409 1.014120
5.950409 1.014120
5.911687 1.013735
5.902296 1.013641
5.903305 1.013651
5.908913 1.013707
6.057939 1.015189
6.055451 1.015165
6.112438 1.015732
6.128789 1.015894
6.127273 1.015879
6.122996 1.015837
6.081821 1.015427
6.087587 1.015484
6.086700 1.015476
6.053545 1.015146
6.095727 1.015565
6.095727 1.015565
6.086918 1.015478
6.092247 1.015531
6.160341 1.016208
6.128213 1.015888
6.142173 1.016027
6.192318 1.016526
6.207637 1.016679
6.207637 1.016679
6.210227 1.016704
6.294058 1.017538
6.275708 1.017356
6.269552 1.017294
6.269552 1.017294
6.221762 1.016819
6.288906 1.017487
6.289697 1.017495
6.296314 1.017561
6.286868 1.017467
6.294732 1.017545
6.314649 1.017743
6.331976 1.017915
6.332257 1.017918
6.339312 1.017988
6.338124 1.017977
6.337686 1.017972
6.317947 1.017776
6.320263 1.017799
6.340315 1.017998
6.304477 1.017642
6.329113 1.017887
6.332836 1.017924
6.333698 1.017932
6.351281 1.018107
6.343617 1.018031
6.072135 1.015331
6.126971 1.015876
6.107735 1.015685
6.128242 1.015889
6.133493 1.015941
6.057623 1.015186
6.071495 1.015324
6.033991 1.014951
6.091324 1.015522
6.095514 1.015563
6.074911 1.015358
6.130214 1.015908
6.550406 1.020088
6.547898 1.020063
6.549560 1.020080
6.601980 1.020601
6.608476 1.020666
6.544507 1.020029
6.544462 1.020029
6.553491 1.020119
6.036144 1.014973
6.038993 1.015001
6.037678 1.014988
6.093585 1.015544
6.188991 1.016493
6.194514 1.016548
6.139866 1.016004
6.134842 1.015954
6.133834 1.015944
6.135319 1.015959
6.144008 1.016046
6.203177 1.016634
6.203738 1.016640
6.180496 1.016409
6.195099 1.016554
6.113300 1.015740
6.137461 1.015980
6.109206 1.015699
6.118378 1.015791
6.112066 1.015728
6.102365 1.015631
6.093599 1.015544
6.092999 1.015538
6.117987 1.015787
6.129347 1.015900
6.136455 1.015970
6.141582 1.016021
6.141068 1.016016
6.527039 1.019856
6.533465 1.019920
6.514611 1.019732
6.490719 1.019494
6.483712 1.019425
6.482401 1.019412
6.454678 1.019136
6.447257 1.019062
6.447020 1.019060
6.421616 1.018807
6.441685 1.019007
6.376009 1.018353
6.386732 1.018460
6.472307 1.019311
6.480310 1.019391
6.532690 1.019912
6.553282 1.020117
6.564159 1.020225
6.564464 1.020228
6.578227 1.020365
6.783162 1.022403
6.818431 1.022754
6.863036 1.023198
6.885057 1.023417
6.870060 1.023268
6.869846 1.023266
6.866475 1.023232
6.903125 1.023597
6.903125 1.023597
6.898586 1.023552
6.955562 1.024118
6.816605 1.022736
6.850645 1.023075
6.835535 1.022924
6.854697 1.023115
6.815327 1.022723
6.826491 1.022834
6.817975 1.022750
6.828641 1.022856
6.856015 1.023128
6.856358 1.023131
6.858303 1.023151
6.897307 1.023539
6.884907 1.023415
6.886301 1.023429
6.886301 1.023429
6.885794 1.023424
6.967015 1.024232
6.963260 1.024195
6.968317 1.024245
6.963286 1.024195
6.990105 1.024462
6.989044 1.024451
6.843326 1.023002
6.829148 1.022861
6.855452 1.023122
6.803143 1.022602
6.521710 1.019803
6.593025 1.020512
6.593025 1.020512
6.589711 1.020479
6.566983 1.020253
6.673439 1.021312
6.653071 1.021109
6.676837 1.021346
6.612230 1.020703
6.612692 1.020708
6.466101 1.019250
6.495162 1.019539
6.499549 1.019582
6.557089 1.020155
6.302116 1.017618
6.300242 1.017600
6.236823 1.016969
6.237826 1.016979
6.622742 1.020808
6.613626 1.020717
6.591308 1.020495
6.532474 1.019910
6.300948 1.017607
6.198943 1.016592
6.134489 1.015951
6.131648 1.015923
6.111825 1.015725
6.111825 1.015725
6.184976 1.016453
6.156758 1.016172
6.265659 1.017256
6.335817 1.017954
6.335934 1.017955
6.335710 1.017952
6.422925 1.018820
6.483567 1.019423
6.533958 1.019925
6.533958 1.019925
6.593629 1.020518
6.570293 1.020286
6.493321 1.019520
6.506320 1.019650
6.501798 1.019605
6.507698 1.019663
6.526660 1.019852
6.533862 1.019924
6.525946 1.019845
5.767971 1.012305
5.752039 1.012147
5.735205 1.011979
5.773480 1.012360
5.687171 1.011501
5.723337 1.011861
5.732452 1.011952
5.754396 1.012170
5.712402 1.011752
5.712402 1.011752
5.725195 1.011880
5.721818 1.011846
5.727728 1.011905
5.718040 1.011808
5.635284 1.010985
5.635284 1.010985
5.637620 1.011008
5.617579 1.010809
5.582285 1.010458
5.553250 1.010169
5.529229 1.009930
6.231899 1.016920
6.249215 1.017092
6.276320 1.017362
6.192955 1.016532
6.210951 1.016711
6.208263 1.016685
6.195380 1.016557
6.229107 1.016892
6.229579 1.016897
6.261690 1.017216
6.244307 1.017043
6.251279 1.017113
6.270564 1.017304
6.270564 1.017304
6.338014 1.017975
6.351202 1.018107
6.374003 1.018333
6.374003 1.018333
6.415764 1.018749
6.445875 1.019048
6.423719 1.018828
6.985536 1.024416
6.984435 1.024405
6.507644 1.019663
6.512419 1.019710
6.512419 1.019710
6.453441 1.019124
6.388957 1.018482
6.388957 1.018482
6.384794 1.018441
6.304778 1.017645
6.302660 1.017624
6.325616 1.017852
6.328190 1.017878
6.325739 1.017853
6.241317 1.017014
6.168192 1.016286
6.200044 1.016603
6.203893 1.016641
6.105121 1.015659
6.082063 1.015429
6.083663 1.015445
6.083663 1.015445
6.386276 1.018455
6.397501 1.018567
6.374615 1.018339
6.355937 1.018154
6.458173 1.019171
6.455474 1.019144
6.443710 1.019027
6.449380 1.019083
6.384232 1.018435
6.404493 1.018637
6.406673 1.018658
6.393737 1.018530
6.319423 1.017790
6.330481 1.017900
6.339813 1.017993
6.388581 1.018478
6.391306 1.018506
6.394782 1.018540
6.500737 1.019594
6.525252 1.019838
6.574150 1.020324
6.574974 1.020332
6.657047 1.021149
6.631817 1.020898
6.630879 1.020889
6.648649 1.021065
6.643222 1.021011
6.643222 1.021011
6.644808 1.021027
6.647642 1.021055
6.647642 1.021055
6.664488 1.021223
6.692058 1.021497
6.382008 1.018413
6.380662 1.018400
6.381861 1.018412
6.352143 1.018116
6.345212 1.018047
6.829326 1.022863
6.828989 1.022859
6.813442 1.022705
6.824833 1.022818
7.029261 1.024851
7.027716 1.024836
7.052538 1.025083
7.131212 1.025865
7.139773 1.025951
6.618018 1.020761
6.915570 1.023720
6.906431 1.023630
6.920803 1.023773
6.927020 1.023834
6.880510 1.023372
6.911684 1.023682
6.945083 1.024014
7.064304 1.025200
7.067011 1.025227
6.783446 1.022406
6.792480 1.022496
6.666828 1.021246
6.686570 1.021443
6.658300 1.021161
6.823708 1.022807
6.537512 1.019960
6.537088 1.019956
6.537088 1.019956
6.519079 1.019777
6.386570 1.018458
5.990120 1.014515
6.013544 1.014748
6.021052 1.014823
6.016527 1.014778
6.022519 1.014837
5.988145 1.014495
6.443832 1.019028
6.413262 1.018724
6.353947 1.018134
6.361209 1.018206
6.361869 1.018213
6.369730 1.018291
6.407804 1.018670
6.415609 1.018747
6.415102 1.018742
6.398930 1.018581
6.423138 1.018822
6.413895 1.018730
6.417170 1.018763
6.415695 1.018748
6.609481 1.020676
6.618705 1.020767
6.565441 1.020238
6.665192 1.021230
5.987646 1.014490
6.006318 1.014676
6.015640 1.014769
5.982399 1.014438
5.984966 1.014464
5.989480 1.014508
6.020558 1.014818
5.935514 1.013972
5.971057 1.014325
5.993688 1.014550
6.007564 1.014688
6.004040 1.014653
5.984294 1.014457
5.971250 1.014327
5.973325 1.014348
5.973325 1.014348
5.993940 1.014553
5.899370 1.013612
5.916137 1.013779
5.908168 1.013700
5.889281 1.013512
5.888506 1.013504
5.963167 1.014247
5.945865 1.014075
5.956733 1.014183
5.966876 1.014284
5.767251 1.012298
5.754325 1.012169
5.694829 1.011578
5.701768 1.011647
5.701768 1.011647
5.685880 1.011489
5.664658 1.011277
5.631200 1.010945
6.052267 1.015133
6.026113 1.014873
6.051160 1.015122
6.051160 1.015122
6.040183 1.015013
6.051128 1.015122
6.058826 1.015198
6.090926 1.015518
6.068328 1.015293
6.068328 1.015293
6.071644 1.015326
6.074471 1.015354
6.068770 1.015297
6.008437 1.014697
6.006369 1.014676
5.989982 1.014513
5.987470 1.014488
5.976411 1.014378
6.589524 1.020477
6.579583 1.020378
6.566088 1.020244
7.116865 1.025723
7.133662 1.025890
7.081128 1.025367
7.090483 1.025460
7.142641 1.025979
7.132089 1.025874
7.142120 1.025974
6.515917 1.019745
6.485897 1.019446
6.194140 1.016544
6.192543 1.016528
6.186664 1.016470
6.199862 1.016601
6.251748 1.017117
6.252179 1.017122
6.243284 1.017033
6.217611 1.016778
5.806563 1.012689
5.740666 1.012033
5.737071 1.011998
5.678580 1.011416
5.758432 1.012210
5.758432 1.012210
5.763739 1.012263
5.762116 1.012247
5.788332 1.012508
5.775053 1.012376
5.771439 1.012340
5.771752 1.012343
5.774654 1.012372
5.772085 1.012346
5.771620 1.012341
5.771475 1.012340
5.740053 1.012027
5.752304 1.012149
5.753341 1.012160
5.736695 1.011994
5.780399 1.012429
5.783861 1.012463
6.602543 1.020607
6.937249 1.023936
6.972818 1.024290
7.010099 1.024661
7.046765 1.025025
7.002145 1.024582
6.990288 1.024464
6.993625 1.024497
6.987188 1.024433
7.146624 1.026019
7.149510 1.026048
7.168868 1.026240
6.231811 1.016919
6.231460 1.016916
5.979206 1.014406
6.111437 1.015722
6.408745 1.018679
6.113692 1.015744
6.145524 1.016061
6.140039 1.016006
6.291625 1.017514
6.290729 1.017505
6.294242 1.017540
6.272889 1.017328
6.232911 1.016930
6.235070 1.016951
6.303365 1.017631
6.304113 1.017638
6.292349 1.017521
6.284012 1.017438
6.286458 1.017463
6.245070 1.017051
6.277168 1.017370
6.658656 1.021165
6.668663 1.021264
6.663988 1.021218
6.663988 1.021218
6.689508 1.021472
6.672765 1.021305
6.300061 1.017598
5.672857 1.011359
5.654923 1.011181
5.674562 1.011376
5.659348 1.011225
5.654713 1.011178
5.696636 1.011596
5.713190 1.011760
5.713190 1.011760
5.728127 1.011909
5.750831 1.012135
5.757646 1.012202
5.757093 1.012197
5.736307 1.011990
5.740217 1.012029
5.756012 1.012186
5.858300 1.013204
5.843782 1.013059
5.839535 1.013017
5.842717 1.013049
5.874711 1.013367
5.883162 1.013451
5.883162 1.013451
5.910575 1.013724
5.951973 1.014135
6.189719 1.016500
6.170141 1.016306
6.120723 1.015814
6.132656 1.015933
6.121738 1.015824
6.152233 1.016127
6.128383 1.015890
6.206117 1.016663
6.206696 1.016669
6.212817 1.016730
6.208564 1.016688
6.202751 1.016630
6.196676 1.016569
6.244296 1.017043
6.244296 1.017043
6.202407 1.016627
6.173606 1.016340
6.229230 1.016893
6.240939 1.017010
6.210210 1.016704
6.220825 1.016810
6.241059 1.017011
6.262586 1.017225
6.249127 1.017091
6.244696 1.017047
6.288788 1.017486
6.277350 1.017372
6.293651 1.017534
6.282858 1.017427
6.282858 1.017427
6.322761 1.017824
6.321418 1.017810
6.245933 1.017059
6.190519 1.016508
6.157368 1.016178
6.156472 1.016170
6.149984 1.016105
6.153293 1.016138
6.110117 1.015708
6.061987 1.015230
6.047512 1.015086
6.112872 1.015736
6.110997 1.015717
6.102925 1.015637
6.123843 1.015845
6.122810 1.015835
6.116210 1.015769
6.135810 1.015964
6.131505 1.015921
6.131505 1.015921
6.131505 1.015921
6.144657 1.016052
6.114785 1.015755
6.024399 1.014856
6.037846 1.014990
6.066965 1.015279
6.149381 1.016099
6.152606 1.016131
6.173526 1.016339
6.571791 1.020301
6.531756 1.019903
6.538491 1.019970
6.547755 1.020062
6.572887 1.020312
6.575156 1.020334
6.597779 1.020559
6.578601 1.020369
6.578601 1.020369
6.483299 1.019421
6.495948 1.019546
6.514791 1.019734
6.521857 1.019804
6.522837 1.019814
6.518539 1.019771
6.466057 1.019249
6.445360 1.019043
6.472382 1.019312
6.470844 1.019297
6.463988 1.019228
7.499823 1.029532
7.496966 1.029504
7.475226 1.029287
7.955377 1.034064
7.942034 1.033931
8.000155 1.034509
7.970118 1.034210
7.963170 1.034141
7.953719 1.034047
8.016026 1.034667
7.986451 1.034373
7.863724 1.033152
7.975602 1.034265
8.017470 1.034681
8.112675 1.035628
8.099322 1.035495
8.101017 1.035512
8.200406 1.036501
8.200406 1.036501
8.290163 1.037394
7.115079 1.025705
7.125755 1.025811
7.120561 1.025760
7.197798 1.026528
7.200182 1.026552
7.151449 1.026067
7.151449 1.026067
7.153292 1.026085
7.147545 1.026028
7.191171 1.026462
7.311328 1.027657
7.311328 1.027657
7.363689 1.028178
7.378164 1.028322
7.367544 1.028216
7.366092 1.028202
7.366092 1.028202
7.370618 1.028247
7.361549 1.028157
7.350490 1.028047
7.317613 1.027720
7.307007 1.027614
7.471253 1.029248
7.494461 1.029479
7.486564 1.029400
7.483771 1.029372
7.458890 1.029125
7.460927 1.029145
7.460927 1.029145
7.465844 1.029194
7.648075 1.031007
7.649472 1.031021
7.589931 1.030428
7.512421 1.029657
7.563347 1.030164
7.566865 1.030199
7.594194 1.030471
7.594194 1.030471
7.649395 1.031020
7.593337 1.030462
7.594169 1.030471
7.531794 1.029850
7.442560 1.028963
7.417284 1.028711
7.166881 1.026220
7.099287 1.025548
7.092908 1.025484
7.066833 1.025225
7.112355 1.025678
7.131980 1.025873
7.253080 1.027078
7.242551 1.026973
7.258575 1.027132
7.257507 1.027122
7.279861 1.027344
7.277669 1.027322
7.276617 1.027312
7.268052 1.027227
7.268812 1.027234
7.270429 1.027250
7.271740 1.027263
7.351881 1.028061
7.343183 1.027974
7.348249 1.028024
7.222365 1.026772
7.229047 1.026839
7.185387 1.026404
7.185387 1.026404
7.152048 1.026073
7.230944 1.026858
7.170202 1.026253
7.170202 1.026253
7.368415 1.028225
7.546454 1.029996
7.545896 1.029990
7.559482 1.030126
7.605933 1.030588
7.636236 1.030889
7.636927 1.030896
7.659734 1.031123
7.702382 1.031547
7.728878 1.031811
7.680632 1.031331
7.668430 1.031209
7.666543 1.031191
7.672896 1.031254
7.626185 1.030789
7.676306 1.031288
7.561631 1.030147
7.647620 1.031002
7.334417 1.027887
7.348804 1.028030
7.343550 1.027978
7.336390 1.027906
7.367756 1.028218
7.333485 1.027878
7.231665 1.026865
7.226391 1.026812
7.449884 1.029035
7.566431 1.030195
7.588091 1.030410
7.570608 1.030236
7.608499 1.030613
7.608182 1.030610
7.603012 1.030559
7.595326 1.030482
7.481536 1.029350
7.643521 1.030962
7.615324 1.030681
7.615324 1.030681
7.615285 1.030681
7.661559 1.031141
7.330450 1.027847
7.315247 1.027696
7.365252 1.028194
7.360003 1.028141
7.337179 1.027914
7.371596 1.028257
7.356735 1.028109
7.402645 1.028565
7.396608 1.028505
7.428455 1.028822
7.420621 1.028744
7.418836 1.028727
7.421889 1.028757
7.465006 1.029186
6.662996 1.021208
6.673263 1.021310
6.670389 1.021282
6.668369 1.021262
6.668369 1.021262
6.661890 1.021197
6.661890 1.021197
6.692956 1.021506
6.710817 1.021684
6.723619 1.021811
6.829266 1.022862
6.777437 1.022346
6.778589 1.022358
6.798420 1.022555
6.796355 1.022535
6.791980 1.022491
6.813255 1.022703
6.879110 1.023358
6.826725 1.022837
6.841841 1.022987
6.839574 1.022965
6.817883 1.022749
6.904203 1.023607
6.951741 1.024080
6.951741 1.024080
7.180683 1.026358
7.212892 1.026678
7.214074 1.026690
7.204778 1.026597
7.091925 1.025475
7.088282 1.025438
7.105751 1.025612
7.110375 1.025658
7.081332 1.025369
7.525358 1.029786
7.369088 1.028232
7.356992 1.028111
7.362285 1.028164
7.365473 1.028196
7.428221 1.028820
7.418992 1.028728
7.381644 1.028357
7.368224 1.028223
7.183212 1.026383
7.174376 1.026295
7.141139 1.025964
7.144624 1.025999
7.149620 1.026049
7.189541 1.026446
7.337440 1.027917
7.324021 1.027783
7.324021 1.027783
7.386405 1.028404
7.377572 1.028316
7.303715 1.027581
7.391667 1.028456
7.373488 1.028275
7.405730 1.028596
7.409233 1.028631
7.394769 1.028487
7.382307 1.028363
7.401937 1.028558
7.396280 1.028502
7.396280 1.028502
7.312748 1.027671
7.312748 1.027671
7.264922 1.027196
7.281677 1.027362
7.280518 1.027351
7.277818 1.027324
7.160969 1.026162
7.195021 1.026500
7.214478 1.026694
7.223591 1.026784
7.214670 1.026696
7.424250 1.028780
7.425035 1.028788
7.481356 1.029348
7.488917 1.029424
7.509139 1.029625
7.474332 1.029279
7.468702 1.029223
6.788802 1.022459
6.719571 1.021771
6.748903 1.022063
6.659000 1.021168
6.660199 1.021180
6.658218 1.021161
6.612719 1.020708
6.721829 1.021793
6.636472 1.020944
6.860362 1.023171
6.744072 1.022015
6.740662 1.021981
6.740662 1.021981
6.749632 1.022070
6.742815 1.022002
6.743938 1.022013
6.705272 1.021629
6.702590 1.021602
6.700006 1.021576
6.706224 1.021638
6.664596 1.021224
6.711812 1.021694
6.663290 1.021211
6.667903 1.021257
6.701247 1.021589
6.701431 1.021590
6.703110 1.021607
6.704692 1.021623
6.650482 1.021084
6.610846 1.020689
6.633535 1.020915
6.639425 1.020974
6.639425 1.020974
6.654364 1.021122
6.542037 1.020005
6.560123 1.020185
6.558187 1.020166
6.549989 1.020084
6.558875 1.020172
6.573985 1.020323
6.579023 1.020373
6.582875 1.020411
6.561346 1.020197
6.563289 1.020216
6.368099 1.018275
6.373522 1.018329
6.373522 1.018329
6.617594 1.020756
6.670461 1.021282
6.597447 1.020556
6.594508 1.020527
6.596100 1.020543
6.597740 1.020559
6.568944 1.020273
7.470972 1.029245
7.480839 1.029343
7.480123 1.029336
7.294292 1.027488
7.356876 1.028110
7.398083 1.028520
7.276724 1.027313
6.931752 1.023881
7.014783 1.024707
7.023531 1.024794
7.008757 1.024647
7.001615 1.024576
7.068536 1.025242
7.112883 1.025683
7.118457 1.025739
7.145801 1.026011
7.086619 1.025422
7.034334 1.024902
7.080829 1.025364
7.080829 1.025364
7.079061 1.025347
7.132188 1.025875
7.132183 1.025875
6.340797 1.018003
6.333609 1.017932
6.341101 1.018006
6.341101 1.018006
6.354759 1.018142
6.363839 1.018232
6.364266 1.018237
6.376781 1.018361
6.380140 1.018394
6.386822 1.018461
6.404289 1.018635
6.429097 1.018881
6.416086 1.018752
6.707340 1.021649
6.689952 1.021476
6.678372 1.021361
6.685680 1.021434
6.690085 1.021478
6.709521 1.021671
6.722616 1.021801
6.757027 1.022143
6.755413 1.022127
6.767677 1.022249
6.755104 1.022124
6.733342 1.021908
6.701441 1.021590
6.689167 1.021468
6.668048 1.021258
6.683498 1.021412
6.677911 1.021356
6.684265 1.021420
6.658808 1.021166
6.689768 1.021474
6.700603 1.021582
6.700603 1.021582
6.709821 1.021674
6.710770 1.021683
6.755082 1.022124
6.780193 1.022374
6.706514 1.021641
6.786813 1.022440
6.773563 1.022308
6.773563 1.022308
6.773563 1.022308
6.790094 1.022472
6.886023 1.023427
6.884850 1.023415
6.861574 1.023183
6.861513 1.023183
7.141985 1.025973
7.055909 1.025116
7.040635 1.024965
7.027308 1.024832
7.000105 1.024561
7.028306 1.024842
7.163674 1.026188
7.231850 1.026867
7.253824 1.027085
7.246752 1.027015
7.190461 1.026455
7.149199 1.026044
7.142346 1.025976
7.127033 1.025824
7.138842 1.025941
7.358834 1.028130
7.307875 1.027623
7.307422 1.027618
7.520051 1.029733
7.513244 1.029666
7.530829 1.029841
7.470264 1.029238
7.470264 1.029238
7.470264 1.029238
7.424479 1.028783
7.415664 1.028695
7.428476 1.028822
7.432051 1.028858
7.453992 1.029076
7.453328 1.029070
7.416646 1.028705
7.411652 1.028655
7.395703 1.028496
7.351685 1.028059
7.353233 1.028074
7.280382 1.027349
7.272408 1.027270
7.256755 1.027114
7.276063 1.027306
7.215664 1.026706
7.215466 1.026704
7.259302 1.027140
7.311529 1.027659
7.319198 1.027735
7.321339 1.027757
7.293388 1.027479
7.331001 1.027853
7.346928 1.028011
7.366000 1.028201
7.357836 1.028120
7.332216 1.027865
7.373087 1.028271
7.370585 1.028247
7.360102 1.028142
7.359598 1.028137
7.387937 1.028419
7.381482 1.028355
7.381812 1.028358
7.323570 1.027779
7.048862 1.025046
7.017191 1.024731
7.001082 1.024571
7.018231 1.024742
6.974270 1.024304
6.982581 1.024387
6.980406 1.024365
6.988891 1.024450
6.970572 1.024268
6.972096 1.024283
6.976161 1.024323
6.925577 1.023820
6.906604 1.023631
6.904309 1.023608
6.934766 1.023911
6.929175 1.023856
6.929851 1.023863
6.936849 1.023932
6.996693 1.024527
6.997930 1.024540
7.012899 1.024689
7.059215 1.025149
7.029719 1.024856
7.055593 1.025113
7.040245 1.024961
7.087335 1.025429
7.099207 1.025547
7.081475 1.025371
7.081869 1.025375
6.803676 1.022607
6.855997 1.023128
7.191785 1.026468
7.263567 1.027182
7.277198 1.027318
7.480452 1.029339
7.488156 1.029416
7.483495 1.029370
7.356530 1.028107
7.495852 1.029493
7.488684 1.029421
7.466893 1.029205
7.438919 1.028926
7.397069 1.028510
7.443088 1.028968
7.484550 1.029380
7.442457 1.028962
7.415860 1.028697
7.378277 1.028323
7.378751 1.028328
7.375066 1.028291
7.406416 1.028603
7.403777 1.028577
7.359303 1.028134
7.301796 1.027562
7.343470 1.027977
7.325411 1.027797
7.465897 1.029195
7.439652 1.028934
7.437304 1.028910
7.426349 1.028801
7.423772 1.028776
7.420547 1.028744
7.398405 1.028523
7.434130 1.028879
7.369186 1.028233
7.346287 1.028005
7.360648 1.028148
7.024751 1.024807
7.074432 1.025301
6.980986 1.024371
6.983520 1.024396
6.861743 1.023185
6.841992 1.022989
6.973026 1.024292
6.934324 1.023907
7.003124 1.024591
7.012617 1.024686
7.345873 1.028001
7.278853 1.027334
6.631832 1.020898
6.634684 1.020926
6.638649 1.020966
6.633097 1.020911
6.640056 1.020980
6.663868 1.021217
6.670465 1.021282
6.699764 1.021574
6.703554 1.021612
6.745579 1.022030
6.539835 1.019983
6.451998 1.019109
6.976449 1.024326
6.977648 1.024338
6.845891 1.023027
6.924344 1.023808
6.889833 1.023464
6.842818 1.022997
6.307178 1.017669
6.287574 1.017474
6.376856 1.018362
6.371203 1.018306
6.399737 1.018589
6.469691 1.019285
6.466564 1.019254
6.469037 1.019279
7.421477 1.028753
6.946166 1.024025
6.933643 1.023900
6.940521 1.023969
6.942484 1.023988
6.948872 1.024052
6.970987 1.024272
6.991132 1.024472
6.989072 1.024452
6.968331 1.024245
6.006544 1.014678
6.002968 1.014643
5.993705 1.014551
5.993168 1.014545
5.956324 1.014179
5.957024 1.014186
5.913611 1.013754
5.924248 1.013860
5.935242 1.013969
5.938038 1.013997
5.944382 1.014060
5.944382 1.014060
5.949766 1.014113
5.851989 1.013141
5.811878 1.012742
5.526466 1.009903
5.525690 1.009895
5.563881 1.010275
5.555787 1.010194
5.533861 1.009976
5.520276 1.009841
5.493081 1.009571
5.485737 1.009498
5.485737 1.009498
5.500362 1.009643
5.505824 1.009697
5.517524 1.009814
5.513841 1.009777
5.519867 1.009837
5.553158 1.010168
5.560092 1.010237
5.594574 1.010580
5.581766 1.010453
5.647995 1.011112
5.646055 1.011092
5.645499 1.011087
5.647146 1.011103
5.652119 1.011153
5.655721 1.011189
5.658944 1.011221
5.689928 1.011529
5.617910 1.010812
5.611567 1.010749
5.624400 1.010877
5.628367 1.010916
5.566464 1.010301
5.543205 1.010069
5.538112 1.010019
5.528299 1.009921
5.870024 1.013320
5.895416 1.013573
5.893959 1.013558
5.865713 1.013277
5.856997 1.013191
5.864089 1.013261
5.828341 1.012906
5.840465 1.013026
5.840457 1.013026
5.841965 1.013041
5.850003 1.013121
5.843453 1.013056
6.052610 1.015136
6.073610 1.015345
6.140167 1.016007
5.901346 1.013632
5.901346 1.013632
5.916670 1.013784
5.929790 1.013915
5.914037 1.013758
5.983574 1.014450
6.002790 1.014641
5.993513 1.014549
5.992159 1.014535
5.977337 1.014388
5.986144 1.014475
5.950632 1.014122
5.934605 1.013963
5.958420 1.014200
6.010279 1.014715
5.979335 1.014408
5.977530 1.014390
5.985630 1.014470
6.067321 1.015283
6.059792 1.015208
6.502484 1.019611
6.468769 1.019276
6.557279 1.020156
6.561943 1.020203
6.499467 1.019581
6.525039 1.019836
6.564601 1.020229
6.569186 1.020275
6.575751 1.020340
6.593360 1.020515
6.566614 1.020249
6.356530 1.018160
6.230829 1.016909
6.229477 1.016896
6.220743 1.016809
6.114456 1.015752
6.072325 1.015333
6.068940 1.015299
6.041185 1.015023
6.040843 1.015019
6.046092 1.015072
5.971342 1.014328
5.978114 1.014395
5.997509 1.014588
5.997509 1.014588
5.941180 1.014028
5.940776 1.014024
6.000655 1.014620
6.059437 1.015204
6.038350 1.014995
6.090562 1.015514
6.076353 1.015373
6.059522 1.015205
6.061894 1.015229
6.060475 1.015215
6.060475 1.015215
5.825090 1.012873
5.827420 1.012896
5.819187 1.012815
5.737756 1.012005
5.748665 1.012113
5.248814 1.007141
5.342814 1.008076
5.355300 1.008200
5.343214 1.008080
5.341824 1.008066
5.457645 1.009218
5.439564 1.009038
5.439564 1.009038
5.440848 1.009051
5.450926 1.009151
5.463036 1.009272
5.799902 1.012623
5.797852 1.012602
5.793995 1.012564
5.858742 1.013208
5.862865 1.013249
5.873450 1.013354
5.894765 1.013566
5.964727 1.014262
5.947885 1.014095
5.928376 1.013901
5.927311 1.013890
5.890675 1.013526
5.887213 1.013491
5.877388 1.013393
5.854357 1.013164
5.865898 1.013279
5.886151 1.013481
5.902147 1.013640
5.891143 1.013530
5.868170 1.013302
5.752305 1.012149
5.667408 1.011305
5.655259 1.011184
5.655259 1.011184
5.648086 1.011113
5.791541 1.012540
5.806428 1.012688
5.937736 1.013994
6.050260 1.015113
6.046266 1.015073
6.066476 1.015274
6.122185 1.015829
6.141148 1.016017
6.151693 1.016122
6.147590 1.016081
6.112997 1.015737
6.131420 1.015920
6.141722 1.016023
6.124326 1.015850
6.123041 1.015837
6.111893 1.015726
6.122736 1.015834
6.171198 1.016316
6.175099 1.016355
6.168813 1.016292
6.204395 1.016646
6.223165 1.016833
6.253600 1.017136
6.250302 1.017103
6.215619 1.016758
6.215659 1.016758
6.223362 1.016835
6.259468 1.017194
6.266623 1.017265
6.266623 1.017265
6.071880 1.015328
6.071880 1.015328
5.917459 1.013792
5.894450 1.013563
5.875600 1.013376
5.881974 1.013439
5.867919 1.013299
5.866650 1.013287
5.876348 1.013383
5.621464 1.010848
5.627841 1.010911
5.632707 1.010960
5.616783 1.010801
5.560277 1.010239
5.550805 1.010145
5.549159 1.010129
5.527103 1.009909
5.601450 1.010649
5.613026 1.010764
5.613026 1.010764
5.607184 1.010706
5.702137 1.011650
5.702137 1.011650
5.624626 1.010879
5.592786 1.010562
5.600673 1.010641
5.595177 1.010586
5.596627 1.010601
5.593810 1.010573
5.579021 1.010426
5.601616 1.010650
5.601616 1.010650
5.516671 1.009805
5.597432 1.010609
5.525185 1.009890
5.425117 1.008895
5.421905 1.008863
5.417882 1.008823
5.386806 1.008514
5.384453 1.008490
5.378926 1.008435
5.364977 1.008296
5.363231 1.008279
5.355360 1.008201
5.346206 1.008110
5.364751 1.008294
5.376982 1.008416
5.376982 1.008416
5.376982 1.008416
5.402575 1.008670
5.397951 1.008624
5.390233 1.008548
5.449192 1.009134
5.444642 1.009089
5.697309 1.011602
5.609799 1.010732
5.565618 1.010292
5.575052 1.010386
5.566609 1.010302
5.524388 1.009882
5.524866 1.009887
5.529290 1.009931
5.536626 1.010004
5.530715 1.009945
5.516944 1.009808
5.516944 1.009808
5.495997 1.009600
5.574786 1.010383
5.594797 1.010582
5.594797 1.010582
5.587399 1.010509
5.586406 1.010499
5.595412 1.010589
5.627680 1.010910
5.603372 1.010668
5.586030 1.010495
5.600865 1.010643
5.627025 1.010903
5.641705 1.011049
5.696025 1.011589
5.721170 1.011840
5.725340 1.011881
5.723937 1.011867
5.714304 1.011771
5.712966 1.011758
5.729941 1.011927
5.737512 1.012002
5.735077 1.011978
5.746611 1.012093
5.721746 1.011845
5.820391 1.012827
5.828646 1.012909
5.844448 1.013066
5.843842 1.013060
5.844951 1.013071
5.846027 1.013082
5.792633 1.012550
5.784214 1.012467
5.689424 1.011524
5.675428 1.011385
5.713387 1.011762
5.704575 1.011674
6.072505 1.015334
5.894761 1.013566
5.873672 1.013357
5.839000 1.013012
5.841993 1.013041
5.837903 1.013001
5.833066 1.012953
5.831159 1.012934
5.770010 1.012325
5.829873 1.012921
5.850828 1.013129
5.850828 1.013129
5.840072 1.013022
5.857405 1.013195
5.859607 1.013217
5.857432 1.013195
5.857308 1.013194
5.855104 1.013172
5.930914 1.013926
5.870084 1.013321
5.876992 1.013390
5.874804 1.013368
5.862433 1.013245
5.856135 1.013182
5.856135 1.013182
5.858612 1.013207
5.850173 1.013123
5.850173 1.013123
5.854894 1.013170
5.852011 1.013141
5.846479 1.013086
5.903234 1.013651
5.898020 1.013599
5.840582 1.013027
5.857925 1.013200
5.863738 1.013258
5.860695 1.013227
5.869091 1.013311
5.863682 1.013257
5.876521 1.013385
5.960332 1.014219
5.876334 1.013383
5.860421 1.013225
5.897536 1.013594
5.895089 1.013570
5.900713 1.013625
5.804636 1.012670
5.880396 1.013423
5.890458 1.013523
5.890972 1.013529
5.880225 1.013422
5.885948 1.013479
5.886947 1.013489
5.863738 1.013258
5.844681 1.013068
5.802923 1.012653
5.881363 1.013433
5.874007 1.013360
5.874007 1.013360
5.873437 1.013354
5.908061 1.013699
5.908061 1.013699
5.875027 1.013370
5.883374 1.013453
5.841395 1.013035
5.819295 1.012816
5.755432 1.012180
5.733261 1.011960
5.727112 1.011899
5.705434 1.011683
5.722283 1.011851
5.728442 1.011912
5.670711 1.011338
5.675518 1.011385
5.693231 1.011562
5.731501 1.011942
5.751402 1.012140
5.712905 1.011757
5.702235 1.011651
5.702235 1.011651
5.793738 1.012561
5.849041 1.013112
5.817375 1.012797
5.770868 1.012334
5.798620 1.012610
5.793096 1.012555
5.766617 1.012292
5.764099 1.012267
5.764099 1.012267
5.748969 1.012116
5.728825 1.011916
5.705794 1.011687
5.749085 1.012117
5.826395 1.012886
5.804200 1.012665
5.758015 1.012206
5.741487 1.012042
5.759161 1.012217
5.857521 1.013196
5.775287 1.012378
5.826675 1.012889
5.779304 1.012418
5.704171 1.011670
5.506944 1.009709
5.519547 1.009834
5.651741 1.011149
5.659384 1.011225
5.526068 1.009899
5.525343 1.009892
5.525343 1.009892
5.519052 1.009829
5.278522 1.007436
5.259102 1.007243
5.351501 1.008162
5.316198 1.007811
5.318097 1.007830
5.314896 1.007798
5.321960 1.007869
5.272691 1.007378
5.276396 1.007415
5.266925 1.007321
5.248636 1.007139
5.244974 1.007103
5.241011 1.007063
5.184145 1.006498
5.186501 1.006521
5.469864 1.009340
5.461364 1.009255
5.449385 1.009136
5.446307 1.009105
5.444561 1.009088
5.444352 1.009086
5.412885 1.008773
5.470630 1.009347
5.611540 1.010749
5.618425 1.010818
5.688698 1.011517
5.712260 1.011751
5.708458 1.011713
5.826817 1.012890
5.804616 1.012670
5.902291 1.013641
5.905658 1.013675
5.896352 1.013582
5.909034 1.013708
5.937633 1.013993
5.956050 1.014176
5.959031 1.014206
5.956213 1.014178
5.954229 1.014158
5.974428 1.014359
5.960081 1.014216
5.962177 1.014237
5.959331 1.014209
5.927185 1.013889
6.523702 1.019822
6.574736 1.020330
6.557929 1.020163
6.535468 1.019940
6.639535 1.020975
6.639929 1.020979
6.414545 1.018737
6.420308 1.018794
6.411778 1.018709
5.738795 1.012015
5.678875 1.011419
5.772579 1.012351
5.771050 1.012336
5.791585 1.012540
5.787925 1.012504
5.775666 1.012382
5.737220 1.011999
5.749753 1.012124
5.863572 1.013256
5.865517 1.013275
5.837890 1.013001
5.831274 1.012935
5.823762 1.012860
5.884350 1.013463
5.910966 1.013727
6.810338 1.022674
6.761199 1.022185
6.766150 1.022234
6.958404 1.024147
6.984296 1.024404
6.175458 1.016358
6.182299 1.016426
6.102301 1.015631
6.277548 1.017374
6.221861 1.016820
6.221861 1.016820
6.219827 1.016800
6.179907 1.016403
6.212432 1.016726
6.217256 1.016774
6.236726 1.016968
6.274045 1.017339
6.276777 1.017366
6.345632 1.018051
6.347377 1.018069
6.630997 1.020890
6.630997 1.020890
6.590963 1.020492
6.478903 1.019377
6.567200 1.020255
6.561754 1.020201
6.559999 1.020184
6.559999 1.020184
6.530463 1.019890
6.647390 1.021053
6.630452 1.020884
6.556762 1.020151
6.548673 1.020071
6.268742 1.017286
6.214030 1.016742
6.178232 1.016386
6.085253 1.015461
6.083018 1.015439
6.141818 1.016024
6.197881 1.016581
6.216582 1.016768
6.215302 1.016755
6.226342 1.016865
6.188827 1.016491
6.104077 1.015648
6.110632 1.015714
6.102696 1.015635
6.141468 1.016020
5.930079 1.013918
5.912521 1.013743
5.940749 1.014024
5.938182 1.013998
5.950571 1.014121
5.935368 1.013970
5.936969 1.013986
5.939601 1.014012
5.781481 1.012439
5.795832 1.012582
5.857436 1.013195
5.843071 1.013052
5.847347 1.013095
5.842249 1.013044
6.007683 1.014690
5.975793 1.014372
5.971508 1.014330
5.988746 1.014501
5.990390 1.014518
5.989660 1.014510
5.985536 1.014469
5.977228 1.014387
