57.965948 2.552545
56.550090 2.529072
54.545474 2.495839
51.370311 2.443199
50.998536 2.437035
47.832597 2.384548
45.328730 2.343037
42.724020 2.299855
42.993274 2.304319
42.446199 2.295249
40.465344 2.262409
40.689729 2.266129
37.986582 2.221315
38.339862 2.227172
37.941526 2.220568
36.092012 2.189905
33.557337 2.147884
33.355328 2.144535
33.329612 2.144108
31.832103 2.119282
31.720897 2.117438
30.403041 2.095590
30.171994 2.091759
31.256982 2.109747
31.256982 2.109747
31.246953 2.109581
30.442949 2.096252
31.057612 2.106442
31.057612 2.106442
31.057612 2.106442
31.095565 2.107071
30.176664 2.091837
30.517885 2.097494
30.377146 2.095161
30.377146 2.095161
30.112680 2.090776
28.840687 2.069688
28.481554 2.063734
28.343558 2.061447
28.340196 2.061391
28.449135 2.063197
28.524686 2.064449
28.524686 2.064449
28.639750 2.066357
28.672668 2.066903
27.404759 2.045883
28.386613 2.062160
26.843407 2.036576
25.885236 2.020691
25.882586 2.020647
25.832348 2.019814
25.420815 2.012991
24.388348 1.995875
23.784749 1.985868
24.197490 1.992710
24.324884 1.994822
25.649379 2.016781
25.698357 2.017593
25.862511 2.020314
24.719060 2.001357
23.604553 1.982880
24.289037 1.994228
24.275395 1.994002
24.200963 1.992768
23.894114 1.987681
23.927475 1.988234
24.062482 1.990472
24.184091 1.992488
24.196684 1.992697
24.125228 1.991512
24.013362 1.989658
24.107308 1.991215
24.107308 1.991215
24.718951 2.001355
24.576524 1.998994
24.563032 1.998771
24.563032 1.998771
24.563032 1.998771
24.666418 2.000485
24.467815 1.997192
24.442550 1.996773
26.252581 2.026781
26.261859 2.026935
26.259116 2.026889
26.259116 2.026889
25.669225 2.017110
25.008235 2.006151
25.008235 2.006151
24.584354 1.999124
24.695950 2.000974
24.682570 2.000752
24.672799 2.000590
24.733949 2.001604
24.313474 1.994633
24.125032 1.991509
24.094527 1.991003
24.484624 1.997471
24.321950 1.994774
24.336704 1.995018
24.336704 1.995018
24.305621 1.994503
23.852078 1.986984
23.852138 1.986985
23.852138 1.986985
25.067944 2.007141
25.206606 2.009440
25.245965 2.010093
25.240070 2.009995
25.235575 2.009920
25.232703 2.009873
25.232703 2.009873
24.816850 2.002979
24.820200 2.003034
24.665817 2.000475
24.044993 1.990182
24.198454 1.992726
24.184171 1.992490
23.295289 1.977753
23.787351 1.985911
23.635337 1.983391
24.240234 1.993419
24.301651 1.994437
24.497835 1.997690
24.321838 1.994772
24.322740 1.994787
24.776617 2.002311
24.776617 2.002311
25.563161 2.015351
25.572535 2.015507
25.569314 2.015453
25.566952 2.015414
25.864827 2.020353
25.703047 2.017670
25.640388 2.016632
24.706622 2.001151
24.706622 2.001151
23.688950 1.984279
23.711996 1.984662
23.711996 1.984662
23.843182 1.986836
23.585133 1.982558
23.585133 1.982558
23.592142 1.982675
23.267374 1.977290
23.218176 1.976475
23.218176 1.976475
22.835698 1.970134
21.779394 1.952622
21.781400 1.952655
21.393200 1.946219
21.257994 1.943978
21.278080 1.944311
21.238518 1.943655
21.259545 1.944003
21.255759 1.943940
21.253311 1.943900
21.265641 1.944104
21.265641 1.944104
21.297542 1.944633
21.571461 1.949174
21.473719 1.947554
21.478515 1.947633
21.478515 1.947633
22.356530 1.962190
23.587613 1.982599
23.847809 1.986913
23.883252 1.987501
23.883252 1.987501
23.880343 1.987452
23.787089 1.985906
23.798774 1.986100
23.383938 1.979223
23.387709 1.979285
23.428541 1.979962
23.438851 1.980133
23.824045 1.986519
24.036745 1.990045
24.036745 1.990045
24.033994 1.990000
23.906652 1.987889
23.906956 1.987894
24.111029 1.991277
24.026494 1.989875
24.046886 1.990214
24.055071 1.990349
24.018323 1.989740
24.018323 1.989740
23.686308 1.984236
23.686308 1.984236
23.711394 1.984652
23.459040 1.980468
23.426622 1.979930
24.111788 1.991290
23.917372 1.988066
23.933352 1.988331
23.425659 1.979914
23.420708 1.979832
23.420708 1.979832
23.323247 1.978217
23.627054 1.983253
21.910174 1.954790
21.919324 1.954941
21.850299 1.953797
21.850299 1.953797
21.835030 1.953544
21.880793 1.954303
22.029008 1.956760
22.029008 1.956760
22.039796 1.956939
22.057789 1.957237
21.715128 1.951556
22.237458 1.960216
22.237458 1.960216
22.251623 1.960451
22.251623 1.960451
22.123086 1.958320
22.340332 1.961921
22.289498 1.961078
22.239216 1.960245
22.289214 1.961074
22.903504 1.971258
22.899444 1.971191
22.868506 1.970678
22.817820 1.969837
22.842330 1.970244
22.849389 1.970361
22.812582 1.969750
22.843675 1.970266
23.598939 1.982787
23.739205 1.985113
23.601921 1.982837
23.786961 1.985904
23.793462 1.986012
23.612917 1.983019
23.591140 1.982658
23.305986 1.977930
23.319925 1.978162
22.947590 1.971989
23.030588 1.973365
24.693992 2.000942
24.543327 1.998444
23.617342 1.983092
23.599784 1.982801
23.672560 1.984008
23.719496 1.984786
23.766229 1.985561
23.950003 1.988607
23.581424 1.982497
23.590134 1.982641
23.677158 1.984084
23.691291 1.984318
23.650270 1.983638
23.650270 1.983638
22.956323 1.972134
22.998769 1.972837
22.853081 1.970422
22.853081 1.970422
22.806516 1.969650
22.664896 1.967302
22.454414 1.963813
22.454414 1.963813
22.454414 1.963813
22.710467 1.968058
22.724313 1.968287
22.718677 1.968194
22.699888 1.967882
22.699888 1.967882
22.689350 1.967707
22.689350 1.967707
23.446110 1.980254
23.446110 1.980254
23.840721 1.986796
24.453620 1.996957
24.438497 1.996706
24.339867 1.995071
24.374938 1.995652
24.395918 1.996000
24.095765 1.991024
24.089010 1.990912
24.472168 1.997264
24.681088 2.000728
24.640227 2.000050
24.647794 2.000176
24.647794 2.000176
24.647794 2.000176
23.579803 1.982470
22.025269 1.956698
22.025269 1.956698
22.251315 1.960445
21.897740 1.954584
21.589783 1.949478
21.393407 1.946222
21.397720 1.946294
21.400460 1.946339
21.814753 1.953208
21.814753 1.953208
21.705097 1.951390
21.705097 1.951390
21.705097 1.951390
21.891567 1.954481
20.964138 1.939106
21.273346 1.944232
21.227467 1.943471
21.234742 1.943592
21.087167 1.941145
20.585712 1.932832
20.613272 1.933289
20.612273 1.933272
20.632246 1.933603
20.735114 1.935309
20.534337 1.931980
20.516119 1.931678
20.064723 1.924195
20.064723 1.924195
20.133700 1.925338
20.119569 1.925104
20.166153 1.925876
20.238896 1.927082
20.248294 1.927238
20.203354 1.926493
20.203354 1.926493
20.204447 1.926511
20.385390 1.929511
20.663720 1.934125
20.618625 1.933378
20.618625 1.933378
20.520528 1.931751
20.602989 1.933118
20.602989 1.933118
20.602989 1.933118
20.595778 1.932999
20.296970 1.928045
20.287034 1.927880
19.696264 1.918086
19.698382 1.918121
20.212307 1.926641
20.250935 1.927282
19.974252 1.922695
20.074614 1.924359
20.320177 1.928430
19.798012 1.919773
19.798012 1.919773
22.688309 1.967690
22.693420 1.967775
23.028782 1.973335
23.028782 1.973335
20.122464 1.925152
20.022456 1.923494
20.026285 1.923557
20.026285 1.923557
20.043598 1.923844
19.903049 1.921514
19.903049 1.921514
19.944062 1.922194
19.909601 1.921623
20.110817 1.924959
20.276424 1.927704
20.276424 1.927704
20.306916 1.928210
20.410368 1.929925
20.090707 1.924626
20.013148 1.923340
20.012990 1.923337
20.220604 1.926779
20.220604 1.926779
20.043269 1.923839
20.039649 1.923779
20.019159 1.923439
20.078604 1.924425
22.184866 1.959344
21.692287 1.951178
21.692287 1.951178
21.985833 1.956044
21.862294 1.953996
21.899609 1.954615
21.896288 1.954560
21.218198 1.943318
21.282477 1.944383
21.275502 1.944268
21.187943 1.942816
20.879771 1.937707
20.858438 1.937353
21.024920 1.940113
21.033354 1.940253
21.090139 1.941195
21.479860 1.947656
20.655134 1.933983
20.655134 1.933983
20.535119 1.931993
20.597557 1.933028
20.496978 1.931361
20.470104 1.930915
20.465152 1.930833
20.479493 1.931071
20.384090 1.929489
20.428180 1.930220
20.428180 1.930220
20.428180 1.930220
20.407221 1.929873
20.158783 1.925754
21.336555 1.945280
20.869433 1.937536
20.876798 1.937658
21.000539 1.939709
20.995826 1.939631
21.219880 1.943346
20.399610 1.929747
20.119461 1.925102
19.346766 1.912292
19.347021 1.912296
19.662839 1.917532
19.413969 1.913406
19.413969 1.913406
19.514640 1.915075
19.525867 1.915261
19.610171 1.916659
19.575437 1.916083
19.576790 1.916105
19.593638 1.916385
19.655896 1.917417
19.682123 1.917852
19.931111 1.921980
19.931111 1.921980
19.953447 1.922350
20.487975 1.931212
20.516342 1.931682
20.528988 1.931892
20.779314 1.936042
20.772850 1.935935
20.753522 1.935614
20.839066 1.937032
20.824081 1.936784
19.949453 1.922284
20.133396 1.925333
20.129396 1.925267
20.569462 1.932563
20.569462 1.932563
20.895246 1.937964
20.895246 1.937964
20.697877 1.934692
20.697877 1.934692
20.594501 1.932978
20.594501 1.932978
20.611945 1.933267
20.611945 1.933267
20.535770 1.932004
19.791765 1.919669
19.860050 1.920802
19.750959 1.918993
19.931795 1.921991
19.336589 1.912123
19.366031 1.912611
19.511343 1.915020
19.471192 1.914355
19.456936 1.914118
19.436343 1.913777
19.313547 1.911741
19.132261 1.908736
19.132261 1.908736
19.167696 1.909323
19.138043 1.908832
19.134316 1.908770
19.582525 1.916201
19.582525 1.916201
19.222190 1.910227
19.168871 1.909343
19.168871 1.909343
19.174204 1.909431
19.168391 1.909335
19.400111 1.913176
19.416970 1.913456
19.304328 1.911588
19.133640 1.908759
19.155995 1.909129
19.155995 1.909129
19.041701 1.907234
18.919436 1.905207
18.994341 1.906449
18.747363 1.902355
19.256831 1.910801
19.011267 1.906730
19.030415 1.907047
19.064895 1.907619
19.125781 1.908628
19.109507 1.908359
19.129062 1.908683
19.116497 1.908474
19.802488 1.919847
19.973765 1.922687
19.975113 1.922709
20.520135 1.931745
20.520135 1.931745
20.508832 1.931557
20.503721 1.931473
20.503721 1.931473
20.489153 1.931231
20.558099 1.932374
20.476653 1.931024
20.450510 1.930591
20.422272 1.930122
20.422272 1.930122
20.413426 1.929976
20.535426 1.931998
20.374748 1.929335
20.145815 1.925539
20.441851 1.930447
20.449413 1.930572
20.449413 1.930572
20.455340 1.930671
20.445700 1.930511
22.154022 1.958832
22.187701 1.959391
22.094152 1.957840
22.087117 1.957723
22.140657 1.958611
21.963149 1.955668
22.078562 1.957581
22.150367 1.958772
22.176264 1.959201
22.273540 1.960814
22.560783 1.965576
22.572701 1.965774
22.572701 1.965774
22.546381 1.965337
22.546589 1.965341
23.036576 1.973464
22.236245 1.960196
22.009910 1.956443
21.109023 1.941508
21.107920 1.941490
21.061997 1.940728
21.037788 1.940327
20.810894 1.936565
20.734856 1.935305
20.869191 1.937532
20.863816 1.937443
20.630383 1.933573
20.551754 1.932269
20.551754 1.932269
20.494941 1.931327
20.478460 1.931054
20.803642 1.936445
21.140041 1.942022
20.893876 1.937941
20.882143 1.937746
20.868698 1.937524
20.877919 1.937676
20.597234 1.933023
20.587204 1.932857
20.435131 1.930336
20.435131 1.930336
20.380632 1.929432
20.194264 1.926342
20.639290 1.933720
20.397686 1.929715
20.420431 1.930092
20.420431 1.930092
20.172941 1.925989
20.319398 1.928417
20.400082 1.929755
20.400082 1.929755
20.378292 1.929393
20.117379 1.925068
19.990847 1.922970
20.149261 1.925596
20.260272 1.927437
20.369306 1.929244
20.169149 1.925926
20.185751 1.926201
20.233302 1.926990
19.676050 1.917751
19.797301 1.919761
19.803566 1.919865
19.803566 1.919865
19.953164 1.922345
19.849355 1.920624
19.910606 1.921640
19.814695 1.920050
19.995332 1.923044
19.694893 1.918063
19.991956 1.922988
20.055699 1.924045
20.055699 1.924045
20.061389 1.924139
20.061389 1.924139
20.108774 1.924925
20.395563 1.929680
20.395563 1.929680
20.382173 1.929458
22.289847 1.961084
22.088898 1.957753
22.088898 1.957753
22.149996 1.958766
22.176443 1.959204
21.904639 1.954698
21.489601 1.947817
21.532701 1.948532
21.516257 1.948259
21.510840 1.948169
20.579434 1.932728
20.604286 1.933140
20.604286 1.933140
20.446128 1.930518
20.447565 1.930542
20.347815 1.928888
20.583438 1.932794
20.176242 1.926044
20.190624 1.926282
20.323343 1.928482
20.603195 1.933122
20.618469 1.933375
20.633262 1.933620
20.591954 1.932935
20.402725 1.929798
20.474333 1.930986
20.414584 1.929995
18.600060 1.899913
18.522546 1.898628
18.519710 1.898581
17.395562 1.879944
17.629982 1.883830
17.628077 1.883798
17.632124 1.883866
17.634731 1.883909
17.689261 1.884813
17.873170 1.887862
17.877112 1.887927
17.932745 1.888849
17.924808 1.888718
17.842108 1.887347
19.420283 1.913511
19.420283 1.913511
19.420283 1.913511
19.658472 1.917460
19.588805 1.916305
19.638161 1.917123
19.755077 1.919061
19.840604 1.920479
19.652595 1.917362
19.652595 1.917362
19.796043 1.919740
19.299191 1.911503
19.497158 1.914785
17.993907 1.889863
17.951419 1.889159
18.050759 1.890806
18.504380 1.898326
18.137299 1.892241
17.987346 1.889755
17.957240 1.889256
17.926956 1.888753
17.893473 1.888198
17.834105 1.887214
18.018527 1.890272
17.976335 1.889572
17.549148 1.882490
17.465147 1.881097
17.463247 1.881066
17.432764 1.880560
17.751700 1.885848
18.115354 1.891877
17.990276 1.889803
17.885561 1.888067
17.897613 1.888267
17.790593 1.886493
17.764200 1.886055
17.764200 1.886055
17.672346 1.884532
17.652173 1.884198
17.582035 1.883035
17.260605 1.877706
17.276583 1.877971
17.642001 1.884029
17.139048 1.875691
17.137780 1.875670
16.047361 1.857592
16.258877 1.861099
16.106882 1.858579
15.425638 1.847285
15.287098 1.844988
15.287098 1.844988
15.033636 1.840786
15.109824 1.842049
15.109824 1.842049
15.064531 1.841298
14.957687 1.839527
14.942553 1.839276
14.942553 1.839276
14.872210 1.838110
14.751267 1.836105
14.744332 1.835990
14.501430 1.831963
14.452286 1.831148
14.384944 1.830032
14.417282 1.830568
14.728690 1.835731
14.733670 1.835813
13.484816 1.815109
13.609786 1.817181
13.609786 1.817181
13.876405 1.821601
13.891324 1.821848
14.010867 1.823830
14.010867 1.823830
14.342975 1.829336
14.332869 1.829168
14.366509 1.829726
14.221721 1.827326
14.203699 1.827027
14.731930 1.835784
14.731930 1.835784
14.537774 1.832565
14.450230 1.831114
14.447582 1.831070
14.515658 1.832199
14.610622 1.833773
14.682053 1.834957
14.637582 1.834220
14.493628 1.831834
14.513501 1.832163
14.613054 1.833813
14.628213 1.834065
14.567077 1.833051
14.439157 1.830931
14.439157 1.830931
14.448149 1.831080
14.847110 1.837694
14.834504 1.837485
14.834351 1.837482
14.573936 1.833165
14.512286 1.832143
14.545002 1.832685
14.958780 1.839545
15.008484 1.840369
15.008484 1.840369
14.892678 1.838449
14.892678 1.838449
14.646257 1.834364
14.633477 1.834152
14.571672 1.833127
14.567209 1.833053
14.512910 1.832153
14.512910 1.832153
14.530221 1.832440
14.403669 1.830342
14.391246 1.830136
14.251851 1.827825
14.262142 1.827996
14.138884 1.825952
14.219502 1.827289
14.340625 1.829297
14.340625 1.829297
14.397327 1.830237
14.462745 1.831322
14.453225 1.831164
14.364253 1.829689
14.364253 1.829689
14.368580 1.829760
14.363591 1.829678
14.363591 1.829678
14.323307 1.829010
14.164920 1.826384
14.084189 1.825046
13.953718 1.822883
13.979899 1.823317
14.170589 1.826478
14.282201 1.828328
14.282201 1.828328
14.290144 1.828460
14.147737 1.826099
14.118491 1.825614
14.173354 1.826524
14.215556 1.827224
13.861436 1.821353
13.861436 1.821353
13.843214 1.821051
13.864515 1.821404
13.904036 1.822059
13.777265 1.819957
13.761612 1.819698
13.787501 1.820127
13.745316 1.819428
13.718184 1.818978
13.635501 1.817607
13.785551 1.820095
13.727889 1.819139
13.728701 1.819152
15.178801 1.843193
15.193726 1.843440
15.130667 1.842395
15.091636 1.841748
15.091636 1.841748
15.165922 1.842979
14.998217 1.840199
13.631311 1.817538
13.692273 1.818548
13.682396 1.818384
13.344376 1.812781
13.328180 1.812512
13.221579 1.810745
13.208564 1.810529
13.211184 1.810572
13.278321 1.811685
13.284856 1.811794
13.306010 1.812144
13.124013 1.809127
13.170135 1.809892
13.351161 1.812893
13.304247 1.812115
13.267916 1.811513
13.264599 1.811458
13.261984 1.811415
13.261984 1.811415
13.297307 1.812000
13.321580 1.812403
13.315453 1.812301
13.340841 1.812722
13.370211 1.813209
13.317812 1.812340
13.306699 1.812156
12.978791 1.806720
12.978791 1.806720
12.978974 1.806723
12.805791 1.803852
12.672400 1.801640
12.614654 1.800683
12.792833 1.803637
12.784307 1.803495
12.828066 1.804221
12.834790 1.804332
12.772774 1.803304
12.832976 1.804302
12.726232 1.802533
12.744100 1.802829
12.794303 1.803661
12.798670 1.803733
12.731466 1.802619
12.725717 1.802524
12.980302 1.806745
12.968814 1.806554
13.036443 1.807675
13.173289 1.809944
13.174562 1.809965
13.172408 1.809930
13.147099 1.809510
13.734980 1.819256
14.026835 1.824095
14.007651 1.823777
14.028756 1.824127
14.034423 1.824221
13.970857 1.823167
13.967061 1.823104
13.985615 1.823411
13.947582 1.822781
13.926123 1.822425
14.057639 1.824605
13.808740 1.820479
13.654021 1.817914
13.516105 1.815628
13.545983 1.816123
13.468452 1.814838
13.495432 1.815285
13.882460 1.821701
13.864593 1.821405
14.001486 1.823675
14.049917 1.824477
14.088225 1.825113
14.141899 1.826002
14.178318 1.826606
14.172287 1.826506
14.073601 1.824870
14.199213 1.826953
14.335139 1.829206
14.267365 1.828082
14.075006 1.824893
14.050602 1.824489
14.862601 1.837951
15.260274 1.844544
14.907424 1.838694
14.926506 1.839010
16.012295 1.857011
16.045496 1.857561
15.375652 1.846456
15.335162 1.845785
15.335162 1.845785
15.318724 1.845513
15.324957 1.845616
14.220398 1.827304
14.046470 1.824420
14.127557 1.825765
14.169209 1.826455
14.135232 1.825892
14.095938 1.825240
14.095938 1.825240
14.174569 1.826544
14.741561 1.835944
14.741561 1.835944
14.641491 1.834285
14.760569 1.836259
15.395599 1.846787
15.402865 1.846907
15.432074 1.847392
15.263980 1.844605
15.355865 1.846128
15.274782 1.844784
15.437621 1.847484
15.460205 1.847858
15.654623 1.851081
15.836489 1.854096
15.895367 1.855072
15.946437 1.855919
15.436579 1.847466
15.159259 1.842869
15.074292 1.841460
15.023958 1.840626
15.150252 1.842720
15.150252 1.842720
15.223889 1.843940
15.243142 1.844259
15.320273 1.845538
15.310419 1.845375
15.259969 1.844538
15.367276 1.846317
15.243503 1.844265
15.544131 1.849249
15.554881 1.849428
15.255384 1.844462
15.255384 1.844462
15.006050 1.840329
14.628768 1.834074
14.540568 1.832612
14.531629 1.832464
14.165639 1.826396
14.165639 1.826396
14.165639 1.826396
14.165639 1.826396
13.882092 1.821695
13.762044 1.819705
13.760028 1.819671
13.764753 1.819750
13.519428 1.815683
13.628903 1.817498
13.624391 1.817423
13.759429 1.819662
13.737805 1.819303
13.737805 1.819303
13.710686 1.818853
14.318714 1.828934
14.123504 1.825697
14.153831 1.826200
14.208829 1.827112
14.199309 1.826954
14.248034 1.827762
14.178361 1.826607
14.890306 1.838410
14.910254 1.838741
14.890846 1.838419
14.952913 1.839448
14.288891 1.828439
14.293316 1.828513
14.290317 1.828463
14.327748 1.829084
14.087868 1.825107
14.615747 1.833858
14.746305 1.836023
14.746305 1.836023
14.682342 1.834962
14.682342 1.834962
14.967319 1.839687
14.871556 1.838099
14.871556 1.838099
14.877888 1.838204
14.834791 1.837490
14.834791 1.837490
14.834791 1.837490
14.749557 1.836077
14.789863 1.836745
14.789863 1.836745
14.949281 1.839388
14.945899 1.839332
14.948179 1.839369
14.861976 1.837940
14.844069 1.837643
14.886658 1.838349
14.919409 1.838892
14.919409 1.838892
14.835566 1.837502
14.870568 1.838083
15.313190 1.845421
15.225146 1.843961
15.130710 1.842396
15.055936 1.841156
15.111056 1.842070
15.094410 1.841794
15.094410 1.841794
15.085458 1.841645
15.034325 1.840798
15.034325 1.840798
15.000909 1.840244
15.000909 1.840244
14.859835 1.837905
14.836989 1.837526
14.830487 1.837418
14.845541 1.837668
14.845541 1.837668
14.512932 1.832154
14.907744 1.838699
14.243974 1.827695
14.184114 1.826702
13.287851 1.811843
13.304837 1.812125
13.315252 1.812298
13.679915 1.818343
13.679915 1.818343
13.668253 1.818150
13.668253 1.818150
13.589747 1.816848
13.624342 1.817422
13.663672 1.818074
13.718952 1.818990
13.679382 1.818334
13.677429 1.818302
13.517649 1.815653
13.517649 1.815653
13.535749 1.815953
13.404022 1.813769
13.424144 1.814103
13.424144 1.814103
13.414768 1.813948
13.414768 1.813948
13.403317 1.813758
13.433820 1.814263
13.339813 1.812705
13.340734 1.812720
13.352142 1.812909
13.336949 1.812657
13.360248 1.813044
13.360248 1.813044
13.302570 1.812087
13.327593 1.812502
13.353684 1.812935
13.353684 1.812935
13.443301 1.814421
13.457686 1.814659
13.516952 1.815642
13.711219 1.818862
13.711219 1.818862
13.725651 1.819102
13.462884 1.814745
13.462884 1.814745
13.596607 1.816962
13.600676 1.817030
13.583503 1.816745
13.583503 1.816745
13.545936 1.816122
13.508058 1.815494
13.565386 1.816445
13.518860 1.815673
13.427824 1.814164
13.373745 1.813267
13.316496 1.812318
13.274651 1.811625
13.312495 1.812252
13.346176 1.812810
13.346176 1.812810
13.223778 1.810781
13.240026 1.811051
13.240026 1.811051
13.268991 1.811531
13.172967 1.809939
13.129825 1.809224
13.273246 1.811601
13.296678 1.811990
13.229736 1.810880
13.219721 1.810714
13.253163 1.811268
13.255156 1.811301
13.240996 1.811067
13.225203 1.810805
13.116123 1.808996
13.069096 1.808217
13.069096 1.808217
13.041458 1.807759
12.996027 1.807005
12.906268 1.805517
13.066589 1.808175
13.011451 1.807261
13.012794 1.807283
13.007431 1.807194
12.961767 1.806437
12.961767 1.806437
12.838559 1.804395
12.785262 1.803511
13.006833 1.807185
12.993482 1.806963
12.953957 1.806308
12.842695 1.804463
12.974744 1.806653
12.967408 1.806531
13.031685 1.807597
13.026014 1.807503
13.139467 1.809383
13.106845 1.808843
13.125592 1.809153
13.083123 1.808449
12.883368 1.805138
12.910052 1.805580
12.910052 1.805580
12.902843 1.805461
12.932524 1.805953
13.005063 1.807155
12.679229 1.801753
12.735034 1.802678
12.728770 1.802575
12.678865 1.801747
12.719602 1.802423
12.512080 1.798982
12.541447 1.799469
12.372923 1.796675
12.414031 1.797357
12.408373 1.797263
12.377734 1.796755
12.418007 1.797423
12.450371 1.797959
12.450371 1.797959
12.402528 1.797166
12.375688 1.796721
12.375688 1.796721
12.401727 1.797153
12.371469 1.796651
12.308723 1.795611
12.308723 1.795611
12.286589 1.795244
12.594345 1.800346
12.531965 1.799312
12.274661 1.795046
12.287707 1.795262
12.316791 1.795745
11.950800 1.789677
11.938262 1.789469
11.982827 1.790208
12.137599 1.792774
12.160418 1.793152
12.114212 1.792386
12.047978 1.791288
12.087187 1.791938
12.102319 1.792189
12.106345 1.792256
12.106345 1.792256
12.186762 1.793589
12.186762 1.793589
12.057538 1.791447
12.074694 1.791731
12.144709 1.792892
12.114644 1.792393
11.915728 1.789096
11.899219 1.788822
11.924650 1.789243
11.948505 1.789639
11.920588 1.789176
11.927222 1.789286
11.927222 1.789286
11.969851 1.789993
11.897795 1.788798
11.803037 1.787227
11.788306 1.786983
11.850378 1.788012
11.802269 1.787215
11.791061 1.787029
11.977188 1.790114
11.916810 1.789113
11.882062 1.788537
11.867633 1.788298
11.869450 1.788328
11.639996 1.784524
11.576663 1.783474
11.779995 1.786845
11.779995 1.786845
11.964862 1.789910
11.962424 1.789870
11.888680 1.788647
11.730671 1.786028
11.869058 1.788322
11.697389 1.785476
11.570224 1.783368
11.577820 1.783493
11.596964 1.783811
11.604244 1.783932
11.585190 1.783616
12.190971 1.793659
12.208658 1.793952
12.413705 1.797351
12.484756 1.798529
12.490734 1.798628
12.507655 1.798909
12.515405 1.799037
12.572100 1.799977
12.081082 1.791837
12.044120 1.791224
12.080467 1.791827
12.125589 1.792575
12.148868 1.792961
12.173813 1.793374
12.187557 1.793602
12.074828 1.791733
12.094796 1.792064
12.045408 1.791245
12.087836 1.791949
12.027608 1.790950
12.023426 1.790881
12.036393 1.791096
12.061249 1.791508
12.091616 1.792011
12.032942 1.791039
12.045357 1.791245
12.126908 1.792597
12.148734 1.792958
12.112063 1.792350
12.128701 1.792626
11.963485 1.789887
12.051795 1.791351
12.051795 1.791351
12.061068 1.791505
12.061068 1.791505
12.070691 1.791665
12.200802 1.793822
12.200927 1.793824
12.192457 1.793683
12.327815 1.795927
12.278731 1.795114
12.275266 1.795056
12.397635 1.797085
12.255430 1.794727
12.354029 1.796362
12.301318 1.795488
12.061173 1.791507
12.051269 1.791343
11.797347 1.787133
11.919575 1.789159
11.934212 1.789402
12.028712 1.790969
12.010757 1.790671
11.383518 1.780272
11.489351 1.782027
11.488065 1.782005
11.543207 1.782920
11.580875 1.783544
11.613990 1.784093
11.631968 1.784391
11.583830 1.783593
11.572517 1.783406
11.468792 1.781686
11.481404 1.781895
11.480702 1.781883
11.499898 1.782202
11.438758 1.781188
11.435290 1.781131
11.377643 1.780175
11.361825 1.779913
11.344879 1.779632
11.345868 1.779648
11.369351 1.780037
11.369351 1.780037
11.356550 1.779825
11.358002 1.779849
11.369550 1.780041
11.799711 1.787172
11.784504 1.786920
11.815963 1.787442
11.801605 1.787204
11.812239 1.787380
12.071700 1.791681
12.022715 1.790869
12.022715 1.790869
12.142011 1.792847
12.126366 1.792588
12.165924 1.793243
12.185088 1.793561
12.127096 1.792600
12.213132 1.794026
12.224951 1.794222
12.219601 1.794133
12.224565 1.794216
12.141306 1.792835
12.056559 1.791430
12.009781 1.790655
11.874614 1.788414
11.993650 1.790387
12.053598 1.791381
12.024293 1.790895
12.202737 1.793854
12.185795 1.793573
12.161521 1.793170
12.226599 1.794249
12.206778 1.793921
12.233736 1.794368
11.818809 1.787489
11.917125 1.789119
11.917125 1.789119
11.815240 1.787430
11.815240 1.787430
11.780020 1.786846
11.905630 1.788928
11.922375 1.789206
11.905023 1.788918
11.957775 1.789793
12.033287 1.791044
12.025289 1.790912
11.961396 1.789853
11.936724 1.789444
11.832504 1.787716
11.821788 1.787538
11.799797 1.787174
11.906824 1.788948
11.987146 1.790280
11.901362 1.788857
11.839828 1.787837
11.839828 1.787837
11.764070 1.786581
11.705408 1.785609
11.754841 1.786428
11.699686 1.785514
11.699686 1.785514
11.820343 1.787514
11.813282 1.787397
11.698102 1.785488
11.810526 1.787351
11.810270 1.787347
11.829728 1.787670
11.797530 1.787136
11.679489 1.785179
11.685721 1.785282
11.413661 1.780772
11.412611 1.780755
11.397859 1.780510
11.446204 1.781311
11.441050 1.781226
11.437900 1.781174
11.516279 1.782473
11.527877 1.782665
11.515685 1.782463
11.513158 1.782421
11.539762 1.782863
11.378995 1.780197
11.310099 1.779055
11.413850 1.780775
11.393743 1.780442
11.248134 1.778028
11.231552 1.777753
11.220118 1.777563
11.285823 1.778653
11.285668 1.778650
11.289164 1.778708
11.237622 1.777853
11.282138 1.778591
11.261750 1.778253
11.217163 1.777514
11.235811 1.777823
11.201939 1.777262
11.164039 1.776634
11.182592 1.776941
11.086668 1.775351
11.102203 1.775608
11.065301 1.774997
11.036612 1.774521
10.958061 1.773219
10.950964 1.773101
10.972397 1.773456
11.011483 1.774104
11.099114 1.775557
11.003356 1.773970
11.003356 1.773970
10.933966 1.772819
10.908770 1.772402
10.952085 1.773120
10.954756 1.773164
10.969690 1.773411
11.100479 1.775580
11.116422 1.775844
11.375098 1.780133
11.331952 1.779417
11.295228 1.778808
11.235194 1.777813
11.238672 1.777871
11.257481 1.778183
11.260000 1.778224
11.247841 1.778023
11.229566 1.777720
11.225014 1.777644
11.213886 1.777460
11.247446 1.778016
11.281590 1.778582
11.288113 1.778691
11.279775 1.778552
11.301624 1.778915
11.356978 1.779832
11.353244 1.779770
11.344078 1.779618
11.221304 1.777583
11.260747 1.778237
11.230941 1.777743
11.227909 1.777692
11.183846 1.776962
11.030317 1.774417
11.034753 1.774490
10.974317 1.773488
10.964880 1.773332
11.130110 1.776071
11.130110 1.776071
11.130416 1.776076
11.130416 1.776076
11.159532 1.776559
11.156142 1.776503
11.259545 1.778217
11.259545 1.778217
11.456118 1.781476
11.514382 1.782442
11.527948 1.782667
11.462849 1.781587
11.448645 1.781352
11.556018 1.783132
11.501609 1.782230
11.561409 1.783221
11.517687 1.782497
11.507857 1.782334
11.518200 1.782505
11.674902 1.785103
11.674902 1.785103
11.651420 1.784714
11.645054 1.784608
11.457858 1.781505
11.207423 1.777353
11.212089 1.777430
11.209946 1.777395
11.250704 1.778070
11.384021 1.780281
11.552068 1.783067
11.621338 1.784215
11.548323 1.783004
11.495342 1.782126
11.530854 1.782715
11.536821 1.782814
11.500976 1.782219
11.500976 1.782219
11.440146 1.781211
11.409531 1.780703
11.409531 1.780703
11.409531 1.780703
11.403153 1.780598
11.504808 1.782283
11.403123 1.780597
11.166665 1.776677
11.167489 1.776691
11.197709 1.777192
11.188038 1.777031
11.244638 1.777970
11.257274 1.778179
11.281440 1.778580
11.219649 1.777555
11.234830 1.777807
11.225812 1.777658
11.298191 1.778858
11.208348 1.777368
10.888553 1.772066
10.888637 1.772068
10.854361 1.771499
10.843211 1.771315
10.790402 1.770439
10.825833 1.771027
10.956821 1.773198
10.974651 1.773494
11.005020 1.773997
11.005020 1.773997
10.989029 1.773732
10.976316 1.773521
10.993640 1.773809
10.992370 1.773787
10.846195 1.771364
10.772838 1.770148
10.724844 1.769352
10.740077 1.769605
10.947221 1.773039
11.015301 1.774168
11.025646 1.774339
11.230306 1.777732
11.283289 1.778611
11.283289 1.778611
11.157604 1.776527
11.041695 1.774605
11.041695 1.774605
11.158357 1.776539
11.181081 1.776916
11.205958 1.777328
11.173114 1.776784
11.154677 1.776478
10.971158 1.773436
10.968218 1.773387
10.994644 1.773825
10.991606 1.773775
11.013083 1.774131
10.909130 1.772407
10.518377 1.765929
10.587211 1.767071
10.757882 1.769900
10.697162 1.768893
10.538702 1.766266
10.545466 1.766378
10.552583 1.766496
10.677660 1.768570
10.654569 1.768187
10.651652 1.768139
10.842439 1.771302
10.842439 1.771302
10.830546 1.771105
10.821368 1.770953
10.821368 1.770953
11.144531 1.776310
11.223057 1.777612
11.139245 1.776222
10.919089 1.772573
10.951018 1.773102
10.951018 1.773102
10.947673 1.773046
12.185752 1.793572
12.196386 1.793748
12.196386 1.793748
12.035906 1.791088
12.006122 1.790594
12.147386 1.792936
12.270729 1.794981
12.282029 1.795168
12.160633 1.793156
12.173186 1.793364
12.226106 1.794241
12.226106 1.794241
12.226106 1.794241
12.332684 1.796008
12.335472 1.796054
12.333022 1.796014
12.333022 1.796014
12.351672 1.796323
12.509737 1.798943
12.557141 1.799729
12.557141 1.799729
12.549792 1.799607
12.641195 1.801123
13.034699 1.807647
13.087852 1.808528
14.032858 1.824195
14.034483 1.824222
13.897243 1.821946
14.000989 1.823666
14.022987 1.824031
14.027432 1.824105
14.127653 1.825766
14.094065 1.825209
14.132588 1.825848
14.174635 1.826545
14.974472 1.839805
14.863122 1.837959
14.863122 1.837959
14.772370 1.836455
14.808021 1.837046
14.936830 1.839181
15.135741 1.842479
15.132336 1.842422
15.156430 1.842822
15.326926 1.845649
15.350691 1.846043
15.348218 1.846002
15.408706 1.847004
16.092589 1.858342
15.848609 1.854297
15.882689 1.854862
16.137850 1.859093
16.262855 1.861165
16.258770 1.861097
16.233353 1.860676
16.144556 1.859204
16.124561 1.858872
16.124561 1.858872
16.127507 1.858921
16.048800 1.857616
15.456361 1.847794
15.481543 1.848212
15.489572 1.848345
15.507072 1.848635
15.507072 1.848635
14.530937 1.832452
14.320818 1.828969
14.275136 1.828211
14.466138 1.831378
14.473113 1.831493
14.384609 1.830026
14.384609 1.830026
14.373946 1.829849
15.689856 1.851665
15.706219 1.851937
15.940780 1.855825
15.702294 1.851872
15.135442 1.842474
14.984741 1.839976
14.899341 1.838560
15.021479 1.840585
15.017469 1.840518
15.373203 1.846416
15.318601 1.845511
15.268717 1.844683
15.135224 1.842470
15.077701 1.841517
15.068428 1.841363
14.865234 1.837994
14.852070 1.837776
14.852070 1.837776
14.764536 1.836325
14.661843 1.834622
14.732595 1.835795
14.732595 1.835795
14.827137 1.837363
14.695608 1.835182
14.721808 1.835616
14.827771 1.837373
14.816450 1.837186
14.816450 1.837186
14.822930 1.837293
14.504519 1.832014
14.586194 1.833368
14.584016 1.833332
14.553641 1.832829
14.577948 1.833231
15.351122 1.846050
15.286433 1.844977
15.249571 1.844366
15.186490 1.843320
15.077253 1.841509
15.109020 1.842036
15.192147 1.843414
15.169845 1.843044
15.284557 1.844946
15.242432 1.844248
15.225389 1.843965
15.199934 1.843543
15.186785 1.843325
15.158069 1.842849
14.874336 1.838145
14.843518 1.837634
14.893847 1.838469
14.864462 1.837981
14.864638 1.837984
14.992624 1.840106
14.816804 1.837191
14.813065 1.837129
14.799081 1.836898
14.657606 1.834552
13.056960 1.808016
13.208860 1.810534
13.222479 1.810760
13.283905 1.811778
13.361508 1.813065
13.451669 1.814559
13.195780 1.810317
13.049145 1.807886
13.061220 1.808086
13.122611 1.809104
13.090973 1.808579
13.087527 1.808522
13.161981 1.809757
13.199113 1.810372
13.009904 1.807235
13.017311 1.807358
12.998785 1.807051
12.998785 1.807051
13.074132 1.808300
13.078607 1.808374
13.346318 1.812813
13.279513 1.811705
13.328461 1.812517
13.380669 1.813382
13.448126 1.814501
13.448433 1.814506
13.348132 1.812843
13.335667 1.812636
13.352109 1.812909
13.387416 1.813494
13.111899 1.808926
13.345676 1.812802
13.319956 1.812376
13.375867 1.813303
13.374375 1.813278
13.313078 1.812262
13.318689 1.812355
13.619065 1.817335
13.748913 1.819487
13.739324 1.819328
13.720332 1.819013
13.592569 1.816895
13.688552 1.818487
13.699452 1.818667
13.554011 1.816256
13.564731 1.816434
13.705346 1.818765
13.693462 1.818568
13.781384 1.820026
13.777474 1.819961
13.762036 1.819705
13.608396 1.817158
13.605929 1.817117
13.505271 1.815448
13.429912 1.814199
13.497409 1.815318
13.506154 1.815463
13.538634 1.816001
13.561037 1.816372
13.534747 1.815937
13.688566 1.818487
13.841709 1.821026
13.559415 1.816346
13.545809 1.816120
13.570071 1.816522
13.426057 1.814135
13.459557 1.814690
13.358745 1.813019
13.342775 1.812754
13.337691 1.812670
13.357504 1.812998
13.385486 1.813462
13.481339 1.815051
13.480856 1.815043
13.439283 1.814354
13.508929 1.815509
13.470482 1.814871
13.498816 1.815341
13.551190 1.816209
13.548999 1.816173
13.558667 1.816333
13.499769 1.815357
13.536137 1.815960
13.536137 1.815960
13.488958 1.815178
13.485415 1.815119
13.471623 1.814890
13.473110 1.814915
14.465103 1.831361
14.471322 1.831464
14.445371 1.831034
14.445371 1.831034
14.765375 1.836339
15.069255 1.841377
15.109282 1.842040
14.926023 1.839002
14.898923 1.838553
14.890050 1.838406
14.888734 1.838384
14.889210 1.838392
14.865429 1.837998
14.847414 1.837699
14.956615 1.839509
14.885953 1.838338
14.580349 1.833271
14.580349 1.833271
14.585970 1.833364
14.529829 1.832434
14.553752 1.832830
14.553752 1.832830
14.386097 1.830051
14.263223 1.828014
14.279910 1.828290
14.386086 1.830051
14.359712 1.829613
14.289746 1.828453
14.290634 1.828468
14.081155 1.824995
14.072352 1.824849
14.072352 1.824849
14.072352 1.824849
14.127535 1.825764
14.150588 1.826146
14.150588 1.826146
14.349362 1.829442
14.258910 1.827942
14.258910 1.827942
14.343025 1.829337
14.452447 1.831151
14.432684 1.830823
14.419940 1.830612
14.423099 1.830664
14.373709 1.829845
14.382241 1.829987
14.248622 1.827772
14.261549 1.827986
14.254046 1.827862
14.317820 1.828919
13.208048 1.810520
13.474146 1.814932
13.418217 1.814005
13.366439 1.813146
13.303440 1.812102
13.303440 1.812102
13.292160 1.811915
13.443996 1.814432
13.443996 1.814432
13.471882 1.814894
13.473664 1.814924
13.513075 1.815577
13.496376 1.815300
13.553556 1.816248
13.471124 1.814882
13.762028 1.819705
13.797238 1.820288
13.786828 1.820116
13.715755 1.818937
13.715755 1.818937
13.872158 1.821530
13.846200 1.821100
13.843109 1.821049
13.702647 1.818720
13.730751 1.819186
13.718039 1.818975
13.609853 1.817182
13.618684 1.817328
13.849425 1.821154
13.776406 1.819943
13.771095 1.819855
13.707261 1.818797
13.774647 1.819914
13.842874 1.821045
13.843141 1.821049
13.873103 1.821546
13.897139 1.821945
13.874888 1.821576
13.775924 1.819935
13.693840 1.818574
13.701085 1.818694
13.741656 1.819367
13.742464 1.819380
13.731928 1.819206
13.733230 1.819227
13.738970 1.819322
13.663114 1.818065
13.807370 1.820456
13.905765 1.822088
13.866347 1.821434
13.883606 1.821720
14.157868 1.826267
14.157868 1.826267
14.121664 1.825667
14.093938 1.825207
14.072614 1.824854
14.072952 1.824859
14.064973 1.824727
14.115740 1.825569
13.870850 1.821509
13.824954 1.820748
13.740490 1.819348
13.788038 1.820136
13.805040 1.820418
13.771547 1.819862
13.803953 1.820400
13.806287 1.820438
13.534634 1.815935
13.505130 1.815446
13.505130 1.815446
13.331449 1.812566
12.881069 1.805100
12.861104 1.804769
12.896641 1.805358
12.895491 1.805339
12.873537 1.804975
12.880571 1.805091
12.859544 1.804743
12.818337 1.804060
12.790223 1.803593
12.731264 1.802616
12.730820 1.802609
13.126222 1.809164
13.119158 1.809047
13.091768 1.808593
13.490017 1.815195
13.639821 1.817679
13.602035 1.817052
13.652562 1.817890
13.654002 1.817914
13.654002 1.817914
13.572115 1.816556
13.607515 1.817143
13.255121 1.811301
13.262510 1.811423
13.526493 1.815800
13.556273 1.816294
13.557314 1.816311
13.534762 1.815937
13.488778 1.815175
13.403919 1.813768
13.404168 1.813772
13.457442 1.814655
13.521973 1.815725
13.499803 1.815357
13.622746 1.817396
13.682924 1.818393
13.638887 1.817663
13.611624 1.817211
13.611136 1.817203
13.703539 1.818735
13.801709 1.820363
13.732682 1.819218
13.709529 1.818834
13.709529 1.818834
13.709529 1.818834
13.499005 1.815344
13.813403 1.820556
13.816491 1.820608
13.808777 1.820480
13.902306 1.822030
14.145805 1.826067
14.145805 1.826067
14.135574 1.825898
14.135574 1.825898
14.137333 1.825927
14.151278 1.826158
14.323520 1.829013
14.323520 1.829013
14.323520 1.829013
14.323520 1.829013
14.323520 1.829013
15.570100 1.849680
15.460407 1.847861
15.617538 1.850466
15.688976 1.851651
15.694959 1.851750
15.756563 1.852771
15.769219 1.852981
15.768104 1.852963
15.809388 1.853647
15.819232 1.853810
15.511074 1.848701
15.346013 1.845965
15.346013 1.845965
15.346013 1.845965
15.548190 1.849317
15.576802 1.849791
15.370544 1.846372
15.370550 1.846372
15.355577 1.846124
15.369627 1.846356
15.335582 1.845792
15.568834 1.849659
15.543165 1.849233
15.511893 1.848715
15.367670 1.846324
15.481311 1.848208
15.472928 1.848069
15.197374 1.843501
14.813877 1.837143
14.685494 1.835014
14.647612 1.834386
13.575630 1.816614
13.605432 1.817109
13.648153 1.817817
13.651395 1.817870
13.696466 1.818618
13.631317 1.817538
13.631317 1.817538
14.006698 1.823761
13.842203 1.821034
13.769369 1.819826
13.942507 1.822697
13.761070 1.819689
13.866107 1.821430
13.768109 1.819805
13.735352 1.819262
13.697308 1.818632
13.729594 1.819167
13.698047 1.818644
13.684780 1.818424
13.476461 1.814970
13.554051 1.816257
13.510396 1.815533
13.533508 1.815916
13.500535 1.815369
13.715884 1.818940
13.724038 1.819075
13.545539 1.816116
13.434213 1.814270
13.513489 1.815584
13.505924 1.815459
13.469283 1.814851
13.444390 1.814439
13.472472 1.814904
13.791657 1.820196
13.728945 1.819156
14.938756 1.839213
14.953882 1.839464
14.942731 1.839279
14.938872 1.839215
14.949819 1.839397
14.939853 1.839231
14.968958 1.839714
14.677374 1.834880
14.634201 1.834164
14.506583 1.832048
14.506583 1.832048
14.577822 1.833229
14.551548 1.832794
14.588613 1.833408
14.627434 1.834052
14.379828 1.829947
14.414784 1.830526
14.524233 1.832341
14.404427 1.830355
14.549889 1.832766
14.497922 1.831905
14.533266 1.832491
14.279945 1.828291
14.271356 1.828149
14.259731 1.827956
14.238411 1.827602
14.205491 1.827057
14.277376 1.828248
14.273724 1.828188
14.289247 1.828445
14.257257 1.827915
14.260723 1.827972
14.234200 1.827533
14.241653 1.827656
14.131106 1.825823
14.124438 1.825713
14.413890 1.830512
14.454514 1.831185
14.321662 1.828983
14.253840 1.827858
14.270374 1.828132
14.292133 1.828493
14.292133 1.828493
14.278658 1.828270
14.120429 1.825646
14.078288 1.824948
14.155905 1.826235
14.326728 1.829067
14.395013 1.830199
14.534366 1.832509
14.534495 1.832511
14.523513 1.832329
14.516018 1.832205
14.577034 1.833216
14.555285 1.832856
14.585172 1.833351
14.585172 1.833351
14.501979 1.831972
14.655997 1.834525
14.720229 1.835590
14.672361 1.834797
14.719075 1.835571
15.016545 1.840503
14.918086 1.838871
13.671890 1.818210
13.671890 1.818210
13.672655 1.818223
13.679598 1.818338
13.612940 1.817233
13.615529 1.817276
13.556816 1.816303
13.429492 1.814192
13.543079 1.816075
13.557172 1.816308
14.669126 1.834743
14.513307 1.832160
14.369740 1.829780
13.149964 1.809557
13.149964 1.809557
13.233556 1.810943
13.231403 1.810908
13.217239 1.810673
13.300537 1.812054
13.136723 1.809338
13.136723 1.809338
13.277467 1.811671
13.276893 1.811662
13.168580 1.809866
13.168453 1.809864
13.148895 1.809540
13.398741 1.813682
13.444018 1.814432
13.454818 1.814612
13.443718 1.814428
13.503331 1.815416
13.484580 1.815105
13.374296 1.813277
13.372443 1.813246
13.480621 1.815039
13.273668 1.811608
13.308394 1.812184
13.232714 1.810929
13.167092 1.809841
12.909670 1.805574
13.018132 1.807372
13.132540 1.809269
13.195947 1.810320
13.197272 1.810342
13.903629 1.822052
13.921622 1.822350
13.921349 1.822346
13.982873 1.823366
13.653968 1.817913
13.631547 1.817541
12.868670 1.804894
13.121858 1.809092
13.074918 1.808313
13.075630 1.808325
13.178370 1.810028
13.168673 1.809868
13.197920 1.810352
12.896825 1.805361
12.841517 1.804444
12.918049 1.805713
12.855203 1.804671
12.859414 1.804741
12.763059 1.803143
12.763059 1.803143
12.768852 1.803239
12.756101 1.803028
12.757077 1.803044
12.779584 1.803417
12.517941 1.799079
12.646191 1.801206
12.646021 1.801203
12.578166 1.800078
12.582410 1.800148
12.529330 1.799268
12.516304 1.799052
12.518688 1.799092
12.364083 1.796529
12.239584 1.794465
12.253569 1.794696
12.267496 1.794927
12.296831 1.795414
12.152798 1.793026
12.071391 1.791676
12.218135 1.794109
12.415337 1.797378
12.461069 1.798137
12.480252 1.798455
12.710114 1.802265
12.743179 1.802814
12.596693 1.800385
12.621183 1.800791
12.651291 1.801290
12.365855 1.796558
12.247633 1.794598
12.301403 1.795489
12.301403 1.795489
12.275803 1.795065
12.200749 1.793821
12.201520 1.793834
12.240852 1.794486
12.268627 1.794946
12.247236 1.794591
12.220936 1.794155
12.220936 1.794155
11.843808 1.787903
11.920087 1.789168
11.894516 1.788744
11.857696 1.788133
11.826869 1.787622
11.826869 1.787622
11.779028 1.786829
11.296817 1.778835
11.323651 1.779280
11.315143 1.779139
11.326107 1.779320
11.367886 1.780013
11.367886 1.780013
11.532905 1.782749
11.531342 1.782723
11.371062 1.780066
11.342567 1.779593
11.342567 1.779593
11.407946 1.780677
11.401056 1.780563
11.729761 1.786012
11.700132 1.785521
11.715875 1.785782
11.700928 1.785534
11.655735 1.784785
11.691329 1.785375
11.682699 1.785232
11.672661 1.785066
11.582126 1.783565
11.573948 1.783429
11.916477 1.789108
11.743706 1.786244
11.730075 1.786018
11.742687 1.786227
11.718292 1.785822
11.718292 1.785822
11.664055 1.784923
11.652162 1.784726
11.954861 1.789744
11.833429 1.787731
11.718655 1.785828
11.727154 1.785969
11.797487 1.787135
11.797487 1.787135
11.797487 1.787135
11.796067 1.787112
11.798065 1.787145
11.900115 1.788837
11.783121 1.786897
11.377795 1.780177
11.208580 1.777372
11.218315 1.777533
11.104614 1.775648
11.043350 1.774633
11.043350 1.774633
11.039619 1.774571
11.039619 1.774571
11.056733 1.774855
11.055518 1.774834
11.112048 1.775772
11.178891 1.776880
11.197462 1.777188
11.181172 1.776918
11.174992 1.776815
11.328418 1.779359
11.436875 1.781157
11.391902 1.780411
11.344567 1.779626
11.344567 1.779626
11.199008 1.777213
11.246063 1.777993
11.226888 1.777675
10.462803 1.765008
10.471969 1.765160
10.496305 1.765563
10.500306 1.765630
10.432648 1.764508
10.367477 1.763428
10.367477 1.763428
10.342704 1.763017
10.304732 1.762387
10.304732 1.762387
10.282032 1.762011
10.262734 1.761691
10.254451 1.761554
10.256666 1.761591
10.225411 1.761072
10.390862 1.763815
10.432691 1.764509
10.319772 1.762637
10.412201 1.764169
10.403157 1.764019
10.413981 1.764199
10.373197 1.763522
10.366572 1.763413
10.605911 1.767381
10.593889 1.767181
10.614717 1.767527
10.481716 1.765322
10.420419 1.764305
10.353154 1.763190
10.343622 1.763032
10.381723 1.763664
10.300308 1.762314
10.273289 1.761866
10.347785 1.763101
10.591013 1.767134
10.605483 1.767373
10.654190 1.768181
10.654190 1.768181
10.674606 1.768519
10.822749 1.770975
11.056814 1.774856
11.104268 1.775643
11.069344 1.775064
11.050653 1.774754
11.073402 1.775131
11.068956 1.775057
11.032572 1.774454
10.956996 1.773201
10.926341 1.772693
10.948469 1.773060
11.014335 1.774152
10.904570 1.772332
10.931185 1.772773
10.961784 1.773280
10.961784 1.773280
10.947391 1.773042
11.019742 1.774241
10.998546 1.773890
10.910959 1.772438
10.888845 1.772071
10.884035 1.771991
10.938285 1.772891
11.138468 1.776210
11.160551 1.776576
11.394614 1.780456
11.478978 1.781855
11.503190 1.782256
11.464754 1.781619
11.465639 1.781634
11.360622 1.779893
12.098714 1.792129
12.422798 1.797502
12.465135 1.798204
12.453273 1.798007
12.404838 1.797204
12.421043 1.797473
12.498362 1.798755
12.491157 1.798635
12.131022 1.792665
12.094583 1.792061
12.107988 1.792283
12.107988 1.792283
12.070827 1.791667
11.883831 1.788567
11.894980 1.788752
11.902385 1.788874
11.844692 1.787918
11.816536 1.787451
11.927172 1.789285
11.912016 1.789034
11.918415 1.789140
11.383409 1.780270
11.372565 1.780091
11.354660 1.779794
11.541404 1.782890
11.748625 1.786325
11.718453 1.785825
11.568685 1.783342
11.582792 1.783576
11.578315 1.783502
11.642695 1.784569
11.809604 1.787336
11.709419 1.785675
11.687488 1.785312
11.543574 1.782926
11.527965 1.782667
11.526176 1.782637
11.524185 1.782604
11.524185 1.782604
11.524185 1.782604
11.803632 1.787237
11.063165 1.774961
11.473315 1.781761
11.491408 1.782061
11.512185 1.782405
11.327152 1.779338
11.327152 1.779338
11.195886 1.777162
11.308434 1.779027
10.941525 1.772945
10.914015 1.772488
10.950989 1.773101
10.983551 1.773641
10.965774 1.773347
10.965774 1.773347
11.003520 1.773972
10.976799 1.773529
10.976799 1.773529
10.761427 1.769959
10.734215 1.769508
10.734215 1.769508
10.764527 1.770010
10.750312 1.769774
10.657306 1.768233
10.642074 1.767980
10.642074 1.767980
10.642074 1.767980
10.602662 1.767327
10.895111 1.772175
10.844345 1.771333
10.885608 1.772018
10.775128 1.770186
10.855691 1.771522
10.826308 1.771034
11.292564 1.778764
11.329271 1.779373
11.330798 1.779398
11.449089 1.781359
11.436904 1.781157
11.358795 1.779862
11.413946 1.780777
11.799711 1.787172
11.799711 1.787172
11.805314 1.787265
11.818910 1.787490
11.846378 1.787946
11.751711 1.786376
11.757473 1.786472
11.757473 1.786472
11.763505 1.786572
11.779727 1.786841
11.762580 1.786557
11.762580 1.786557
11.771226 1.786700
11.779407 1.786835
11.853303 1.788061
11.843225 1.787894
11.843225 1.787894
11.829924 1.787673
11.843829 1.787904
11.887333 1.788625
11.943238 1.789552
12.011727 1.790687
12.139370 1.792803
12.139370 1.792803
11.747287 1.786303
11.747829 1.786312
11.747829 1.786312
11.803995 1.787243
11.774612 1.786756
11.730789 1.786029
11.730789 1.786029
11.757178 1.786467
11.667929 1.784987
11.667929 1.784987
11.667631 1.784982
11.670429 1.785029
11.677939 1.785153
11.755988 1.786447
11.766312 1.786618
11.751327 1.786370
11.794148 1.787080
11.545727 1.782961
11.545727 1.782961
11.505624 1.782297
11.789902 1.787009
11.809514 1.787335
11.809514 1.787335
11.879956 1.788502
11.811305 1.787364
11.805660 1.787271
11.501983 1.782236
11.509742 1.782365
11.494871 1.782118
11.827712 1.787636
11.827712 1.787636
11.826965 1.787624
11.797273 1.787132
11.787411 1.786968
11.710812 1.785698
11.790665 1.787022
11.790665 1.787022
11.817266 1.787463
11.817266 1.787463
11.821078 1.787526
11.905621 1.788928
11.941982 1.789531
11.941982 1.789531
11.912113 1.789036
11.818842 1.787489
11.880864 1.788518
11.862004 1.788205
11.841889 1.787871
11.654909 1.784771
11.667651 1.784983
11.692056 1.785387
11.700593 1.785529
11.650262 1.784694
11.652134 1.784725
11.652134 1.784725
11.742385 1.786222
11.603930 1.783926
11.542304 1.782905
11.564605 1.783274
11.521716 1.782563
11.487550 1.781997
11.426828 1.780990
11.436152 1.781145
11.415786 1.780807
10.891459 1.772115
10.910758 1.772434
10.867000 1.771709
10.867000 1.771709
10.857122 1.771545
10.861057 1.771611
10.893004 1.772140
10.869444 1.771750
11.062997 1.774958
11.114673 1.775815
11.070245 1.775079
11.118968 1.775886
10.944282 1.772990
11.120437 1.775911
11.086258 1.775344
11.265013 1.778308
11.307711 1.779015
11.307620 1.779014
11.477489 1.781830
11.888410 1.788643
11.702131 1.785554
11.891870 1.788700
11.907238 1.788955
12.005804 1.790589
12.086843 1.791932
12.089082 1.791969
12.105862 1.792248
11.995031 1.790410
11.983445 1.790218
11.982738 1.790206
11.982738 1.790206
11.634906 1.784440
11.422128 1.780912
11.423256 1.780931
11.396348 1.780485
11.414677 1.780789
11.462166 1.781576
11.327643 1.779346
11.312341 1.779092
11.208273 1.777367
11.072304 1.775113
11.056217 1.774846
11.056217 1.774846
11.214968 1.777478
10.351657 1.763165
10.373743 1.763531
10.444469 1.764704
10.465298 1.765049
10.483476 1.765351
10.485928 1.765391
10.551791 1.766483
11.039059 1.774562
11.024468 1.774320
11.045828 1.774674
10.922089 1.772622
10.983362 1.773638
10.960451 1.773258
11.010060 1.774081
10.937417 1.772876
10.937417 1.772876
10.895276 1.772178
10.895276 1.772178
10.873174 1.771811
10.912091 1.772457
10.937361 1.772876
10.945649 1.773013
10.827576 1.771055
10.839550 1.771254
10.839550 1.771254
10.844445 1.771335
10.841239 1.771282
10.861271 1.771614
10.771242 1.770121
10.724220 1.769342
10.749629 1.769763
10.695166 1.768860
10.669490 1.768435
10.651386 1.768134
10.583714 1.767013
10.598079 1.767251
10.605657 1.767376
10.531393 1.766145
10.359798 1.763300
10.329521 1.762798
10.335162 1.762892
10.298667 1.762287
10.294465 1.762217
10.504304 1.765696
10.504304 1.765696
10.486127 1.765395
10.433633 1.764524
10.433633 1.764524
10.583279 1.767005
10.671169 1.768462
10.643432 1.768003
10.698341 1.768913
10.706429 1.769047
10.675332 1.768531
10.707296 1.769061
10.756410 1.769876
10.787089 1.770384
13.027884 1.807534
12.987956 1.806872
13.014271 1.807308
12.955057 1.806326
12.959507 1.806400
12.934801 1.805990
12.757734 1.803055
12.805993 1.803855
12.743633 1.802821
12.707436 1.802221
12.733800 1.802658
12.618712 1.800750
12.683233 1.801820
12.655341 1.801357
12.655341 1.801357
12.768028 1.803225
12.794304 1.803661
12.643781 1.801166
12.595113 1.800359
12.580153 1.800111
12.649981 1.801268
12.614997 1.800688
12.657646 1.801396
12.665993 1.801534
12.784143 1.803493
12.734039 1.802662
12.718078 1.802397
12.645009 1.801186
12.790861 1.803604
12.817564 1.804047
12.815965 1.804020
12.854182 1.804654
12.812879 1.803969
12.811630 1.803948
12.851505 1.804609
12.067915 1.791619
12.165904 1.793243
12.112315 1.792355
12.031330 1.791012
11.929073 1.789317
11.836983 1.787790
11.832816 1.787721
11.910491 1.789009
11.928168 1.789302
11.865854 1.788269
11.685368 1.785276
11.685368 1.785276
11.650702 1.784702
11.645768 1.784620
11.616220 1.784130
11.710695 1.785696
11.727689 1.785978
11.727689 1.785978
11.748396 1.786321
11.762301 1.786552
11.736806 1.786129
11.767297 1.786635
11.751241 1.786369
11.870383 1.788344
12.007241 1.790613
12.010162 1.790661
12.612870 1.800653
12.719989 1.802429
12.738010 1.802728
12.719564 1.802422
12.756375 1.803032
12.072516 1.791695
12.050199 1.791325
11.964250 1.789900
11.968421 1.789969
11.968421 1.789969
11.854483 1.788080
11.928600 1.789309
11.928600 1.789309
11.742838 1.786229
11.885865 1.788600
11.889540 1.788661
11.889840 1.788666
11.910833 1.789014
11.847615 1.787966
11.884430 1.788577
11.884729 1.788582
11.807703 1.787305
11.759950 1.786513
11.759950 1.786513
11.792189 1.787047
11.358060 1.779850
11.353226 1.779770
11.318820 1.779200
11.295475 1.778813
11.241040 1.777910
11.241040 1.777910
11.241040 1.777910
11.384744 1.780293
11.375772 1.780144
11.402155 1.780581
11.407414 1.780668
11.472189 1.781742
11.500235 1.782207
11.499101 1.782188
11.482826 1.781919
11.538431 1.782840
11.559544 1.783190
11.567917 1.783329
11.604132 1.783930
11.604254 1.783932
11.721884 1.785882
11.707656 1.785646
11.732209 1.786053
12.068157 1.791623
11.995995 1.790426
11.995995 1.790426
11.930202 1.789335
11.925574 1.789259
12.002696 1.790537
12.002696 1.790537
12.316513 1.795740
11.620123 1.784195
11.763704 1.786575
11.763704 1.786575
11.763704 1.786575
11.751425 1.786372
11.702251 1.785556
11.590086 1.783697
11.448152 1.781344
11.564069 1.783265
11.566541 1.783306
12.072857 1.791700
12.072857 1.791700
12.067551 1.791613
12.147829 1.792943
12.178508 1.793452
11.846078 1.787941
11.841332 1.787862
11.855371 1.788095
11.864632 1.788248
11.873774 1.788400
11.841436 1.787864
11.841436 1.787864
11.802587 1.787220
11.878091 1.788472
12.118276 1.792453
12.118276 1.792453
12.060059 1.791488
12.011329 1.790680
12.011329 1.790680
12.011329 1.790680
12.110304 1.792321
12.100503 1.792159
12.080722 1.791831
11.994063 1.790394
11.994063 1.790394
12.004074 1.790560
11.937157 1.789451
11.908311 1.788973
12.022804 1.790871
11.232803 1.777774
11.170875 1.776747
11.225350 1.777650
11.308609 1.779030
11.280152 1.778559
11.622306 1.784231
11.622306 1.784231
11.429733 1.781038
11.450475 1.781382
11.495409 1.782127
11.510999 1.782386
11.519044 1.782519
11.321947 1.779251
11.282858 1.778603
11.419630 1.780871
11.419435 1.780868
11.421595 1.780903
11.421595 1.780903
11.421595 1.780903
11.450778 1.781387
11.444544 1.781284
11.444544 1.781284
11.401565 1.780571
11.401565 1.780571
11.229570 1.777720
11.119418 1.775894
11.054075 1.774810
11.054075 1.774810
11.130986 1.776086
11.130986 1.776086
11.130986 1.776086
10.833227 1.771149
10.833227 1.771149
10.822862 1.770977
10.848836 1.771408
10.772385 1.770140
10.908778 1.772402
10.909711 1.772417
10.886872 1.772038
10.777205 1.770220
10.773678 1.770162
10.723178 1.769325
10.750770 1.769782
10.742939 1.769652
10.748879 1.769751
10.781431 1.770290
10.781431 1.770290
10.781431 1.770290
10.764462 1.770009
10.712676 1.769151
10.796948 1.770548
10.772018 1.770134
10.814791 1.770843
10.917530 1.772547
10.944576 1.772995
10.903652 1.772317
11.016814 1.774193
10.968297 1.773388
10.959149 1.773237
10.959149 1.773237
10.886324 1.772029
10.897394 1.772213
10.699577 1.768933
10.699577 1.768933
10.750609 1.769779
10.743251 1.769657
10.826794 1.771042
10.418988 1.764282
10.774984 1.770184
10.754633 1.769846
10.938432 1.772893
10.950327 1.773090
10.943924 1.772984
10.745766 1.769699
10.763771 1.769998
10.910614 1.772432
10.940949 1.772935
10.646575 1.768055
10.645710 1.768040
10.646934 1.768061
10.639562 1.767938
10.680717 1.768621
10.641083 1.767964
10.694331 1.768846
10.545257 1.766375
10.545774 1.766384
10.547054 1.766405
10.559950 1.766619
10.487129 1.765411
10.091202 1.758847
10.133503 1.759549
10.214813 1.760897
10.252270 1.761518
10.315243 1.762562
10.315243 1.762562
10.315243 1.762562
10.265461 1.761736
10.268371 1.761785
10.333063 1.762857
10.429899 1.764462
10.519203 1.765943
10.598431 1.767257
10.612798 1.767495
10.578052 1.766919
10.314233 1.762545
10.320801 1.762654
10.304247 1.762379
10.304247 1.762379
10.313371 1.762531
10.328768 1.762786
10.328768 1.762786
10.327797 1.762770
10.240669 1.761325
10.269195 1.761798
10.303860 1.762373
10.207068 1.760768
10.213061 1.760868
10.256410 1.761586
10.669247 1.768431
10.686221 1.768712
10.423766 1.764361
10.856583 1.771536
10.829020 1.771079
10.811465 1.770788
10.819198 1.770917
10.750225 1.769773
10.770031 1.770101
10.730734 1.769450
10.561253 1.766640
10.582153 1.766987
10.697741 1.768903
10.687620 1.768735
10.676293 1.768547
10.670521 1.768452
10.677714 1.768571
10.744309 1.769675
10.746686 1.769714
10.766480 1.770043
10.802767 1.770644
10.645946 1.768044
10.671112 1.768461
10.658666 1.768255
10.688619 1.768752
10.709123 1.769092
10.969617 1.773410
10.971585 1.773443
10.909013 1.772406
10.935308 1.772841
10.936578 1.772863
10.936578 1.772863
10.502333 1.765663
10.414794 1.764212
10.229472 1.761140
10.474796 1.765207
10.644948 1.768028
10.875601 1.771852
10.871513 1.771784
10.885606 1.772017
10.880300 1.771930
11.642552 1.784567
11.620775 1.784206
11.729649 1.786011
12.058272 1.791459
11.978218 1.790132
11.661389 1.784879
10.339894 1.762970
10.361038 1.763321
10.651643 1.768139
10.675719 1.768538
10.748188 1.769739
10.754004 1.769836
10.480802 1.765306
10.480802 1.765306
10.631970 1.767813
10.587267 1.767071
10.575900 1.766883
10.575900 1.766883
10.598703 1.767261
10.554220 1.766524
10.241840 1.761345
9.892946 1.755561
9.892946 1.755561
9.869452 1.755171
9.933946 1.756240
9.839003 1.754666
9.839003 1.754666
9.901364 1.755700
9.890430 1.755519
9.890430 1.755519
9.926156 1.756111
9.827460 1.754475
9.983983 1.757070
10.433831 1.764528
10.433404 1.764521
10.446546 1.764738
10.442124 1.764665
10.458436 1.764936
10.458436 1.764936
10.443385 1.764686
9.796495 1.753962
10.363094 1.763355
10.363619 1.763364
10.311055 1.762492
10.318262 1.762612
10.320195 1.762644
10.666028 1.768377
10.719174 1.769258
10.716427 1.769213
10.718323 1.769244
10.721849 1.769303
10.915982 1.772521
10.698139 1.768910
10.698139 1.768910
10.705504 1.769032
10.705504 1.769032
11.001421 1.773938
10.995592 1.773841
11.008717 1.774059
11.004338 1.773986
10.605335 1.767371
10.682298 1.768647
10.682298 1.768647
10.682298 1.768647
10.730366 1.769444
10.768421 1.770075
10.753265 1.769823
10.925649 1.772681
10.198209 1.760621
10.029651 1.757827
9.991597 1.757196
10.000328 1.757341
10.003836 1.757399
9.980344 1.757009
9.806348 1.754125
9.829670 1.754512
9.829670 1.754512
9.884688 1.755424
9.883864 1.755410
9.829193 1.754504
9.556323 1.749980
9.548113 1.749844
9.418223 1.747690
9.418223 1.747690
9.322917 1.746110
9.323873 1.746126
9.288337 1.745537
9.288337 1.745537
9.224138 1.744473
9.791491 1.753879
11.236108 1.777828
11.245450 1.777983
11.175159 1.776818
10.605631 1.767376
10.605631 1.767376
10.621538 1.767640
10.334658 1.762884
10.334658 1.762884
10.363892 1.763368
10.561901 1.766651
10.558290 1.766591
11.675622 1.785115
11.647951 1.784656
11.303886 1.778952
11.349654 1.779711
11.328094 1.779353
11.933386 1.789388
11.929984 1.789332
10.841214 1.771282
10.928727 1.772732
10.924281 1.772659
10.889070 1.772075
10.870080 1.771760
10.823639 1.770990
10.839181 1.771248
10.849561 1.771420
10.974315 1.773488
10.956420 1.773191
10.973122 1.773468
10.959333 1.773240
11.174005 1.776799
11.177983 1.776865
11.244547 1.777968
10.647363 1.768068
10.595897 1.767215
10.662236 1.768314
10.663069 1.768328
10.698448 1.768915
10.715369 1.769195
10.714999 1.769189
10.714999 1.769189
10.714999 1.769189
10.734766 1.769517
10.650028 1.768112
10.653708 1.768173
10.961282 1.773272
10.527625 1.766083
10.527625 1.766083
10.570867 1.766800
10.615233 1.767535
10.571973 1.766818
10.579649 1.766945
10.563962 1.766685
10.596305 1.767221
10.550341 1.766459
10.478577 1.765270
10.423913 1.764363
11.108211 1.775708
11.108112 1.775706
11.156112 1.776502
11.115765 1.775833
11.072493 1.775116
11.072377 1.775114
11.068880 1.775056
11.033146 1.774464
11.193029 1.777114
11.174014 1.776799
11.261452 1.778249
11.036922 1.774526
10.872502 1.771800
10.895806 1.772187
10.921680 1.772616
10.887514 1.772049
10.213189 1.760870
10.172310 1.760192
10.255875 1.761577
10.243884 1.761379
10.284076 1.762045
10.222021 1.761016
10.247373 1.761436
10.231206 1.761168
10.103165 1.759046
10.126045 1.759425
10.120233 1.759329
10.097595 1.758953
10.087221 1.758781
10.074200 1.758565
10.074200 1.758565
9.397471 1.747346
9.408377 1.747527
9.583457 1.750430
9.968259 1.756809
9.980363 1.757010
9.986523 1.757112
9.734666 1.752936
9.734666 1.752936
9.707363 1.752484
10.377175 1.763588
10.370066 1.763471
10.318087 1.762609
11.204712 1.777308
11.207497 1.777354
11.261110 1.778243
11.260612 1.778235
11.260612 1.778235
11.271044 1.778408
11.336515 1.779493
11.336515 1.779493
11.336515 1.779493
11.330597 1.779395
11.293605 1.778782
11.298250 1.778859
11.294443 1.778795
10.926409 1.772694
10.881532 1.771950
10.890886 1.772105
10.876835 1.771872
10.887036 1.772041
10.887036 1.772041
10.867719 1.771721
10.823097 1.770981
10.803800 1.770661
10.771905 1.770132
10.769183 1.770087
10.766736 1.770047
10.771271 1.770122
10.743625 1.769664
10.649360 1.768101
10.654139 1.768180
10.654139 1.768180
10.663882 1.768342
10.504635 1.765702
10.595362 1.767206
10.570430 1.766792
10.451529 1.764821
10.503407 1.765681
10.502771 1.765671
10.502771 1.765671
10.498977 1.765608
10.505573 1.765717
10.498473 1.765599
10.472895 1.765175
10.480414 1.765300
10.480414 1.765300
10.445537 1.764722
10.408887 1.764114
10.450678 1.764807
10.387097 1.763753
10.363995 1.763370
10.402968 1.764016
10.411855 1.764163
10.404558 1.764042
10.404558 1.764042
10.423952 1.764364
10.432579 1.764507
10.663167 1.768330
10.730351 1.769444
10.667534 1.768402
10.752427 1.769810
10.774022 1.770168
10.827930 1.771061
10.909080 1.772407
11.167289 1.776687
11.167289 1.776687
11.190051 1.777065
11.217709 1.777523
11.319576 1.779212
11.333268 1.779439
11.370966 1.780064
11.389312 1.780368
11.423811 1.780940
11.399264 1.780533
11.400876 1.780560
11.400876 1.780560
11.343865 1.779615
11.202039 1.777264
11.202039 1.777264
11.202039 1.777264
11.202039 1.777264
11.256390 1.778165
11.072973 1.775124
11.086228 1.775344
11.133510 1.776127
11.133510 1.776127
11.147666 1.776362
11.119587 1.775897
11.113178 1.775790
11.455108 1.781459
11.493883 1.782102
11.501359 1.782226
11.365437 1.779972
11.374406 1.780121
11.367750 1.780011
11.208077 1.777364
11.976173 1.790098
11.835313 1.787762
11.069894 1.775073
11.069894 1.775073
11.079024 1.775224
11.121485 1.775928
11.121485 1.775928
11.131422 1.776093
11.131422 1.776093
11.117738 1.775866
11.101404 1.775595
11.134780 1.776148
10.623394 1.767670
10.555018 1.766537
10.517874 1.765921
10.592087 1.767151
10.592087 1.767151
10.552104 1.766488
10.467296 1.765082
10.467296 1.765082
10.450624 1.764806
10.450624 1.764806
10.450624 1.764806
10.485756 1.765389
10.581702 1.766979
10.539617 1.766281
10.462483 1.765003
10.462605 1.765005
10.453609 1.764856
10.471778 1.765157
10.463766 1.765024
10.438000 1.764597
10.449141 1.764781
10.449141 1.764781
10.456948 1.764911
10.456948 1.764911
10.475685 1.765222
10.697774 1.768904
10.697774 1.768904
10.718461 1.769246
10.765017 1.770018
10.811572 1.770790
10.807378 1.770721
10.805267 1.770686
10.818407 1.770903
10.794327 1.770504
10.764222 1.770005
10.588805 1.767097
10.553647 1.766514
10.596615 1.767226
10.581067 1.766969
10.909890 1.772420
10.846405 1.771368
10.846405 1.771368
10.890088 1.772092
10.859776 1.771589
10.829703 1.771091
10.835793 1.771192
10.835793 1.771192
10.875785 1.771855
10.834083 1.771163
10.817731 1.770892
10.872221 1.771796
11.014595 1.774156
10.969597 1.773410
10.969597 1.773410
10.959311 1.773239
10.609987 1.767448
10.635167 1.767866
10.622215 1.767651
10.622215 1.767651
10.597436 1.767240
10.601853 1.767313
10.601853 1.767313
10.612527 1.767490
10.651000 1.768128
10.641027 1.767963
10.142210 1.759693
10.124409 1.759398
10.124409 1.759398
10.141809 1.759686
10.342060 1.763006
11.319786 1.779216
13.194133 1.810290
13.194133 1.810290
13.198500 1.810362
13.281051 1.811731
12.840302 1.804424
12.833342 1.804308
12.897632 1.805374
12.712720 1.802309
12.962331 1.806447
13.016440 1.807344
12.997127 1.807024
13.011516 1.807262
13.021005 1.807419
13.006663 1.807182
13.006663 1.807182
13.587394 1.816809
13.560941 1.816371
13.585624 1.816780
13.581067 1.816705
13.371533 1.813231
13.361272 1.813061
13.361272 1.813061
13.361272 1.813061
13.367558 1.813165
13.394206 1.813607
13.383436 1.813428
13.413307 1.813923
13.416014 1.813968
13.435904 1.814298
13.403156 1.813755
13.352247 1.812911
13.149976 1.809558
13.123505 1.809119
13.160800 1.809737
13.184015 1.810122
13.148373 1.809531
13.019077 1.807388
13.084259 1.808468
13.144486 1.809467
13.144486 1.809467
13.115100 1.808979
13.122760 1.809106
13.134260 1.809297
13.024120 1.807471
13.010959 1.807253
12.944464 1.806151
12.950130 1.806244
12.962622 1.806452
12.834038 1.804320
12.876199 1.805019
12.914017 1.805646
12.737932 1.802727
12.737932 1.802727
12.900829 1.805427
12.875849 1.805013
12.859239 1.804738
12.823293 1.804142
12.792057 1.803624
12.751797 1.802956
12.743723 1.802823
12.684660 1.801843
12.658039 1.801402
12.183703 1.793538
12.163178 1.793198
12.163178 1.793198
12.435350 1.797710
12.341998 1.796162
12.536789 1.799392
12.542402 1.799485
12.514208 1.799017
12.397141 1.797077
12.397141 1.797077
12.415230 1.797377
12.428073 1.797589
12.428073 1.797589
12.394139 1.797027
12.405123 1.797209
12.378166 1.796762
12.359752 1.796457
12.349358 1.796284
12.349358 1.796284
11.648827 1.784671
11.671943 1.785054
11.621376 1.784216
9.916363 1.755949
9.928032 1.756142
9.952214 1.756543
9.925171 1.756095
9.962968 1.756721
9.978316 1.756976
9.994714 1.757248
9.980453 1.757011
9.989269 1.757157
9.990045 1.757170
9.964879 1.756753
9.951660 1.756534
9.956393 1.756612
9.879432 1.755336
9.976649 1.756948
9.973246 1.756892
9.975583 1.756931
9.818068 1.754319
9.881750 1.755375
9.879563 1.755339
9.868313 1.755152
9.890282 1.755516
9.879331 1.755335
9.856977 1.754964
9.823845 1.754415
9.815793 1.754281
9.815793 1.754281
9.815793 1.754281
9.810944 1.754201
9.810944 1.754201
9.838443 1.754657
9.838443 1.754657
9.828712 1.754496
9.906908 1.755792
9.874368 1.755253
9.874368 1.755253
9.897947 1.755643
9.890098 1.755513
9.890098 1.755513
9.917050 1.755960
9.747423 1.753148
9.747423 1.753148
9.779027 1.753672
9.763709 1.753418
9.730970 1.752875
9.733885 1.752924
9.712295 1.752566
9.712295 1.752566
9.733997 1.752925
9.732168 1.752895
9.754248 1.753261
10.000342 1.757341
9.960412 1.756679
9.960412 1.756679
9.796501 1.753962
9.838138 1.754652
9.827696 1.754479
9.827696 1.754479
9.814555 1.754261
9.790406 1.753861
9.781579 1.753714
9.804060 1.754087
9.837679 1.754644
9.704962 1.752444
9.564527 1.750116
9.576899 1.750321
9.524992 1.749460
9.528963 1.749526
9.611647 1.750897
9.614049 1.750937
9.587423 1.750495
9.532647 1.749587
9.508044 1.749179
9.229440 1.744561
9.269609 1.745226
9.266130 1.745169
9.266936 1.745182
9.227525 1.744529
9.257936 1.745033
9.271949 1.745265
9.271949 1.745265
9.293676 1.745625
9.293676 1.745625
9.349511 1.746551
9.349511 1.746551
9.343692 1.746455
9.343692 1.746455
9.489576 1.748873
9.513464 1.749269
9.435792 1.747982
9.434772 1.747965
9.384332 1.747128
9.392354 1.747261
9.438248 1.748022
9.416525 1.747662
9.430939 1.747901
10.258795 1.761626
10.281141 1.761996
10.215986 1.760916
10.282682 1.762022
10.282093 1.762012
10.246648 1.761424
10.168000 1.760121
10.162250 1.760025
10.146424 1.759763
10.146424 1.759763
10.147295 1.759777
10.147295 1.759777
10.489723 1.765454
10.489723 1.765454
10.454262 1.764866
10.449247 1.764783
10.417098 1.764250
10.548080 1.766422
10.855447 1.771518
10.855447 1.771518
10.828739 1.771075
10.565410 1.766709
10.656828 1.768225
10.665411 1.768367
10.634283 1.767851
10.747624 1.769730
10.719077 1.769257
10.731322 1.769460
10.735584 1.769530
10.779943 1.770266
10.930033 1.772754
10.941163 1.772939
10.938426 1.772893
10.937791 1.772883
10.929188 1.772740
10.930218 1.772757
10.654224 1.768181
10.667183 1.768396
10.767721 1.770063
10.758556 1.769911
10.697809 1.768904
10.708023 1.769073
10.695544 1.768867
10.523447 1.766013
10.327250 1.762761
10.338915 1.762954
10.349670 1.763132
10.534907 1.766203
10.509711 1.765786
10.505492 1.765716
10.479842 1.765290
10.483083 1.765344
10.483083 1.765344
10.545895 1.766386
10.422633 1.764342
10.430876 1.764479
10.344724 1.763050
10.344724 1.763050
10.326209 1.762743
10.329236 1.762794
10.315270 1.762562
10.216482 1.760924
10.228486 1.761123
10.233146 1.761201
10.230634 1.761159
10.226363 1.761088
10.055885 1.758262
10.059856 1.758328
10.055451 1.758255
10.042988 1.758048
10.128123 1.759459
10.079646 1.758656
10.034848 1.757913
10.001564 1.757361
9.971713 1.756866
9.994528 1.757245
9.774165 1.753591
9.774165 1.753591
9.831792 1.754547
9.836965 1.754632
9.834930 1.754599
9.888912 1.755494
9.945247 1.756428
9.945247 1.756428
9.982762 1.757050
9.977457 1.756962
10.167403 1.760111
10.129651 1.759485
10.268661 1.761789
10.268661 1.761789
10.146729 1.759768
10.133829 1.759554
10.172907 1.760202
10.172907 1.760202
10.142517 1.759698
10.527200 1.766076
10.522020 1.765990
10.519838 1.765954
10.537368 1.766244
10.477933 1.765259
10.523710 1.766018
10.547171 1.766407
10.583315 1.767006
10.576356 1.766891
10.684324 1.768681
10.932949 1.772802
10.885947 1.772023
10.886407 1.772031
10.854840 1.771507
10.976909 1.773531
10.973711 1.773478
11.037707 1.774539
11.010570 1.774089
10.975565 1.773509
10.961308 1.773273
10.965045 1.773334
10.945252 1.773006
10.945252 1.773006
10.955866 1.773182
10.751050 1.769787
10.841958 1.771294
10.852370 1.771466
10.837298 1.771217
10.858240 1.771564
10.885528 1.772016
10.883576 1.771984
10.884738 1.772003
10.912482 1.772463
10.918564 1.772564
10.346750 1.763084
10.314416 1.762548
10.326860 1.762754
10.312134 1.762510
10.312134 1.762510
10.373713 1.763531
10.550427 1.766461
11.008450 1.774054
11.003133 1.773966
11.010969 1.774096
10.913574 1.772481
10.949583 1.773078
10.762857 1.769982
10.775859 1.770198
10.758751 1.769914
10.715542 1.769198
10.702455 1.768981
10.728826 1.769418
10.836240 1.771199
10.827269 1.771050
10.819034 1.770914
10.810897 1.770779
10.835457 1.771186
10.611280 1.767470
10.298965 1.762292
10.335317 1.762894
10.322944 1.762689
10.350526 1.763147
10.235007 1.761231
10.214095 1.760885
9.804609 1.754096
9.801543 1.754045
9.828690 1.754495
9.833172 1.754570
9.806387 1.754126
9.796061 1.753954
9.780362 1.753694
9.778175 1.753658
9.801176 1.754039
9.770192 1.753525
9.887710 1.755474
9.888243 1.755483
9.823082 1.754402
10.000457 1.757343
10.096673 1.758938
10.099497 1.758985
10.030963 1.757849
10.045715 1.758093
10.021118 1.757685
10.148293 1.759794
10.161064 1.760006
10.152078 1.759857
10.147957 1.759788
10.147957 1.759788
10.158429 1.759962
10.153370 1.759878
10.121699 1.759353
10.442554 1.764672
10.445958 1.764729
10.438956 1.764613
10.424723 1.764377
10.424307 1.764370
10.424087 1.764366
10.131745 1.759520
10.131745 1.759520
10.073824 1.758559
10.092424 1.758868
10.758882 1.769917
10.729598 1.769431
10.676268 1.768547
10.642574 1.767988
10.608588 1.767425
10.608588 1.767425
10.575610 1.766878
10.549990 1.766453
10.537592 1.766248
10.568000 1.766752
10.583021 1.767001
10.597805 1.767246
10.590497 1.767125
11.020810 1.774259
11.055766 1.774839
11.053452 1.774800
11.458573 1.781517
11.010384 1.774086
11.013702 1.774141
11.046571 1.774686
11.064733 1.774987
11.074975 1.775157
11.074975 1.775157
10.946482 1.773027
10.946945 1.773034
10.974273 1.773487
10.983457 1.773640
11.245446 1.777983
11.331023 1.779402
11.339723 1.779546
11.365520 1.779974
11.298006 1.778855
11.289496 1.778713
11.296822 1.778835
11.306981 1.779003
11.509771 1.782365
11.513296 1.782424
11.474728 1.781784
11.490949 1.782053
11.518863 1.782516
11.528667 1.782679
11.426067 1.780978
11.441847 1.781239
11.442948 1.781257
11.490378 1.782044
11.475281 1.781794
11.475281 1.781794
11.441549 1.781234
11.323824 1.779283
11.278556 1.778532
11.274403 1.778463
11.287185 1.778675
11.285617 1.778649
11.270541 1.778399
11.108251 1.775709
11.069979 1.775074
11.100077 1.775573
11.146498 1.776343
11.138678 1.776213
11.127474 1.776027
11.127474 1.776027
11.135880 1.776167
11.121893 1.775935
11.106786 1.775684
11.078221 1.775211
11.197920 1.777195
11.207799 1.777359
11.209828 1.777393
11.214589 1.777472
11.262371 1.778264
11.273911 1.778455
11.430073 1.781044
11.419390 1.780867
11.415905 1.780809
11.444827 1.781289
12.086727 1.791930
11.882767 1.788549
11.851385 1.788029
11.903675 1.788896
11.884227 1.788573
11.894696 1.788747
11.831007 1.787691
11.879466 1.788494
11.839645 1.787834
11.864332 1.788243
12.226665 1.794250
12.558462 1.799751
12.431906 1.797653
11.906562 1.788944
11.907412 1.788958
11.546377 1.782972
11.529423 1.782691
11.505249 1.782290
11.160171 1.776569
11.175709 1.776827
11.141729 1.776264
11.177946 1.776864
11.179005 1.776882
10.902998 1.772306
10.877035 1.771875
10.904449 1.772330
10.844053 1.771329
10.912949 1.772471
10.896267 1.772194
10.861086 1.771611
10.835943 1.771194
10.832566 1.771138
10.834777 1.771175
10.911992 1.772455
10.909411 1.772412
10.927751 1.772716
11.083710 1.775302
11.082072 1.775275
11.082072 1.775275
10.919417 1.772578
10.750451 1.769777
10.750451 1.769777
10.775209 1.770187
10.773935 1.770166
10.783632 1.770327
10.782357 1.770306
10.775294 1.770189
10.761069 1.769953
11.060573 1.774918
10.909158 1.772408
10.896119 1.772192
10.924860 1.772668
11.026665 1.774356
11.018878 1.774227
11.068411 1.775048
11.062040 1.774943
11.062040 1.774943
10.692878 1.768822
10.722734 1.769317
10.782052 1.770301
10.790078 1.770434
10.767479 1.770059
10.726305 1.769376
10.782225 1.770304
10.976543 1.773525
10.976543 1.773525
11.006458 1.774021
11.057219 1.774863
11.084446 1.775314
11.084446 1.775314
11.083562 1.775299
11.075754 1.775170
11.031295 1.774433
11.035551 1.774503
11.035551 1.774503
11.035551 1.774503
11.037929 1.774543
11.079900 1.775239
10.712338 1.769145
10.743924 1.769669
10.743924 1.769669
10.779240 1.770254
10.739491 1.769595
10.664284 1.768348
10.678909 1.768591
10.672297 1.768481
10.672297 1.768481
10.672297 1.768481
10.906296 1.772361
10.957651 1.773212
10.872392 1.771798
10.872392 1.771798
10.897383 1.772213
10.897383 1.772213
10.915112 1.772507
10.915112 1.772507
10.719647 1.769266
10.724044 1.769339
10.726033 1.769372
10.766969 1.770051
10.815029 1.770847
10.824804 1.771009
10.828112 1.771064
10.823246 1.770984
10.823246 1.770984
10.803190 1.770651
10.838515 1.771237
10.858463 1.771567
10.821533 1.770955
10.844643 1.771338
10.826562 1.771039
10.844523 1.771336
10.852064 1.771461
10.852064 1.771461
10.886534 1.772033
10.850910 1.771442
10.818920 1.770912
10.800931 1.770614
10.884346 1.771997
10.851346 1.771450
10.789937 1.770431
10.933684 1.772815
10.919210 1.772575
10.878614 1.771902
13.966205 1.823090
13.985073 1.823402
13.952957 1.822870
14.001401 1.823673
14.018785 1.823961
14.068129 1.824779
14.041483 1.824338
14.041609 1.824340
13.506065 1.815461
14.347834 1.829417
15.262200 1.844575
14.881142 1.838258
14.881142 1.838258
14.788523 1.836723
14.775855 1.836513
14.775855 1.836513
14.775855 1.836513
14.739325 1.835907
14.761277 1.836271
14.398791 1.830261
14.415170 1.830533
14.367753 1.829747
14.325030 1.829038
14.237498 1.827587
14.249992 1.827794
14.222961 1.827346
14.196466 1.826907
13.826133 1.820767
13.814534 1.820575
13.814534 1.820575
13.493506 1.815253
13.482382 1.815068
13.482297 1.815067
13.485598 1.815122
13.487845 1.815159
13.533211 1.815911
13.028653 1.807546
13.028653 1.807546
12.982489 1.806781
12.995669 1.806999
13.006836 1.807185
12.794710 1.803668
12.794710 1.803668
12.775628 1.803351
12.775628 1.803351
12.755160 1.803012
12.753101 1.802978
12.743740 1.802823
12.743740 1.802823
12.743740 1.802823
12.765835 1.803189
12.677369 1.801722
12.673767 1.801663
12.687808 1.801896
12.673496 1.801658
12.673496 1.801658
12.747055 1.802878
12.499165 1.798768
12.544487 1.799519
12.510634 1.798958
12.582829 1.800155
12.356969 1.796411
12.451780 1.797983
12.462620 1.798162
12.441235 1.797808
12.447532 1.797912
12.393403 1.797015
12.410700 1.797301
12.442123 1.797822
12.322853 1.795845
12.223425 1.794197
12.349532 1.796287
12.314298 1.795703
12.252379 1.794677
12.252379 1.794677
12.170135 1.793313
12.211581 1.794000
12.181739 1.793506
12.186938 1.793592
12.393662 1.797019
12.415547 1.797382
12.381405 1.796816
12.305081 1.795550
12.245045 1.794555
12.241393 1.794495
12.215448 1.794064
12.257957 1.794769
12.216524 1.794082
12.215766 1.794070
12.214260 1.794045
12.217812 1.794104
12.195529 1.793734
12.218148 1.794109
12.225694 1.794234
11.921907 1.789198
11.927872 1.789297
12.174039 1.793378
12.183438 1.793534
12.222401 1.794180
12.225411 1.794230
12.225411 1.794230
12.229641 1.794300
12.257433 1.794761
12.285898 1.795232
12.267950 1.794935
12.160389 1.793152
12.009528 1.790651
12.369656 1.796621
13.432088 1.814235
13.405806 1.813799
13.495691 1.815289
13.462755 1.814743
13.446085 1.814467
13.603367 1.817074
13.603367 1.817074
13.410076 1.813870
13.426306 1.814139
13.373513 1.813264
13.157699 1.809686
13.149620 1.809552
12.942269 1.806114
13.110404 1.808902
12.867620 1.804877
12.753267 1.802981
12.753267 1.802981
12.736992 1.802711
12.818699 1.804066
12.842368 1.804458
12.834894 1.804334
12.841967 1.804451
12.826305 1.804192
12.820418 1.804094
12.826306 1.804192
12.690891 1.801947
12.566927 1.799892
12.529772 1.799276
12.596103 1.800375
12.644833 1.801183
12.644833 1.801183
12.460327 1.798124
12.437510 1.797746
12.446695 1.797898
11.061741 1.774938
11.141994 1.776268
11.525893 1.782633
11.314920 1.779135
11.329328 1.779374
10.038562 1.757975
9.958371 1.756645
9.939578 1.756334
9.933382 1.756231
9.973114 1.756890
9.883302 1.755401
9.909731 1.755839
9.931918 1.756207
9.950071 1.756508
9.932754 1.756221
9.955287 1.756594
9.789992 1.753854
9.789564 1.753847
10.418963 1.764281
10.407737 1.764095
10.404310 1.764038
10.430827 1.764478
10.430367 1.764470
10.447816 1.764760
10.421530 1.764324
10.441166 1.764649
10.441166 1.764649
10.418844 1.764279
10.466479 1.765069
10.462974 1.765011
10.450278 1.764800
10.458989 1.764945
10.458486 1.764936
10.458486 1.764936
10.421654 1.764326
10.437802 1.764594
10.439072 1.764615
10.440738 1.764642
10.573218 1.766839
10.533774 1.766185
10.533774 1.766185
11.063372 1.774965
11.065731 1.775004
11.065603 1.775002
11.164913 1.776648
11.169098 1.776717
11.145247 1.776322
11.151068 1.776418
11.151068 1.776418
11.192687 1.777108
11.192687 1.777108
11.339247 1.779538
11.448918 1.781356
12.100514 1.792159
12.096167 1.792087
12.151058 1.792997
12.143499 1.792872
12.177064 1.793428
12.009467 1.790650
12.009467 1.790650
12.009467 1.790650
12.009467 1.790650
12.009467 1.790650
11.847922 1.787971
11.805481 1.787268
11.857666 1.788133
11.660686 1.784867
11.733548 1.786075
11.709540 1.785677
12.085520 1.791910
12.411034 1.797307
12.423973 1.797522
12.442165 1.797823
11.703620 1.785579
11.696206 1.785456
11.636990 1.784474
11.654952 1.784772
11.691133 1.785372
11.711180 1.785704
11.714862 1.785765
11.714862 1.785765
11.727576 1.785976
11.727576 1.785976
11.727576 1.785976
11.253163 1.778111
11.311463 1.779078
11.299438 1.778878
11.331037 1.779402
11.350883 1.779731
11.359981 1.779882
11.316938 1.779168
11.316938 1.779168
11.316938 1.779168
11.321287 1.779240
11.218684 1.777539
11.230618 1.777737
11.311111 1.779072
11.298330 1.778860
11.295221 1.778808
11.301378 1.778910
11.165368 1.776656
11.148935 1.776383
11.078169 1.775210
11.172543 1.776775
11.191743 1.777093
11.189588 1.777057
11.159150 1.776552
11.367679 1.780010
11.352013 1.779750
11.352013 1.779750
11.465001 1.781623
11.460863 1.781554
11.394202 1.780449
11.381189 1.780234
11.418429 1.780851
11.426906 1.780992
11.447543 1.781334
11.460172 1.781543
11.439711 1.781204
11.440361 1.781215
11.440361 1.781215
10.923371 1.772644
11.001102 1.773932
10.993326 1.773803
10.990127 1.773750
10.998543 1.773890
10.943240 1.772973
10.767287 1.770056
10.743310 1.769658
10.742600 1.769647
10.738453 1.769578
10.738453 1.769578
10.707293 1.769061
10.721952 1.769304
10.705783 1.769036
10.913530 1.772480
10.906652 1.772366
11.468518 1.781681
11.482665 1.781916
11.478782 1.781852
11.460138 1.781542
11.403044 1.780596
11.236483 1.777835
11.291120 1.778740
11.297528 1.778847
11.363219 1.779936
11.372679 1.780093
11.346864 1.779665
11.346267 1.779655
11.366339 1.779987
11.373031 1.780098
11.359721 1.779878
11.359721 1.779878
11.448656 1.781352
11.400237 1.780549
11.400237 1.780549
11.348352 1.779689
11.095626 1.775499
11.076690 1.775185
11.069469 1.775066
11.074788 1.775154
11.036438 1.774518
11.042096 1.774612
11.042096 1.774612
11.065768 1.775004
11.050509 1.774751
11.041100 1.774595
11.061816 1.774939
11.054805 1.774823
11.072627 1.775118
11.009322 1.774069
11.062426 1.774949
11.068674 1.775053
11.079518 1.775232
11.083614 1.775300
11.116104 1.775839
11.083668 1.775301
10.979782 1.773579
11.007412 1.774037
10.995858 1.773845
11.000991 1.773930
11.002174 1.773950
11.045823 1.774674
10.963019 1.773301
10.814941 1.770846
10.819367 1.770919
10.945182 1.773005
10.939281 1.772907
10.960763 1.773263
11.038364 1.774550
11.038364 1.774550
11.041713 1.774606
11.031969 1.774444
11.929685 1.789327
11.926623 1.789276
11.926623 1.789276
11.913938 1.789066
11.913938 1.789066
11.825242 1.787595
11.834899 1.787755
11.879927 1.788502
11.843115 1.787892
11.749953 1.786347
11.696789 1.785466
11.696842 1.785467
11.673621 1.785082
11.674145 1.785090
11.734349 1.786088
11.754334 1.786420
11.854071 1.788073
11.859733 1.788167
11.882877 1.788551
11.916345 1.789106
12.005071 1.790577
12.011878 1.790690
11.987515 1.790286
11.987515 1.790286
11.987515 1.790286
11.444813 1.781288
11.444813 1.781288
11.303574 1.778947
11.303574 1.778947
11.286301 1.778660
11.537264 1.782821
11.524494 1.782609
11.514545 1.782444
11.545345 1.782955
11.527916 1.782666
11.462871 1.781588
11.462871 1.781588
11.494653 1.782115
11.553381 1.783088
11.551764 1.783061
11.532827 1.782748
11.541671 1.782894
11.531333 1.782723
11.557396 1.783155
11.474280 1.781777
11.478770 1.781851
11.510721 1.782381
11.527855 1.782665
11.518432 1.782509
11.518432 1.782509
11.411432 1.780735
11.416268 1.780815
11.411669 1.780739
11.416979 1.780827
11.332418 1.779425
11.467324 1.781662
11.526350 1.782640
11.540758 1.782879
11.390690 1.780391
11.390690 1.780391
11.553898 1.783097
11.504567 1.782279
11.505675 1.782297
11.478840 1.781852
11.430595 1.781053
11.428345 1.781015
11.436886 1.781157
11.425187 1.780963
11.491274 1.782059
11.466089 1.781641
11.466723 1.781652
11.466723 1.781652
11.466723 1.781652
11.466723 1.781652
11.381170 1.780233
11.357889 1.779847
11.371171 1.780067
11.371171 1.780067
11.294113 1.778790
11.306040 1.778988
11.292612 1.778765
11.248977 1.778042
11.280388 1.778562
11.280388 1.778562
11.276898 1.778505
11.256182 1.778161
11.238495 1.777868
11.415310 1.780799
11.426128 1.780979
11.441557 1.781234
11.470982 1.781722
11.572194 1.783400
11.695529 1.785445
11.847220 1.787960
11.847220 1.787960
11.881210 1.788523
11.948275 1.789635
11.924562 1.789242
11.962097 1.789864
11.870616 1.788348
11.866277 1.788276
11.825442 1.787599
11.851976 1.788039
11.851976 1.788039
11.851976 1.788039
11.813591 1.787402
11.764312 1.786585
11.598425 1.783835
11.690752 1.785366
11.695390 1.785443
11.695390 1.785443
11.741488 1.786207
11.715080 1.785769
11.698816 1.785499
11.577077 1.783481
11.550401 1.783039
11.683998 1.785254
11.213787 1.777458
11.538850 1.782847
11.502840 1.782250
11.445880 1.781306
11.447940 1.781340
11.453399 1.781431
11.552437 1.783073
11.477898 1.781837
11.474571 1.781782
11.590947 1.783711
11.651733 1.784719
11.651733 1.784719
11.633679 1.784420
11.629819 1.784356
11.525568 1.782627
11.559686 1.783193
11.601430 1.783885
11.600522 1.783870
11.568351 1.783336
11.568351 1.783336
11.568351 1.783336
11.679428 1.785178
11.685673 1.785282
11.685673 1.785282
11.513422 1.782426
11.518859 1.782516
11.518859 1.782516
11.546658 1.782977
11.521389 1.782558
11.427919 1.781008
11.427963 1.781009
11.427963 1.781009
11.443427 1.781265
11.470721 1.781718
11.539413 1.782857
11.375795 1.780144
11.304525 1.778963
11.202171 1.777266
11.213495 1.777453
10.806289 1.770703
10.782661 1.770311
10.785847 1.770364
10.783055 1.770317
10.785603 1.770360
10.775053 1.770185
10.773212 1.770154
10.773212 1.770154
10.595922 1.767215
10.623433 1.767671
10.623433 1.767671
10.621037 1.767631
10.623624 1.767674
10.568466 1.766760
10.535520 1.766214
10.431944 1.764496
10.400872 1.763981
10.401190 1.763987
10.255433 1.761570
10.197184 1.760604
10.188154 1.760455
9.888232 1.755482
9.890294 1.755517
9.913918 1.755908
9.910433 1.755850
9.888437 1.755486
9.909712 1.755839
9.899316 1.755666
9.899316 1.755666
9.890193 1.755515
9.885868 1.755443
9.885868 1.755443
9.907243 1.755798
9.907243 1.755798
9.907243 1.755798
9.911562 1.755869
9.978368 1.756977
9.980375 1.757010
10.162838 1.760035
10.187892 1.760450
10.187892 1.760450
10.093779 1.758890
10.088925 1.758810
10.088925 1.758810
10.076777 1.758608
10.019403 1.757657
10.026618 1.757777
10.311336 1.762497
10.392599 1.763844
10.382256 1.763673
10.372237 1.763507
10.280654 1.761988
10.225605 1.761076
10.229277 1.761136
10.229739 1.761144
10.183236 1.760373
10.084162 1.758731
9.994259 1.757240
9.999564 1.757328
9.993187 1.757222
9.992010 1.757203
9.997137 1.757288
9.959720 1.756668
9.980354 1.757010
9.996639 1.757280
9.976735 1.756950
9.984346 1.757076
9.986467 1.757111
9.994710 1.757248
9.968483 1.756813
9.991191 1.757189
10.014112 1.757569
10.324670 1.762718
10.254904 1.761561
10.277602 1.761938
10.297090 1.762261
10.327725 1.762769
10.264966 1.761728
10.302739 1.762354
10.323460 1.762698
10.371575 1.763496
10.379858 1.763633
10.673901 1.768508
10.672585 1.768486
10.672585 1.768486
10.706610 1.769050
10.746170 1.769706
10.780023 1.770267
10.780023 1.770267
10.752680 1.769814
10.775133 1.770186
10.746810 1.769716
10.775172 1.770187
10.774757 1.770180
10.776958 1.770216
10.761061 1.769953
10.791359 1.770455
10.756595 1.769879
10.870797 1.771772
10.890276 1.772095
10.890276 1.772095
10.890932 1.772106
10.661094 1.768295
10.641761 1.767975
9.984752 1.757083
9.984752 1.757083
9.970147 1.756840
9.961550 1.756698
10.120652 1.759336
10.119027 1.759309
10.121639 1.759352
10.147322 1.759778
10.195698 1.760580
10.199527 1.760643
10.106642 1.759103
10.102231 1.759030
10.149507 1.759814
10.149507 1.759814
10.137029 1.759607
10.129399 1.759481
10.113467 1.759216
10.113467 1.759216
10.109004 1.759142
10.076809 1.758609
10.068974 1.758479
10.091942 1.758860
10.025862 1.757764
10.033473 1.757890
10.074132 1.758564
10.199451 1.760642
10.196819 1.760598
10.219549 1.760975
10.190031 1.760486
10.187957 1.760451
10.189969 1.760485
9.859084 1.754999
9.855402 1.754938
9.853493 1.754906
9.834345 1.754589
9.852773 1.754895
9.852194 1.754885
9.859514 1.755006
9.871704 1.755208
9.878545 1.755322
9.892877 1.755559
9.892877 1.755559
9.893067 1.755563
9.864541 1.755090
9.875012 1.755263
9.862321 1.755053
9.882960 1.755395
9.906683 1.755788
9.875794 1.755276
9.871362 1.755203
9.905118 1.755762
9.685967 1.752129
11.857984 1.788138
11.847391 1.787963
11.848178 1.787976
11.844617 1.787917
11.873437 1.788394
11.863268 1.788226
12.610204 1.800609
12.610204 1.800609
12.448588 1.797930
12.448588 1.797930
12.538640 1.799423
12.508235 1.798918
12.508235 1.798918
12.471665 1.798312
12.396935 1.797073
12.396580 1.797067
12.388981 1.796941
12.384235 1.796863
12.402600 1.797167
12.203418 1.793865
12.421707 1.797484
12.356265 1.796399
12.390223 1.796962
12.442891 1.797835
12.563816 1.799840
12.071291 1.791675
12.057701 1.791449
12.055658 1.791415
12.056491 1.791429
11.992748 1.790372
12.492341 1.798655
12.645232 1.801190
12.606764 1.800552
12.579111 1.800093
12.579111 1.800093
12.591048 1.800291
12.611982 1.800638
12.624570 1.800847
12.809874 1.803919
12.798276 1.803727
12.756537 1.803035
12.801335 1.803778
12.826854 1.804201
14.472434 1.831482
14.445101 1.831029
14.440721 1.830956
14.440721 1.830956
14.431993 1.830812
14.445606 1.831037
14.468052 1.831410
14.464893 1.831357
14.465415 1.831366
14.502789 1.831985
14.484744 1.831686
14.406829 1.830395
12.003317 1.790548
14.383044 1.830000
14.474397 1.831515
14.477494 1.831566
14.477559 1.831567
14.478909 1.831590
14.511528 1.832130
14.509104 1.832090
14.508558 1.832081
13.919756 1.822320
13.963149 1.823039
13.506173 1.815463
13.530929 1.815873
13.597960 1.816985
13.589602 1.816846
13.610846 1.817198
14.064785 1.824724
14.080585 1.824986
14.125500 1.825731
14.158475 1.826277
14.158475 1.826277
14.132028 1.825839
14.132028 1.825839
14.178377 1.826607
14.164917 1.826384
13.757622 1.819632
13.673194 1.818232
13.582441 1.816727
13.437502 1.814324
13.429330 1.814189
13.427512 1.814159
13.432202 1.814237
13.464474 1.814772
13.450838 1.814546
13.447493 1.814490
13.291835 1.811909
13.229450 1.810875
13.361698 1.813068
13.351805 1.812904
13.378159 1.813341
13.407393 1.813825
13.406936 1.813818
13.448121 1.814500
13.491402 1.815218
13.499609 1.815354
13.499609 1.815354
13.502052 1.815395
13.009228 1.807224
12.921046 1.805762
12.916286 1.805683
12.916286 1.805683
12.943451 1.806134
12.954443 1.806316
12.726872 1.802543
12.662405 1.801474
12.610009 1.800606
12.620541 1.800780
12.734665 1.802672
12.838639 1.804396
12.850039 1.804585
12.875701 1.805011
12.879597 1.805075
13.425800 1.814130
13.423437 1.814091
13.386315 1.813476
13.005477 1.807162
13.024506 1.807478
13.273145 1.811600
11.593262 1.783749
11.594639 1.783772
11.679181 1.785174
11.656524 1.784798
11.656524 1.784798
11.656524 1.784798
11.482011 1.781905
9.447338 1.748173
9.920477 1.756017
9.768308 1.753494
9.749649 1.753185
9.734674 1.752937
9.729107 1.752844
9.818563 1.754327
9.960059 1.756673
9.830017 1.754517
9.825817 1.754448
9.832841 1.754564
9.832841 1.754564
9.860178 1.755017
9.841774 1.754712
9.845138 1.754768
9.866841 1.755128
9.866841 1.755128
9.877070 1.755297
9.877070 1.755297
9.877070 1.755297
9.953367 1.756562
9.971121 1.756857
9.960760 1.756685
10.618624 1.767591
10.638399 1.767919
10.614494 1.767523
10.617559 1.767574
10.617559 1.767574
10.580267 1.766955
10.555981 1.766553
10.543426 1.766345
10.169856 1.760151
10.171760 1.760183
10.188400 1.760459
10.117179 1.759278
9.981897 1.757035
9.978480 1.756979
9.949646 1.756501
9.924276 1.756080
10.187926 1.760451
10.211696 1.760845
10.036382 1.757939
10.052534 1.758206
10.260374 1.761652
10.276625 1.761921
10.269800 1.761808
10.268793 1.761792
10.216087 1.760918
10.216087 1.760918
10.224769 1.761062
10.227688 1.761110
10.096761 1.758940
10.068381 1.758469
10.126485 1.759432
10.132239 1.759528
9.619460 1.751027
9.619460 1.751027
9.619321 1.751024
9.621046 1.751053
9.633411 1.751258
9.643720 1.751429
9.623962 1.751101
9.623962 1.751101
9.791701 1.753882
9.800656 1.754030
9.768705 1.753501
9.720479 1.752701
9.723305 1.752748
9.743544 1.753084
9.801416 1.754043
9.801416 1.754043
9.799129 1.754005
9.857234 1.754968
9.823001 1.754401
9.793195 1.753907
9.806509 1.754128
10.240941 1.761330
10.241978 1.761347
10.623162 1.767667
10.734203 1.769507
10.762292 1.769973
10.776753 1.770213
10.829326 1.771084
10.839319 1.771250
10.848542 1.771403
10.812739 1.770809
10.788404 1.770406
10.788404 1.770406
10.770752 1.770113
10.753008 1.769819
10.761853 1.769966
10.764318 1.770007
10.774468 1.770175
10.565281 1.766707
10.563045 1.766670
10.571432 1.766809
10.629911 1.767778
10.740417 1.769610
10.740417 1.769610
10.762274 1.769973
10.762274 1.769973
10.761021 1.769952
10.761733 1.769964
10.672866 1.768491
10.579934 1.766950
10.149796 1.759819
10.149796 1.759819
9.996083 1.757270
9.996083 1.757270
10.011020 1.757518
10.016105 1.757602
10.016105 1.757602
9.985836 1.757101
9.938419 1.756314
9.976300 1.756942
9.997125 1.757288
9.965277 1.756760
10.061184 1.758350
10.064747 1.758409
9.986162 1.757106
10.137189 1.759610
10.149617 1.759816
10.312199 1.762511
10.305212 1.762395
10.305212 1.762395
10.257680 1.761607
10.257806 1.761609
10.292739 1.762189
10.292739 1.762189
9.972049 1.756872
10.026247 1.757770
9.992208 1.757206
9.421578 1.747746
9.392159 1.747258
9.403364 1.747444
9.242780 1.744782
9.236692 1.744681
9.244548 1.744811
9.232592 1.744613
9.252468 1.744942
9.242573 1.744778
9.267679 1.745194
8.333046 1.729700
8.349089 1.729966
8.358451 1.730121
8.351702 1.730009
8.852370 1.738309
8.844717 1.738182
8.842113 1.738139
8.899531 1.739091
8.881985 1.738800
8.906038 1.739199
8.922487 1.739472
8.952670 1.739972
10.301959 1.762341
10.299402 1.762299
10.330050 1.762807
10.317598 1.762601
10.349013 1.763122
10.381437 1.763659
10.582327 1.766990
10.615479 1.767539
10.609296 1.767437
10.628214 1.767750
10.802784 1.770644
10.801071 1.770616
10.818613 1.770907
10.815994 1.770863
10.800369 1.770604
10.809640 1.770758
10.827210 1.771049
10.938240 1.772890
10.942016 1.772953
10.935787 1.772849
10.935787 1.772849
10.929924 1.772752
10.929924 1.772752
10.924574 1.772664
10.934770 1.772833
10.934770 1.772833
10.842966 1.771311
10.839769 1.771258
10.844463 1.771335
10.758798 1.769915
10.526500 1.766064
10.360189 1.763307
10.357896 1.763269
10.210209 1.760820
10.210209 1.760820
10.188877 1.760467
10.187742 1.760448
10.300467 1.762317
10.378156 1.763605
10.372932 1.763518
10.372932 1.763518
10.405190 1.764053
10.406806 1.764080
10.332133 1.762842
10.312058 1.762509
10.288998 1.762127
10.165929 1.760086
10.154925 1.759904
9.966911 1.756787
10.012761 1.757547
10.052504 1.758206
10.052504 1.758206
10.040439 1.758006
10.040439 1.758006
9.880327 1.755351
10.023089 1.757718
10.058477 1.758305
9.947163 1.756459
9.936192 1.756278
10.209077 1.760802
10.341305 1.762994
10.189192 1.760472
10.153463 1.759880
10.177966 1.760286
10.533184 1.766175
10.695848 1.768872
10.682119 1.768644
10.700043 1.768941
10.859432 1.771584
10.816981 1.770880
10.924654 1.772665
11.532469 1.782742
11.571123 1.783382
11.553002 1.783082
11.575861 1.783461
11.576577 1.783473
11.523195 1.782588
11.415930 1.780810
11.138172 1.776205
11.109597 1.775731
11.125495 1.775995
11.152265 1.776438
11.322924 1.779268
11.061043 1.774926
11.500605 1.782213
11.468564 1.781682
11.394779 1.780459
11.418120 1.780846
11.546266 1.782970
11.822285 1.787546
11.828174 1.787644
11.799493 1.787169
11.928113 1.789301
11.874814 1.788417
11.587291 1.783650
11.593004 1.783745
11.628818 1.784339
11.625697 1.784287
11.598757 1.783841
11.598757 1.783841
11.614897 1.784108
11.511586 1.782395
11.544474 1.782941
11.779797 1.786842
11.801705 1.787205
11.832205 1.787711
11.938593 1.789475
11.957508 1.789788
11.396405 1.780486
11.399907 1.780544
11.505349 1.782292
11.505349 1.782292
11.625818 1.784289
11.592332 1.783734
11.483197 1.781925
11.475958 1.781805
11.457873 1.781505
11.597194 1.783815
11.321461 1.779243
11.352470 1.779757
11.352470 1.779757
11.339323 1.779540
11.339323 1.779540
11.092529 1.775448
10.927228 1.772708
10.887068 1.772042
10.866969 1.771709
10.870942 1.771774
10.995634 1.773842
11.241929 1.777925
11.245785 1.777989
11.211112 1.777414
11.253779 1.778121
11.295359 1.778811
11.295359 1.778811
11.524569 1.782611
11.528136 1.782670
11.531672 1.782728
11.544337 1.782938
11.604098 1.783929
11.681952 1.785220
11.669971 1.785021
11.657837 1.784820
11.285830 1.778653
11.146556 1.776344
11.159962 1.776566
11.305258 1.778975
11.323692 1.779280
11.452819 1.781421
11.465440 1.781630
11.483221 1.781925
11.230577 1.777737
11.180964 1.776914
11.183934 1.776963
11.168034 1.776700
11.200611 1.777240
11.306743 1.778999
11.540953 1.782882
11.288889 1.778703
11.199771 1.777226
11.194905 1.777145
11.053898 1.774808
10.997163 1.773867
10.982268 1.773620
11.012154 1.774115
10.697578 1.768900
10.689068 1.768759
10.935036 1.772837
10.953142 1.773137
10.940770 1.772932
10.918571 1.772564
10.929551 1.772746
10.910917 1.772437
10.873839 1.771822
10.934515 1.772828
10.934515 1.772828
10.959918 1.773249
10.941805 1.772949
10.947305 1.773040
10.972489 1.773458
10.975012 1.773500
10.953020 1.773135
10.953681 1.773146
10.978691 1.773561
10.947226 1.773039
10.929984 1.772753
10.929984 1.772753
10.925777 1.772683
10.882760 1.771970
10.930659 1.772764
10.966967 1.773366
10.951117 1.773104
10.942636 1.772963
10.897672 1.772218
10.940491 1.772927
11.054966 1.774825
11.279529 1.778548
11.292186 1.778758
11.274551 1.778466
11.166125 1.776668
11.166125 1.776668
11.166125 1.776668
11.166125 1.776668
11.134688 1.776147
11.176628 1.776842
11.089881 1.775404
11.094086 1.775474
11.061117 1.774927
11.057335 1.774865
11.011786 1.774109
11.253284 1.778113
11.250774 1.778071
11.285566 1.778648
11.270451 1.778398
11.327071 1.779336
11.327071 1.779336
11.327071 1.779336
11.327071 1.779336
11.341882 1.779582
11.324097 1.779287
11.374153 1.780117
9.542246 1.749746
9.542246 1.749746
9.542246 1.749746
9.542807 1.749756
9.516307 1.749316
9.552947 1.749924
9.552947 1.749924
9.736990 1.752975
9.663209 1.751752
9.592490 1.750579
9.550435 1.749882
9.581532 1.750398
9.569616 1.750200
9.659955 1.751698
9.722971 1.752743
9.658616 1.751676
9.655277 1.751620
9.516133 1.749313
9.447486 1.748175
9.423712 1.747781
9.517943 1.749344
