74.454078 3.202683
72.645413 3.168700
70.051139 3.119956
65.951208 3.042921
65.475027 3.033974
61.372930 2.956900
58.187223 2.897043
54.859916 2.834526
55.237046 2.841612
54.525355 2.828240
51.959299 2.780026
52.278686 2.786027
48.796476 2.720599
48.796476 2.720599
48.285358 2.710996
45.871456 2.665641
42.630674 2.604749
42.383066 2.600097
42.348592 2.599449
40.423224 2.563273
40.278544 2.560555
38.584306 2.528721
38.285148 2.523100
39.669425 2.549110
39.648065 2.548708
39.477492 2.545504
40.046532 2.556195
40.777790 2.569935
40.708037 2.568624
39.212313 2.540521
37.519785 2.508720
37.519785 2.508720
37.615052 2.510510
37.602047 2.510266
37.592181 2.510080
36.242107 2.484713
36.215256 2.484209
34.087544 2.444231
35.287341 2.466774
35.629647 2.473206
35.432865 2.469509
35.432865 2.469509
35.432865 2.469509
35.468221 2.470173
34.538596 2.452706
34.606310 2.453978
34.606310 2.453978
34.638328 2.454580
34.819862 2.457991
34.843406 2.458433
33.236720 2.428245
33.236720 2.428245
33.184557 2.427265
33.184557 2.427265
33.493487 2.433069
33.739844 2.437698
31.309831 2.392040
29.965853 2.366788
29.954360 2.366572
28.397732 2.337325
29.067108 2.349902
29.079354 2.350132
29.089621 2.350325
29.089621 2.350325
29.098754 2.350496
28.876027 2.346311
28.169737 2.333041
28.317816 2.335823
28.331593 2.336082
28.331593 2.336082
28.331593 2.336082
28.307403 2.335627
29.142258 2.351314
29.266805 2.353654
29.228370 2.352932
28.922742 2.347189
28.903084 2.346820
29.079578 2.350136
29.313651 2.354534
29.258983 2.353507
29.262020 2.353564
27.690976 2.324045
27.690976 2.324045
27.690976 2.324045
27.674660 2.323739
29.154307 2.351540
29.664642 2.361129
28.499165 2.339230
28.297250 2.335437
28.103544 2.331797
28.419694 2.337737
28.365434 2.336718
28.365434 2.336718
27.613130 2.322583
27.653882 2.323348
27.755784 2.325263
27.709131 2.324386
27.703249 2.324276
27.747307 2.325104
27.882548 2.327645
27.510789 2.320660
27.527925 2.320982
27.562480 2.321631
27.535211 2.321119
27.502799 2.320510
27.463059 2.319763
28.786876 2.344636
28.786876 2.344636
28.470773 2.338697
28.488623 2.339032
28.319946 2.335863
28.354395 2.336510
28.354395 2.336510
28.377140 2.336938
28.297455 2.335440
28.303559 2.335555
28.291083 2.335321
28.521951 2.339658
28.212142 2.333837
28.212142 2.333837
29.067448 2.349908
28.921055 2.347157
28.186565 2.333357
28.144549 2.332567
25.122016 2.275777
25.122016 2.275777
24.163935 2.257775
24.278320 2.259924
24.256759 2.259519
24.417898 2.262547
23.785123 2.250658
22.709402 2.230446
22.534332 2.227156
22.534332 2.227156
22.448950 2.225552
22.548722 2.227427
22.539915 2.227261
22.658021 2.229480
22.658021 2.229480
22.640092 2.229144
22.640092 2.229144
22.640092 2.229144
22.672553 2.229753
22.672553 2.229753
22.664134 2.229595
22.289419 2.222555
22.260962 2.222020
22.146682 2.219873
22.155112 2.220031
22.156757 2.220062
21.998829 2.217095
22.006252 2.217234
21.514413 2.207993
21.545944 2.208585
21.839510 2.214101
21.841215 2.214133
21.841215 2.214133
22.050836 2.218072
22.075835 2.218542
20.839135 2.195305
20.821332 2.194971
20.844443 2.195405
20.804037 2.194646
20.804037 2.194646
20.804037 2.194646
20.804037 2.194646
20.331055 2.185759
20.744557 2.193528
20.707825 2.192838
20.859969 2.195697
20.840323 2.195327
20.535901 2.189608
20.535901 2.189608
20.339396 2.185915
20.378040 2.186642
19.062266 2.161919
19.088472 2.162412
19.088472 2.162412
19.321586 2.166792
19.366099 2.167628
19.381941 2.167926
19.690637 2.173726
19.871749 2.177129
19.866526 2.177031
19.630202 2.172590
19.521222 2.170543
19.528578 2.170681
19.393065 2.168135
19.323012 2.166818
19.401288 2.168289
18.351106 2.148557
18.379274 2.149086
18.384577 2.149186
19.530744 2.170722
19.576963 2.171590
19.609435 2.172200
19.631480 2.172614
19.650784 2.172977
19.975425 2.179077
19.975425 2.179077
19.732609 2.174514
19.727822 2.174425
19.710313 2.174096
19.737651 2.174609
19.737651 2.174609
19.717772 2.174236
19.715264 2.174189
19.712486 2.174136
20.740711 2.193456
20.740711 2.193456
20.740711 2.193456
20.707748 2.192836
20.706252 2.192808
20.628155 2.191341
20.628155 2.191341
20.612126 2.191040
20.636096 2.191490
20.604194 2.190891
20.604194 2.190891
20.604955 2.190905
20.759184 2.193803
20.768702 2.193982
20.767562 2.193960
20.767562 2.193960
21.633643 2.210233
21.323305 2.204402
21.323305 2.204402
21.323305 2.204402
21.213825 2.202345
21.242254 2.202879
21.286999 2.203720
21.309967 2.204152
21.313713 2.204222
21.105713 2.200314
21.077105 2.199776
21.106882 2.200336
21.110329 2.200401
21.548744 2.208638
22.330439 2.223325
22.260466 2.222011
22.260466 2.222011
22.124207 2.219450
22.367019 2.224013
21.322161 2.204381
20.945103 2.197296
21.079173 2.199815
21.079173 2.199815
21.196731 2.202024
21.222734 2.202513
21.246196 2.202953
21.341428 2.204743
21.411448 2.206058
21.415199 2.206129
21.640702 2.210366
21.640702 2.210366
21.640702 2.210366
21.661647 2.210759
21.629357 2.210153
21.043409 2.199143
21.005744 2.198436
21.013887 2.198589
21.203000 2.202142
21.203000 2.202142
21.203000 2.202142
20.823051 2.195003
20.823051 2.195003
20.823051 2.195003
20.831248 2.195157
20.814027 2.194833
21.270903 2.203418
21.214746 2.202363
21.256665 2.203150
21.290676 2.203789
21.873151 2.214733
22.043738 2.217939
22.019626 2.217486
21.962809 2.216418
21.333647 2.204597
21.295022 2.203871
21.300743 2.203978
21.272367 2.203445
21.988562 2.216902
22.013604 2.217372
22.125964 2.219484
22.126941 2.219502
22.226453 2.221372
22.226453 2.221372
21.482040 2.207385
21.571560 2.209067
21.571560 2.209067
21.571560 2.209067
21.572477 2.209084
21.271339 2.203426
21.271339 2.203426
21.231341 2.202674
21.178403 2.201680
21.272627 2.203450
21.542706 2.208525
21.102859 2.200260
21.102859 2.200260
21.053090 2.199325
20.812055 2.194796
20.802845 2.194623
20.802824 2.194623
18.072340 2.143319
17.706384 2.136443
17.704453 2.136407
17.709468 2.136501
17.575068 2.133976
17.555809 2.133614
17.555809 2.133614
18.614495 2.153506
18.385578 2.149205
18.356929 2.148667
18.347659 2.148492
18.347659 2.148492
18.505085 2.151450
18.434635 2.150127
19.840800 2.176547
19.835256 2.176443
19.853517 2.176786
19.853517 2.176786
20.192731 2.183160
20.165306 2.182644
20.131937 2.182017
20.069153 2.180838
20.065363 2.180767
20.241167 2.184070
20.248980 2.184217
18.054248 2.142980
18.040020 2.142712
18.131076 2.144423
18.102386 2.143884
18.155206 2.144876
18.310534 2.147795
18.228004 2.146244
18.179235 2.145328
18.209982 2.145906
18.280652 2.147233
18.603065 2.153291
18.603065 2.153291
18.603065 2.153291
18.745712 2.155972
18.862085 2.158158
18.769333 2.156415
19.002379 2.160794
18.764315 2.156321
18.859370 2.158107
18.698109 2.155077
18.796489 2.156926
18.924778 2.159336
18.924778 2.159336
17.846835 2.139082
17.953140 2.141080
17.974693 2.141485
17.974693 2.141485
17.427582 2.131205
17.886362 2.139825
17.886362 2.139825
17.886362 2.139825
17.923250 2.140518
17.907697 2.140226
18.028295 2.142492
17.574740 2.133970
17.932708 2.140696
17.901691 2.140113
17.925394 2.140558
18.153383 2.144842
17.584450 2.134152
17.584450 2.134152
17.566598 2.133817
17.555966 2.133617
17.555966 2.133617
17.488172 2.132343
17.493589 2.132445
18.051612 2.142930
19.564688 2.171359
19.554485 2.171168
19.597572 2.171977
19.558773 2.171248
18.983403 2.160438
18.983403 2.160438
18.971991 2.160223
18.780290 2.156621
19.090212 2.162444
18.933352 2.159497
18.933352 2.159497
18.757827 2.156199
18.821744 2.157400
18.711049 2.155320
18.549497 2.152285
18.529237 2.151904
18.785366 2.156717
18.789947 2.156803
18.755727 2.156160
18.817704 2.157324
18.817704 2.157324
18.806481 2.157113
18.761557 2.156269
24.393971 2.262097
24.347090 2.261217
24.347916 2.261232
24.347124 2.261217
24.394299 2.262104
24.375236 2.261745
24.375236 2.261745
24.375236 2.261745
24.449436 2.263140
24.439033 2.262944
24.445293 2.263062
24.466354 2.263457
24.466354 2.263457
24.470194 2.263530
24.936884 2.272298
26.447393 2.300679
26.447393 2.300679
26.455982 2.300841
25.464294 2.282208
25.334813 2.279775
25.231415 2.277832
25.231415 2.277832
25.231415 2.277832
25.260192 2.278373
23.090950 2.237615
23.168362 2.239069
23.168362 2.239069
23.168362 2.239069
23.079815 2.237406
23.050369 2.236852
23.998361 2.254664
24.021179 2.255093
22.137662 2.219703
23.587978 2.246953
23.578984 2.246784
23.132054 2.238387
23.171144 2.239122
23.162076 2.238951
23.159425 2.238901
23.179061 2.239270
23.179061 2.239270
23.186951 2.239419
23.307161 2.241677
23.299384 2.241531
22.955665 2.235073
22.928880 2.234570
22.914221 2.234294
22.914221 2.234294
23.321128 2.241940
23.321128 2.241940
23.361038 2.242689
23.355174 2.242579
23.381429 2.243073
23.344621 2.242381
24.254973 2.259486
24.288011 2.260106
24.057716 2.255779
24.034248 2.255338
23.735458 2.249724
24.311713 2.260552
24.322134 2.260748
24.311923 2.260556
24.273180 2.259828
24.257442 2.259532
24.257442 2.259532
24.250313 2.259398
24.148816 2.257491
24.194224 2.258344
24.194224 2.258344
19.614541 2.172296
19.404250 2.168345
19.504498 2.170228
19.573136 2.171518
19.465332 2.169493
19.144295 2.163461
19.157426 2.163707
18.552119 2.152334
18.342560 2.148397
18.328757 2.148137
18.277489 2.147174
18.251407 2.146684
18.234934 2.146374
18.258110 2.146810
18.312605 2.147834
18.621106 2.153630
17.919586 2.140449
17.951847 2.141055
17.951847 2.141055
17.852079 2.139181
17.756449 2.137384
17.793208 2.138075
16.895671 2.121211
16.879013 2.120898
16.776736 2.118976
16.738071 2.118250
16.675790 2.117080
18.245595 2.146575
17.974536 2.141482
18.336708 2.148287
19.579764 2.171643
19.512575 2.170380
19.573845 2.171531
19.573845 2.171531
19.559003 2.171253
19.548720 2.171059
19.548720 2.171059
20.209032 2.183466
20.209032 2.183466
20.186420 2.183041
20.226113 2.183787
21.359217 2.205077
21.359217 2.205077
21.299265 2.203951
20.280594 2.184811
17.300535 2.128818
17.325865 2.129294
17.041163 2.123945
17.003392 2.123235
16.998548 2.123144
16.750707 2.118487
16.769081 2.118832
16.769081 2.118832
17.514758 2.132843
17.649517 2.135375
17.770679 2.137652
17.770679 2.137652
17.760898 2.137468
18.117649 2.144171
18.708515 2.155273
18.599861 2.153231
18.214305 2.145987
18.547141 2.152241
18.561536 2.152511
18.340277 2.148354
18.316659 2.147910
18.371843 2.148947
18.473592 2.150859
18.276539 2.147156
18.231880 2.146317
18.231880 2.146317
18.280928 2.147239
18.312877 2.147839
18.240572 2.146480
18.202243 2.145760
18.278563 2.147194
18.278563 2.147194
17.215678 2.127224
17.392545 2.130547
17.387782 2.130457
17.501830 2.132600
17.493331 2.132440
17.892922 2.139948
17.892922 2.139948
18.712063 2.155339
18.502567 2.151403
18.513958 2.151617
18.513958 2.151617
18.478587 2.150952
18.463637 2.150672
18.522892 2.151785
18.485339 2.151079
18.485339 2.151079
18.485339 2.151079
18.148012 2.144741
17.504984 2.132659
17.613173 2.134692
19.002242 2.160792
19.035850 2.161423
19.035850 2.161423
18.437254 2.150176
18.682871 2.154791
14.900401 2.083722
14.921024 2.084109
14.921024 2.084109
14.921024 2.084109
14.963138 2.084900
14.963138 2.084900
14.887450 2.083478
14.929934 2.084276
14.697150 2.079903
14.697150 2.079903
14.947601 2.084608
14.922272 2.084132
14.884234 2.083418
14.822190 2.082252
14.801650 2.081866
14.807465 2.081975
14.657341 2.079155
14.698217 2.079923
14.577238 2.077650
14.577238 2.077650
14.446788 2.075199
14.446788 2.075199
14.465752 2.075555
14.463988 2.075522
14.389227 2.074117
14.369292 2.073742
14.369292 2.073742
14.389243 2.074117
14.422052 2.074734
14.446930 2.075201
14.422685 2.074746
14.422685 2.074746
14.422685 2.074746
14.498134 2.076163
14.505189 2.076296
14.511611 2.076416
14.549099 2.077121
14.308522 2.072601
14.449813 2.075255
15.954277 2.103523
15.954277 2.103523
16.354860 2.111050
16.315736 2.110314
16.355885 2.111069
16.462449 2.113071
16.476460 2.113334
16.476460 2.113334
16.476460 2.113334
16.476460 2.113334
15.952697 2.103493
15.817842 2.100959
15.817842 2.100959
15.658154 2.097959
15.658154 2.097959
15.811200 2.100835
15.620927 2.097260
13.879855 2.064546
14.090599 2.068506
14.073589 2.068186
14.057290 2.067880
14.058612 2.067905
14.203046 2.070619
14.054675 2.067831
14.054675 2.067831
14.046276 2.067673
14.050501 2.067753
14.069821 2.068116
14.033927 2.067441
14.036343 2.067487
13.985018 2.066522
13.794785 2.062948
13.796065 2.062972
13.796065 2.062972
13.822660 2.063472
13.773092 2.062540
13.773092 2.062540
12.316738 2.035177
12.431613 2.037335
12.374994 2.036271
12.322151 2.035278
13.625954 2.059776
13.617106 2.059610
13.313790 2.053910
13.316197 2.053956
13.316197 2.053956
13.316197 2.053956
13.305787 2.053760
13.547326 2.058298
13.459042 2.056640
13.459042 2.056640
13.442711 2.056333
13.283963 2.053350
13.279533 2.053267
13.259361 2.052888
13.234279 2.052417
13.481494 2.057061
11.893651 2.027227
11.895931 2.027270
11.885586 2.027076
11.963753 2.028544
11.938699 2.028074
11.957320 2.028424
11.962062 2.028513
11.962062 2.028513
11.962062 2.028513
11.962062 2.028513
11.962062 2.028513
11.904146 2.027424
11.904146 2.027424
11.996457 2.029159
14.362660 2.073618
14.363406 2.073632
14.363406 2.073632
14.463551 2.075513
14.570706 2.077527
14.577465 2.077654
14.984494 2.085302
14.984494 2.085302
14.964115 2.084919
14.961920 2.084877
14.937622 2.084421
14.198002 2.070524
13.424597 2.055992
13.424597 2.055992
13.188259 2.051552
13.142995 2.050701
13.240160 2.052527
13.293382 2.053527
13.277432 2.053227
13.307941 2.053801
13.303343 2.053714
12.936301 2.046818
13.018080 2.048354
13.056986 2.049085
12.714107 2.042643
12.709583 2.042558
12.709583 2.042558
12.759695 2.043500
12.642441 2.041296
12.868444 2.045543
12.862556 2.045432
12.881633 2.045791
12.883980 2.045835
12.887441 2.045900
12.646206 2.041367
12.648288 2.041406
12.661760 2.041659
13.073454 2.049395
13.082746 2.049569
13.088526 2.049678
13.088198 2.049672
13.078182 2.049484
13.079752 2.049513
13.215330 2.052060
13.212289 2.052003
13.822028 2.063460
13.603675 2.059357
13.609742 2.059471
13.615046 2.059571
13.611658 2.059507
13.611658 2.059507
13.410959 2.055736
13.394798 2.055433
13.290886 2.053480
13.290886 2.053480
13.308681 2.053814
13.308681 2.053814
13.308681 2.053814
13.021621 2.048421
13.038435 2.048737
13.007427 2.048154
12.986734 2.047765
12.986734 2.047765
14.061070 2.067951
14.246699 2.071439
13.306345 2.053771
13.352018 2.054629
13.364058 2.054855
12.914035 2.046399
12.914035 2.046399
12.914035 2.046399
12.911541 2.046353
13.374753 2.055056
13.374753 2.055056
13.378983 2.055135
13.222414 2.052194
13.195357 2.051685
13.210298 2.051966
13.189110 2.051568
13.250362 2.052719
13.245494 2.052627
13.245494 2.052627
13.110323 2.050087
13.115731 2.050189
13.140382 2.050652
13.133084 2.050515
13.154553 2.050919
13.129365 2.050445
13.124512 2.050354
13.194900 2.051677
13.198536 2.051745
13.128559 2.050430
13.150649 2.050845
13.228063 2.052300
13.233346 2.052399
13.229769 2.052332
13.391104 2.055363
13.390955 2.055360
13.399914 2.055529
13.862747 2.064225
13.843486 2.063863
13.762305 2.062338
14.474371 2.075717
14.474371 2.075717
14.510448 2.076395
14.344970 2.073285
14.409022 2.074489
14.469050 2.075617
14.535074 2.076857
14.489988 2.076010
14.447449 2.075211
14.459561 2.075438
14.502607 2.076247
14.043128 2.067614
14.027847 2.067327
14.197769 2.070520
14.197769 2.070520
14.172064 2.070037
14.569157 2.077498
14.569157 2.077498
14.294828 2.072343
14.229020 2.071107
14.335029 2.073099
14.335029 2.073099
14.274992 2.071971
14.274992 2.071971
14.274992 2.071971
14.280267 2.072070
14.280267 2.072070
14.305845 2.072550
14.305845 2.072550
14.338875 2.073171
14.338875 2.073171
14.403755 2.074390
14.423106 2.074754
14.516381 2.076506
14.576868 2.077643
14.615010 2.078359
14.617379 2.078404
14.594956 2.077982
14.594956 2.077982
14.618763 2.078430
14.637403 2.078780
14.637403 2.078780
14.620205 2.078457
14.562055 2.077364
14.575078 2.077609
14.586259 2.077819
14.660396 2.079212
14.777790 2.081418
14.921674 2.084121
14.955732 2.084761
14.942497 2.084512
14.850441 2.082783
14.705624 2.080062
14.700020 2.079957
14.663459 2.079270
14.625293 2.078552
14.753771 2.080966
14.737360 2.080658
14.568506 2.077485
14.706009 2.080069
14.390674 2.074144
14.456888 2.075388
14.468957 2.075615
13.945583 2.065781
13.735246 2.061829
13.664484 2.060500
13.194449 2.051668
13.200733 2.051786
13.270830 2.053103
13.395475 2.055445
13.544953 2.058254
13.536937 2.058103
13.536937 2.058103
13.553834 2.058421
13.458211 2.056624
13.549453 2.058338
13.549453 2.058338
13.549453 2.058338
13.548211 2.058315
13.386213 2.055271
13.400725 2.055544
14.132959 2.069302
14.154612 2.069709
14.187711 2.070331
14.093706 2.068564
13.831026 2.063629
13.745697 2.062026
16.078274 2.105853
13.752417 2.062152
14.205178 2.070659
14.237377 2.071264
14.382073 2.073983
14.354240 2.073460
14.352241 2.073422
14.341905 2.073228
14.425053 2.074790
14.493653 2.076079
14.483091 2.075881
14.475538 2.075739
14.455458 2.075361
14.721012 2.080351
14.738125 2.080672
14.585939 2.077813
14.530098 2.076764
14.527278 2.076711
14.535715 2.076869
14.387349 2.074082
14.387349 2.074082
14.391809 2.074166
14.529464 2.076752
14.491805 2.076044
14.601311 2.078102
14.583676 2.077771
14.536560 2.076885
14.757534 2.081037
14.851178 2.082797
14.845247 2.082685
14.908560 2.083875
14.948213 2.084620
14.948213 2.084620
14.956670 2.084779
15.246234 2.090219
15.246234 2.090219
15.324172 2.091684
15.349680 2.092163
15.837831 2.101335
15.838458 2.101347
15.918553 2.102852
15.918553 2.102852
15.877839 2.102087
16.044497 2.105218
16.054925 2.105414
16.054925 2.105414
16.054925 2.105414
16.037970 2.105095
16.075673 2.105804
16.057181 2.105456
16.053891 2.105395
15.872802 2.101992
15.433212 2.093733
15.473138 2.094483
15.473138 2.094483
15.487682 2.094756
14.913872 2.083975
14.920860 2.084106
15.002659 2.085643
15.014201 2.085860
15.139844 2.088220
15.200694 2.089364
15.197571 2.089305
15.196023 2.089276
15.191476 2.089191
15.190873 2.089179
15.196304 2.089281
15.196304 2.089281
16.057650 2.105465
15.952382 2.103487
15.978124 2.103971
15.955551 2.103547
15.893168 2.102375
15.766421 2.099993
15.086865 2.087225
15.111786 2.087693
15.028955 2.086137
15.060470 2.086729
15.060470 2.086729
16.154101 2.107277
16.116298 2.106567
15.339020 2.091963
15.543389 2.095803
15.602393 2.096911
15.523759 2.095434
15.574131 2.096380
15.642210 2.097659
15.521324 2.095388
15.553058 2.095984
15.800234 2.100629
15.805014 2.100718
15.715531 2.099037
15.709371 2.098921
15.709371 2.098921
15.679036 2.098351
15.671779 2.098215
15.709195 2.098918
15.709195 2.098918
15.705141 2.098842
15.397589 2.093063
15.474556 2.094509
15.513175 2.095235
15.478912 2.094591
15.476621 2.094548
15.525127 2.095460
15.475623 2.094529
15.459412 2.094225
15.498884 2.094966
15.498884 2.094966
15.498884 2.094966
15.454337 2.094129
15.581249 2.096514
15.570320 2.096309
15.560833 2.096130
15.554462 2.096011
15.322744 2.091657
15.289917 2.091040
15.275177 2.090763
15.338497 2.091953
15.332356 2.091838
15.520252 2.095368
15.471772 2.094457
15.463346 2.094299
15.468532 2.094396
15.420975 2.093503
15.329037 2.091775
15.336357 2.091913
15.334576 2.091879
15.272379 2.090711
15.041338 2.086370
15.193067 2.089220
15.275176 2.090763
15.281112 2.090875
15.281112 2.090875
15.166289 2.088717
15.166289 2.088717
14.381368 2.073969
14.306377 2.072560
14.306843 2.072569
14.314666 2.072716
14.125869 2.069169
14.094726 2.068584
14.077596 2.068262
14.112491 2.068917
14.063924 2.068005
14.009483 2.066982
14.028282 2.067335
14.028282 2.067335
14.028282 2.067335
13.807152 2.063180
13.723723 2.061613
13.696854 2.061108
13.712298 2.061398
13.671480 2.060631
13.708819 2.061333
13.683056 2.060849
13.897971 2.064887
13.884783 2.064639
13.933134 2.065547
13.939501 2.065667
14.002716 2.066855
14.085269 2.068406
13.801163 2.063068
13.804846 2.063137
13.800406 2.063054
13.782184 2.062711
13.766487 2.062416
13.781182 2.062692
13.731559 2.061760
13.836675 2.063735
13.890626 2.064749
13.957399 2.066003
14.046053 2.067669
14.052282 2.067786
14.213382 2.070813
14.149530 2.069613
14.668775 2.079369
14.586044 2.077815
14.577600 2.077656
14.574378 2.077596
14.564001 2.077401
14.747664 2.080852
14.768225 2.081238
14.915508 2.084005
14.929024 2.084259
14.918633 2.084064
14.918633 2.084064
14.812882 2.082077
14.812882 2.082077
14.629106 2.078624
14.542360 2.076994
14.526481 2.076696
14.531338 2.076787
14.117935 2.069020
14.117935 2.069020
14.117935 2.069020
14.284785 2.072155
14.529494 2.076752
14.530877 2.076778
14.487132 2.075957
14.458914 2.075426
14.454754 2.075348
14.407662 2.074463
14.385339 2.074044
14.370230 2.073760
13.663723 2.060485
13.666334 2.060534
13.646686 2.060165
13.514450 2.057681
13.656892 2.060357
13.686748 2.060918
13.686748 2.060918
13.714853 2.061446
13.683016 2.060848
13.683016 2.060848
13.704305 2.061248
13.646434 2.060161
14.634454 2.078725
14.634454 2.078725
14.628285 2.078609
14.565659 2.077432
14.574715 2.077602
14.265815 2.071798
14.246142 2.071429
14.305947 2.072552
14.305947 2.072552
14.319367 2.072804
14.329688 2.072998
14.309620 2.072621
14.224730 2.071026
14.230505 2.071135
14.322763 2.072868
14.294732 2.072341
14.288700 2.072228
14.242234 2.071355
14.233234 2.071186
14.151589 2.069652
13.978187 2.066394
13.933875 2.065561
13.932297 2.065532
13.562495 2.058583
13.657673 2.060372
14.606464 2.078199
14.587373 2.077840
14.587373 2.077840
14.265205 2.071787
14.112132 2.068911
14.086950 2.068437
14.088470 2.068466
13.995225 2.066714
14.069349 2.068107
14.148815 2.069600
14.235881 2.071236
14.121506 2.069087
14.116246 2.068988
13.690672 2.060992
13.836234 2.063727
13.836234 2.063727
14.023930 2.067253
13.985557 2.066532
13.982410 2.066473
13.982410 2.066473
13.983878 2.066501
14.045508 2.067659
14.162332 2.069854
14.200744 2.070576
14.260422 2.071697
14.338631 2.073166
14.338631 2.073166
14.397667 2.074276
14.296970 2.072384
14.193321 2.070436
14.202472 2.070608
14.185601 2.070291
13.922596 2.065349
13.922596 2.065349
13.790498 2.062867
13.790498 2.062867
13.790498 2.062867
13.829856 2.063607
13.818233 2.063389
13.773491 2.062548
13.863991 2.064248
13.834183 2.063688
13.192149 2.051625
13.160606 2.051032
13.237073 2.052469
13.239690 2.052518
13.239690 2.052518
13.798449 2.063017
13.897939 2.064886
13.903474 2.064990
13.877895 2.064510
13.941319 2.065701
13.857336 2.064123
13.916664 2.065238
13.926697 2.065426
14.052992 2.067799
14.077896 2.068267
14.078410 2.068277
14.277280 2.072014
14.261918 2.071725
15.524358 2.095445
15.539272 2.095725
14.975346 2.085130
14.990001 2.085405
14.990001 2.085405
15.034556 2.086242
15.102904 2.087526
14.956830 2.084782
14.966234 2.084958
14.961596 2.084871
14.824264 2.082291
14.241805 2.071347
14.237772 2.071271
14.210416 2.070757
14.196303 2.070492
14.191442 2.070401
14.286826 2.072193
14.373488 2.073821
14.334634 2.073091
14.329014 2.072986
14.339311 2.073179
14.347956 2.073342
14.314878 2.072720
14.314878 2.072720
14.319735 2.072811
14.314138 2.072706
14.314138 2.072706
14.305854 2.072550
14.434237 2.074963
14.429288 2.074870
14.451528 2.075288
14.543771 2.077021
14.541517 2.076978
14.575588 2.077619
14.580114 2.077704
14.624685 2.078541
14.467382 2.075585
14.502511 2.076245
14.526823 2.076702
14.570090 2.077515
14.574206 2.077593
14.582310 2.077745
14.591621 2.077920
14.701913 2.079992
14.894581 2.083612
14.926085 2.084204
14.947668 2.084610
14.803050 2.081892
14.753491 2.080961
14.756102 2.081010
14.762739 2.081135
14.762778 2.081136
14.762778 2.081136
14.680733 2.079594
14.639588 2.078821
14.079736 2.068302
14.067596 2.068074
14.082785 2.068359
14.170355 2.070005
14.173402 2.070062
14.400765 2.074334
14.433011 2.074940
14.590880 2.077906
14.600368 2.078084
14.526016 2.076687
14.598441 2.078048
14.597765 2.078035
14.546771 2.077077
14.212661 2.070799
14.323826 2.072888
14.271028 2.071896
14.372262 2.073798
14.335566 2.073109
14.245573 2.071418
14.167880 2.069958
14.095365 2.068596
14.425386 2.074796
14.425386 2.074796
14.409185 2.074492
14.500373 2.076205
14.530357 2.076769
14.525799 2.076683
14.519389 2.076563
14.383713 2.074013
14.300399 2.072448
14.252277 2.071544
14.118116 2.069023
14.154395 2.069705
13.770077 2.062484
13.897973 2.064887
13.929324 2.065476
13.971854 2.066275
14.033305 2.067430
14.025174 2.067277
14.054957 2.067836
14.048669 2.067718
14.187910 2.070334
14.138704 2.069410
14.102718 2.068734
14.106540 2.068806
14.115858 2.068981
14.082225 2.068349
14.082225 2.068349
14.152384 2.069667
14.159742 2.069805
14.155016 2.069716
14.105047 2.068777
14.252269 2.071544
14.251071 2.071521
14.411989 2.074545
14.346614 2.073316
14.358353 2.073537
14.684328 2.079662
14.690456 2.079777
14.559115 2.077309
14.537890 2.076910
14.709278 2.080130
14.820234 2.082215
14.852708 2.082825
15.133695 2.088105
14.818970 2.082191
14.803714 2.081905
14.816882 2.082152
14.821247 2.082234
14.731683 2.080551
14.729250 2.080506
14.948193 2.084619
14.948193 2.084619
14.885111 2.083434
14.885111 2.083434
14.897062 2.083659
14.901513 2.083742
14.896911 2.083656
14.887014 2.083470
14.895103 2.083622
14.898827 2.083692
14.798537 2.081808
14.833061 2.082456
14.835336 2.082499
14.835336 2.082499
14.829515 2.082390
14.902387 2.083759
15.414790 2.093386
15.403589 2.093176
15.406083 2.093223
15.423677 2.093553
15.510997 2.095194
15.497455 2.094940
15.492433 2.094845
15.541292 2.095763
15.481082 2.094632
15.388613 2.092895
15.449167 2.094032
15.420000 2.093484
15.417961 2.093446
15.410896 2.093313
15.533536 2.095618
15.490163 2.094803
15.418918 2.093464
15.418918 2.093464
15.424158 2.093562
15.473670 2.094493
15.473670 2.094493
15.435400 2.093774
15.435400 2.093774
15.402267 2.093151
15.757644 2.099828
15.416592 2.093420
15.416592 2.093420
15.401065 2.093129
15.599725 2.096861
15.591378 2.096704
15.503802 2.095059
15.266169 2.090594
14.955619 2.084759
14.906967 2.083845
14.911821 2.083936
15.120378 2.087855
15.117517 2.087801
15.225609 2.089832
15.123142 2.087907
15.123142 2.087907
15.137206 2.088171
15.020288 2.085974
15.010638 2.085793
15.235260 2.090013
15.220267 2.089731
15.202600 2.089400
15.202600 2.089400
15.202600 2.089400
15.203019 2.089407
15.025335 2.086069
15.049875 2.086530
15.049875 2.086530
15.187081 2.089108
15.143826 2.088295
15.098384 2.087441
15.120161 2.087851
15.115976 2.087772
15.107664 2.087616
15.173416 2.088851
15.160376 2.088606
15.288895 2.091021
15.285933 2.090965
15.243618 2.090170
15.276171 2.090782
15.276171 2.090782
15.324769 2.091695
15.329709 2.091788
15.326792 2.091733
15.358931 2.092337
15.299472 2.091220
15.266576 2.090602
15.492402 2.094845
15.444938 2.093953
15.447762 2.094006
15.449512 2.094039
15.410584 2.093307
15.382584 2.092781
15.407579 2.093251
15.411070 2.093317
15.431770 2.093705
14.870276 2.083155
14.869487 2.083141
14.843668 2.082656
14.661032 2.079224
14.820173 2.082214
15.048845 2.086511
15.048845 2.086511
15.019649 2.085962
15.024647 2.086056
14.971853 2.085064
14.930293 2.084283
14.882390 2.083383
14.886555 2.083461
14.899039 2.083696
14.924568 2.084176
14.930103 2.084280
15.066920 2.086850
14.720589 2.080343
14.746185 2.080824
14.747923 2.080857
14.583511 2.077767
14.579837 2.077698
14.553109 2.077196
14.552119 2.077178
14.595418 2.077991
14.595129 2.077986
14.751698 2.080927
14.751698 2.080927
14.747551 2.080850
14.808248 2.081990
14.799603 2.081828
14.872550 2.083198
14.811169 2.082045
14.813901 2.082096
14.633430 2.078705
14.672359 2.079437
14.597724 2.078034
14.537401 2.076901
14.688959 2.079749
14.786899 2.081589
14.782304 2.081503
14.774606 2.081358
14.740929 2.080725
14.683085 2.079638
14.629143 2.078625
14.641099 2.078849
14.346817 2.073320
14.298692 2.072416
14.269044 2.071859
14.208352 2.070719
14.215631 2.070855
14.234423 2.071208
14.199464 2.070552
14.887676 2.083482
15.088119 2.087249
15.158840 2.088577
15.088341 2.087253
15.078443 2.087067
15.198591 2.089324
15.175867 2.088897
15.190162 2.089166
15.415044 2.093391
15.411749 2.093329
15.484647 2.094699
15.485180 2.094709
15.374297 2.092626
15.851914 2.101600
15.802508 2.100671
15.803418 2.100688
15.800685 2.100637
15.759620 2.099865
15.739817 2.099493
15.818290 2.100968
15.787196 2.100384
15.898196 2.102469
15.912246 2.102733
15.912246 2.102733
15.789829 2.100433
15.789829 2.100433
16.556345 2.114835
16.851474 2.120380
16.851545 2.120382
16.925431 2.121770
16.111522 2.106477
16.111522 2.106477
15.407964 2.093258
15.192136 2.089203
15.374936 2.092638
15.333314 2.091856
15.342604 2.092030
15.280148 2.090857
16.025727 2.104865
16.025727 2.104865
15.996275 2.104312
16.055691 2.105428
16.084893 2.105977
16.087426 2.106025
15.969430 2.103808
15.912982 2.102747
16.157048 2.107333
16.050473 2.105330
16.042207 2.105175
16.073170 2.105757
16.073170 2.105757
16.033528 2.105012
16.033528 2.105012
16.016913 2.104700
16.006210 2.104499
16.294069 2.109907
16.337182 2.110717
16.337182 2.110717
16.392042 2.111748
16.422981 2.112329
16.461763 2.113058
16.568702 2.115067
16.927330 2.121806
17.050485 2.124120
16.785591 2.119143
17.005542 2.123275
16.976414 2.122728
16.892394 2.121149
16.898203 2.121258
16.893418 2.121169
16.929798 2.121852
16.920480 2.121677
16.498292 2.113744
16.501757 2.113810
16.549403 2.114705
16.565594 2.115009
16.342722 2.110821
17.012831 2.123412
17.010347 2.123366
16.989685 2.122977
16.750688 2.118487
16.920469 2.121677
16.919916 2.121666
16.730768 2.118112
16.730768 2.118112
16.851705 2.120385
16.836038 2.120090
16.027402 2.104897
16.050216 2.105326
16.049367 2.105310
16.044666 2.105221
16.010365 2.104577
16.016087 2.104684
16.023037 2.104815
16.077861 2.105845
16.026732 2.104884
16.154847 2.107291
16.185130 2.107860
16.131623 2.106855
16.009183 2.104555
16.072117 2.105737
16.055444 2.105424
16.275026 2.109550
16.053642 2.105390
16.006444 2.104503
15.981044 2.104026
16.001716 2.104414
15.953543 2.103509
15.953543 2.103509
15.919597 2.102871
15.936092 2.103181
15.936092 2.103181
15.872566 2.101988
15.946149 2.103370
15.946149 2.103370
16.161457 2.107416
16.167841 2.107536
16.283698 2.109712
16.530349 2.114347
16.308446 2.110177
16.279803 2.109639
16.272624 2.109504
16.265927 2.109379
16.359065 2.111129
16.366701 2.111272
16.346498 2.110892
16.446233 2.112766
16.310397 2.110214
16.171400 2.107602
16.166387 2.107508
16.529530 2.114331
16.544455 2.114612
16.520363 2.114159
16.188165 2.107917
16.196591 2.108076
16.231304 2.108728
16.039495 2.105124
16.079160 2.105869
16.042249 2.105176
16.030659 2.104958
15.835033 2.101282
15.784136 2.100326
15.770784 2.100075
15.770784 2.100075
15.721347 2.099146
15.664246 2.098073
16.043958 2.105208
16.037636 2.105089
16.026276 2.104876
16.034204 2.105025
16.013710 2.104640
15.972932 2.103873
16.343013 2.110827
16.387832 2.111669
16.020393 2.104765
15.971728 2.103851
16.235310 2.108803
16.189501 2.107943
16.175918 2.107687
16.223136 2.108575
16.259677 2.109261
16.260964 2.109285
16.273382 2.109519
16.274501 2.109540
16.288273 2.109798
16.125284 2.106736
16.139601 2.107005
16.290655 2.109843
16.297827 2.109978
16.218826 2.108494
16.228446 2.108674
16.194306 2.108033
16.087343 2.106023
16.051072 2.105342
16.051072 2.105342
15.995390 2.104295
15.999248 2.104368
15.999653 2.104375
15.995312 2.104294
15.795003 2.100530
15.648308 2.097774
15.509236 2.095161
15.380074 2.092734
15.398335 2.093077
15.452627 2.094097
13.858219 2.064140
13.895707 2.064844
13.943794 2.065748
13.947141 2.065811
13.871187 2.064383
13.850093 2.063987
13.923510 2.065367
14.054579 2.067829
14.053572 2.067810
14.057441 2.067883
14.054219 2.067822
14.054219 2.067822
13.891322 2.064762
13.871702 2.064393
14.059472 2.067921
14.063182 2.067991
14.073585 2.068186
14.031795 2.067401
14.019776 2.067175
14.080568 2.068318
14.058794 2.067908
14.071897 2.068155
13.777859 2.062630
13.737534 2.061872
13.938423 2.065647
13.930425 2.065497
13.930973 2.065507
13.946749 2.065803
14.115581 2.068975
13.831026 2.063629
13.854217 2.064065
13.755631 2.062212
13.648262 2.060195
13.596708 2.059226
13.668631 2.060578
13.668631 2.060578
13.667489 2.060556
13.403512 2.055596
13.489831 2.057218
13.477964 2.056995
13.467563 2.056800
13.620994 2.059683
13.620599 2.059675
13.641000 2.060058
13.475938 2.056957
13.478682 2.057009
13.498942 2.057389
13.867021 2.064305
13.882342 2.064593
13.962881 2.066106
14.210375 2.070757
14.209135 2.070733
14.194095 2.070451
14.236006 2.071238
14.236006 2.071238
14.304004 2.072516
14.265644 2.071795
14.236883 2.071255
14.206120 2.070677
14.211815 2.070784
14.160939 2.069828
14.248284 2.071469
14.318068 2.072780
14.240122 2.071315
14.304025 2.072516
14.272685 2.071927
14.261016 2.071708
14.235173 2.071222
14.259104 2.071672
14.400029 2.074320
14.478355 2.075792
14.454893 2.075351
14.434696 2.074971
14.490817 2.076026
14.332741 2.073056
14.178697 2.070161
14.187398 2.070325
14.233437 2.071190
14.401367 2.074345
14.295818 2.072362
14.494783 2.076100
14.495635 2.076116
14.495635 2.076116
14.509068 2.076369
14.131040 2.069266
14.402877 2.074373
14.381426 2.073970
14.390767 2.074146
14.399155 2.074304
14.422905 2.074750
14.418148 2.074660
14.227505 2.071078
14.236387 2.071245
14.243860 2.071386
14.249108 2.071484
14.265607 2.071794
14.266360 2.071808
14.078594 2.068280
14.077192 2.068254
14.062591 2.067980
14.079381 2.068295
14.115263 2.068969
14.094398 2.068577
14.102281 2.068726
14.205567 2.070666
14.249969 2.071500
14.281580 2.072094
13.596800 2.059228
13.856995 2.064117
13.856995 2.064117
13.626931 2.059794
13.691781 2.061013
13.681678 2.060823
13.458691 2.056633
13.467727 2.056803
13.430085 2.056096
13.421686 2.055938
13.403851 2.055603
13.420344 2.055913
13.420344 2.055913
13.359507 2.054769
13.353383 2.054654
13.364587 2.054865
13.295043 2.053558
13.287735 2.053421
13.287735 2.053421
13.291563 2.053493
13.300826 2.053667
13.297161 2.053598
13.283298 2.053338
13.322602 2.054076
13.434603 2.056180
13.316980 2.053970
13.316980 2.053970
13.288411 2.053434
13.669437 2.060593
13.713303 2.061417
13.919046 2.065283
14.149919 2.069621
14.151774 2.069655
14.129663 2.069240
14.006535 2.066927
14.006535 2.066927
14.005778 2.066912
14.002077 2.066843
13.928778 2.065466
14.245057 2.071408
14.258558 2.071662
14.329088 2.072987
14.334952 2.073097
14.218343 2.070906
13.947674 2.065821
14.016291 2.067110
14.007216 2.066939
14.011186 2.067014
14.085117 2.068403
14.175849 2.070108
14.187821 2.070333
14.144178 2.069513
14.169165 2.069982
14.225130 2.071034
14.229743 2.071120
14.355689 2.073487
14.355620 2.073486
15.009663 2.085774
15.002141 2.085633
15.061998 2.086758
15.038921 2.086324
15.053459 2.086597
15.055783 2.086641
14.962066 2.084880
15.072822 2.086961
15.072822 2.086961
15.086800 2.087224
15.089489 2.087274
15.086026 2.087209
15.088565 2.087257
14.950224 2.084658
14.950224 2.084658
14.827323 2.082348
14.823478 2.082276
14.810904 2.082040
14.810904 2.082040
14.885576 2.083443
14.869765 2.083146
14.894997 2.083620
15.273027 2.090723
15.267024 2.090610
15.164350 2.088681
15.396485 2.093042
15.422841 2.093538
15.438198 2.093826
15.519244 2.095349
15.606265 2.096984
15.662467 2.098040
15.514952 2.095268
15.506105 2.095102
15.504477 2.095072
17.801433 2.138229
18.214805 2.145996
18.214167 2.145984
18.216392 2.146026
18.221009 2.146113
18.199373 2.145706
18.210950 2.145924
18.208325 2.145874
18.206244 2.145835
18.189539 2.145522
18.043894 2.142785
18.015464 2.142251
17.892502 2.139940
17.897354 2.140032
17.963376 2.141272
17.962789 2.141261
17.937797 2.140792
17.937797 2.140792
17.937797 2.140792
17.930010 2.140645
17.920665 2.140470
17.918219 2.140424
17.916408 2.140390
17.954975 2.141114
17.962818 2.141262
17.973628 2.141465
17.973628 2.141465
18.276358 2.147153
18.254912 2.146750
18.254912 2.146750
18.253159 2.146717
18.247153 2.146604
18.244893 2.146562
18.012186 2.142189
17.987124 2.141718
17.988246 2.141739
18.188210 2.145497
18.181223 2.145365
17.953931 2.141095
17.890155 2.139896
18.816787 2.157307
19.318958 2.166742
19.407481 2.168406
19.780374 2.175412
19.777518 2.175358
19.777518 2.175358
19.714243 2.174169
19.666643 2.173275
19.680309 2.173532
19.781593 2.175435
19.902392 2.177705
19.902392 2.177705
19.900444 2.177668
19.939150 2.178395
19.423841 2.168713
19.430984 2.168847
19.277230 2.165958
19.284578 2.166096
19.108227 2.162783
19.115948 2.162928
18.930997 2.159453
18.931387 2.159460
17.579643 2.134062
17.383622 2.130379
17.414493 2.130959
17.399075 2.130669
16.683084 2.117217
16.493161 2.113648
16.605964 2.115768
16.716147 2.117838
16.586499 2.115402
16.425404 2.112375
16.350777 2.110973
16.308505 2.110179
16.307317 2.110156
16.286824 2.109771
16.327900 2.110543
16.378267 2.111489
16.308226 2.110173
16.308226 2.110173
16.254430 2.109163
16.272541 2.109503
16.265780 2.109376
16.265780 2.109376
16.452848 2.112891
16.405589 2.112003
16.405589 2.112003
16.405589 2.112003
16.274766 2.109545
16.286715 2.109769
16.438034 2.112612
16.410491 2.112095
16.406805 2.112026
16.388811 2.111687
16.064509 2.105594
16.073531 2.105764
16.013360 2.104633
16.013360 2.104633
15.954406 2.103525
16.011621 2.104600
16.011621 2.104600
16.110711 2.106462
16.114464 2.106533
16.141714 2.107045
16.137886 2.106973
15.673015 2.098238
15.634794 2.097520
15.669302 2.098168
15.600193 2.096870
15.436800 2.093800
15.407888 2.093257
15.295009 2.091136
15.290630 2.091054
15.243512 2.090168
15.193228 2.089223
15.231632 2.089945
15.567841 2.096262
15.919790 2.102875
15.594595 2.096765
15.597030 2.096811
15.597030 2.096811
15.265043 2.090573
15.212904 2.089593
15.200453 2.089359
15.267424 2.090618
15.250814 2.090305
15.299537 2.091221
15.262584 2.090527
15.436497 2.093794
15.157387 2.088550
15.157387 2.088550
15.138881 2.088202
15.273473 2.090731
15.409104 2.093280
15.300398 2.091237
14.892614 2.083575
14.892614 2.083575
14.828723 2.082375
14.830854 2.082415
14.831561 2.082428
14.831561 2.082428
14.401004 2.074338
14.358620 2.073542
14.358620 2.073542
14.344315 2.073273
14.381584 2.073973
14.385821 2.074053
14.399993 2.074319
14.414209 2.074586
14.267450 2.071829
14.474375 2.075717
14.474375 2.075717
14.587982 2.077851
14.646182 2.078945
14.551868 2.077173
14.691506 2.079797
14.595727 2.077997
14.594593 2.077976
14.594574 2.077975
14.660536 2.079215
14.583592 2.077769
14.554183 2.077216
14.534132 2.076840
14.399630 2.074312
14.401787 2.074353
14.401787 2.074353
14.431253 2.074907
14.417166 2.074642
14.410618 2.074519
14.410618 2.074519
14.476812 2.075763
14.459245 2.075433
14.743846 2.080780
14.735355 2.080620
14.761486 2.081111
14.706363 2.080076
14.641590 2.078859
14.762256 2.081126
14.739778 2.080704
14.804094 2.081912
14.797811 2.081794
14.792833 2.081700
14.748444 2.080866
14.767103 2.081217
14.657518 2.079158
14.653007 2.079073
14.688039 2.079731
14.696103 2.079883
14.696103 2.079883
14.696103 2.079883
15.299141 2.091213
15.299141 2.091213
15.359616 2.092350
15.119279 2.087834
15.383053 2.092790
15.383053 2.092790
15.383053 2.092790
15.397305 2.093058
15.483789 2.094683
15.472899 2.094478
15.509229 2.095161
15.596892 2.096808
15.621652 2.097273
15.646362 2.097737
16.381987 2.111559
16.376713 2.111460
16.445313 2.112749
16.440323 2.112655
16.440323 2.112655
17.258402 2.128026
17.258402 2.128026
17.259125 2.128040
16.149780 2.107196
16.148071 2.107164
16.148071 2.107164
16.148071 2.107164
16.146412 2.107133
16.146412 2.107133
16.043013 2.105190
15.878835 2.102105
15.962895 2.103685
15.579881 2.096488
15.741385 2.099523
15.599018 2.096848
15.587538 2.096632
15.587538 2.096632
15.587538 2.096632
15.469742 2.094419
15.566448 2.096236
15.566448 2.096236
14.868073 2.083114
14.703896 2.080029
14.703896 2.080029
15.103755 2.087542
15.074439 2.086992
15.021141 2.085990
15.053924 2.086606
15.084360 2.087178
15.211494 2.089567
15.211494 2.089567
15.211494 2.089567
15.256412 2.090411
14.906004 2.083827
14.929489 2.084268
15.067014 2.086852
14.834836 2.082490
14.826338 2.082330
14.869514 2.083141
14.667759 2.079350
14.666579 2.079328
14.666579 2.079328
14.461324 2.075472
14.468649 2.075609
14.497509 2.076152
14.223428 2.071002
14.223428 2.071002
14.086963 2.068438
14.031520 2.067396
13.911577 2.065142
13.938668 2.065651
13.954769 2.065954
13.954769 2.065954
14.083058 2.068364
14.253654 2.071570
14.455999 2.075372
14.455999 2.075372
14.455999 2.075372
14.453227 2.075319
14.444444 2.075154
14.444724 2.075160
14.231754 2.071158
14.306124 2.072556
14.198661 2.070536
13.809100 2.063217
13.809100 2.063217
13.822693 2.063472
14.255536 2.071605
14.250336 2.071507
14.447031 2.075203
14.531961 2.076799
14.693397 2.079832
14.688201 2.079734
14.682433 2.079626
14.684102 2.079657
14.684545 2.079666
15.372543 2.092593
15.375733 2.092653
15.266459 2.090599
15.128709 2.088011
15.094610 2.087371
15.301725 2.091262
15.110411 2.087667
15.909879 2.102689
15.909879 2.102689
16.118086 2.106601
16.138512 2.106985
16.135568 2.106929
16.134301 2.106905
16.132660 2.106875
16.140505 2.107022
16.143961 2.107087
16.134029 2.106900
16.101030 2.106280
16.035379 2.105047
16.073001 2.105754
16.179633 2.107757
16.179633 2.107757
16.189375 2.107940
16.196243 2.108069
16.287279 2.109780
16.276504 2.109577
16.363712 2.111216
16.799284 2.119400
16.696675 2.117472
16.701996 2.117572
16.738941 2.118266
16.533775 2.114411
16.540854 2.114544
16.468884 2.113192
16.475370 2.113314
16.460860 2.113041
16.425666 2.112380
16.424601 2.112360
16.488322 2.113557
16.488322 2.113557
16.485018 2.113495
16.560124 2.114906
16.557184 2.114851
16.480779 2.113415
16.369903 2.111332
16.381765 2.111555
16.339435 2.110760
16.225095 2.108611
16.528037 2.114303
16.556229 2.114833
16.613551 2.115910
16.640331 2.116413
16.658054 2.116746
18.279968 2.147221
18.293239 2.147470
18.240867 2.146486
18.225829 2.146203
18.234738 2.146371
18.366655 2.148849
18.251918 2.146694
18.138086 2.144555
18.141811 2.144625
18.043967 2.142786
18.065340 2.143188
18.067291 2.143225
18.345076 2.148444
18.774525 2.156513
18.777864 2.156576
18.704924 2.155205
19.863189 2.176968
19.834565 2.176430
19.748677 2.174816
19.612681 2.172261
19.627895 2.172547
19.628900 2.172566
18.393431 2.149352
18.393431 2.149352
18.376813 2.149040
18.387571 2.149242
18.387571 2.149242
18.402275 2.149519
18.466460 2.150725
18.474069 2.150868
18.474069 2.150868
18.453422 2.150480
18.453422 2.150480
18.449344 2.150403
18.445827 2.150337
18.417777 2.149810
17.232170 2.127533
17.224189 2.127383
17.224189 2.127383
17.246177 2.127797
17.247765 2.127826
17.338250 2.129527
17.495196 2.132475
17.475844 2.132112
17.474318 2.132083
17.481029 2.132209
17.439513 2.131429
17.475304 2.132102
17.420167 2.131066
17.371350 2.130148
17.640917 2.135213
17.644149 2.135274
17.740598 2.137086
16.626924 2.116161
16.463017 2.113082
16.504501 2.113861
17.395599 2.130604
17.462144 2.131854
17.493222 2.132438
17.462410 2.131859
17.476526 2.132125
17.463483 2.131880
17.457348 2.131764
16.729035 2.118080
16.654017 2.116670
16.655822 2.116704
16.655822 2.116704
16.655822 2.116704
16.587851 2.115427
16.606365 2.115775
16.759494 2.118652
16.266934 2.109397
16.853291 2.120415
18.071489 2.143303
17.957685 2.141165
17.957685 2.141165
17.964676 2.141297
18.035842 2.142634
18.062980 2.143144
18.056966 2.143031
18.086944 2.143594
17.516668 2.132879
17.424501 2.131147
17.252269 2.127911
17.105221 2.125148
15.843092 2.101434
15.840290 2.101381
15.827484 2.101141
15.969952 2.103817
16.061323 2.105534
16.189518 2.107943
16.195517 2.108056
16.195517 2.108056
17.042903 2.123977
17.096058 2.124976
18.100891 2.143856
17.357026 2.129879
17.340241 2.129564
17.342233 2.129601
17.343712 2.129629
17.483056 2.132247
17.300203 2.128812
17.299554 2.128799
17.375163 2.130220
17.295241 2.128718
17.295241 2.128718
17.296554 2.128743
16.535933 2.114452
16.475200 2.113311
16.473456 2.113278
15.543333 2.095802
15.583885 2.096564
15.535900 2.095662
15.531501 2.095579
15.538422 2.095709
15.523905 2.095437
15.716046 2.099047
15.570193 2.096306
15.563347 2.096178
15.579141 2.096474
15.639366 2.097606
15.805455 2.100727
16.106213 2.106378
16.106213 2.106378
16.105357 2.106362
16.120726 2.106650
15.816272 2.100930
15.816272 2.100930
16.970715 2.122621
16.904388 2.121375
16.909936 2.121479
16.926961 2.121799
16.975272 2.122707
17.462230 2.131856
17.542113 2.133357
17.558963 2.133674
17.695401 2.136237
17.715533 2.136615
17.715533 2.136615
17.716478 2.136633
17.703727 2.136394
18.004577 2.142046
17.994827 2.141863
17.999949 2.141959
18.103505 2.143905
18.259426 2.146835
18.061063 2.143108
18.060338 2.143094
18.283578 2.147288
18.200659 2.145730
18.407046 2.149608
18.381493 2.149128
18.289690 2.147403
17.995159 2.141869
17.999335 2.141948
18.042880 2.142766
18.042880 2.142766
18.458027 2.150566
18.459992 2.150603
17.850664 2.139154
17.856257 2.139259
17.856257 2.139259
17.957257 2.141157
18.074687 2.143364
17.612428 2.134678
17.340640 2.129571
17.367454 2.130075
17.446677 2.131564
17.357506 2.129888
17.357506 2.129888
17.357506 2.129888
17.354916 2.129840
17.745526 2.137179
17.747957 2.137225
17.735814 2.136996
17.735814 2.136996
17.734332 2.136969
17.701859 2.136358
17.707226 2.136459
17.724227 2.136779
17.660605 2.135583
17.689955 2.136135
17.626671 2.134946
17.502758 2.132618
17.502758 2.132618
17.409237 2.130860
17.405809 2.130796
17.537034 2.133262
17.529902 2.133128
17.529609 2.133122
17.549866 2.133503
17.515893 2.132864
17.626237 2.134938
17.574453 2.133965
17.571528 2.133910
17.799830 2.138199
17.917301 2.140406
18.209773 2.145902
18.221474 2.146122
18.396568 2.149411
18.396568 2.149411
18.390675 2.149301
18.341935 2.148385
18.199064 2.145700
18.500741 2.151369
19.943587 2.178479
19.997011 2.179482
19.896017 2.177585
19.681772 2.173559
19.687676 2.173670
19.667111 2.173284
19.671157 2.173360
19.728094 2.174430
19.697630 2.173857
19.697630 2.173857
20.225182 2.183769
20.225182 2.183769
20.426723 2.187556
20.376270 2.186608
20.363147 2.186362
19.917722 2.177993
20.104966 2.181511
20.104966 2.181511
20.038736 2.180266
20.042506 2.180337
19.987462 2.179303
19.745098 2.174749
19.732858 2.174519
19.711333 2.174115
19.711333 2.174115
19.871578 2.177126
19.448077 2.169168
19.740461 2.174662
19.977137 2.179109
19.535314 2.170807
19.535314 2.170807
19.520767 2.170534
19.518674 2.170495
19.493998 2.170031
19.593314 2.171897
19.616620 2.172335
19.633319 2.172649
20.308296 2.185331
20.242206 2.184089
20.231173 2.183882
20.223693 2.183741
20.259294 2.184410
20.256280 2.184354
20.265287 2.184523
20.406992 2.187186
20.442582 2.187854
19.736876 2.174595
19.739310 2.174640
19.722635 2.174327
19.711757 2.174123
19.705942 2.174013
19.621933 2.172435
19.286356 2.166130
19.542292 2.170939
19.555300 2.171183
19.557171 2.171218
19.560017 2.171272
19.505186 2.170241
19.233397 2.165135
19.089491 2.162431
19.089491 2.162431
18.865103 2.158215
18.862808 2.158172
18.833292 2.157617
18.827590 2.157510
18.633969 2.153872
18.771754 2.156461
18.768984 2.156409
16.854662 2.120440
16.705800 2.117643
16.718276 2.117878
16.633257 2.116280
15.816480 2.100934
15.747740 2.099642
15.878183 2.102093
15.856659 2.101689
15.834461 2.101272
15.829408 2.101177
15.827481 2.101141
15.839530 2.101367
15.890752 2.102329
15.885544 2.102231
15.921101 2.102900
15.850903 2.101581
15.708191 2.098899
15.714194 2.099012
15.741915 2.099533
15.677887 2.098330
15.677887 2.098330
15.679545 2.098361
15.691288 2.098582
15.691288 2.098582
15.519414 2.095352
15.498164 2.094953
15.496075 2.094914
15.556247 2.096044
15.572113 2.096342
15.567333 2.096253
15.563115 2.096173
15.506854 2.095116
15.595127 2.096775
15.631222 2.097453
15.631222 2.097453
15.780002 2.100248
15.769244 2.100046
15.715638 2.099039
15.672540 2.098229
15.582803 2.096543
15.800799 2.100639
16.366171 2.111262
16.472480 2.113259
16.031567 2.104975
16.031567 2.104975
16.165544 2.107492
16.148969 2.107181
16.952594 2.122280
16.880291 2.120922
16.922212 2.121710
16.901501 2.121320
16.914832 2.121571
16.891999 2.121142
16.893213 2.121165
16.856244 2.120470
16.848527 2.120325
16.826753 2.119916
17.250522 2.127878
17.253013 2.127925
17.194914 2.126833
17.184667 2.126641
17.186316 2.126672
17.150709 2.126003
17.179953 2.126552
17.271693 2.128276
17.276341 2.128363
17.362487 2.129982
17.358745 2.129912
17.358745 2.129912
17.374268 2.130203
17.562308 2.133736
17.391613 2.130529
17.392787 2.130551
17.424541 2.131148
17.352872 2.129801
17.352872 2.129801
17.354709 2.129836
17.333999 2.129447
17.679547 2.135939
17.771355 2.137664
18.063905 2.143161
18.233792 2.146353
18.126061 2.144329
18.146473 2.144712
17.532427 2.133175
17.393717 2.130569
17.269367 2.128232
17.285127 2.128528
17.276531 2.128367
16.873141 2.120788
16.884527 2.121001
16.804798 2.119503
16.469227 2.113198
16.469227 2.113198
16.467396 2.113164
16.476747 2.113340
16.481460 2.113428
18.018129 2.142301
18.018129 2.142301
17.663413 2.135636
17.652881 2.135438
17.691435 2.136163
17.848813 2.139120
17.603732 2.134515
17.589342 2.134244
17.433817 2.131322
17.468112 2.131967
17.468112 2.131967
17.468112 2.131967
17.504514 2.132651
17.593786 2.134328
16.220111 2.108518
16.220111 2.108518
16.220111 2.108518
16.228320 2.108672
16.232955 2.108759
16.214083 2.108404
16.174705 2.107665
16.092069 2.106112
16.092069 2.106112
16.140181 2.107016
16.175967 2.107688
16.175967 2.107688
16.140702 2.107026
16.140702 2.107026
16.619992 2.116031
16.610355 2.115850
16.602893 2.115710
16.604680 2.115743
16.607663 2.115799
16.607577 2.115798
16.765157 2.118759
16.554605 2.114803
16.554605 2.114803
16.428872 2.112440
16.386832 2.111650
16.384892 2.111614
16.396658 2.111835
16.301254 2.110042
16.316233 2.110324
16.314122 2.110284
16.504720 2.113865
16.725126 2.118006
16.436807 2.112589
16.479384 2.113389
16.491040 2.113608
16.498090 2.113741
16.131352 2.106850
16.217801 2.108474
16.218635 2.108490
16.213980 2.108402
16.339614 2.110763
16.134655 2.106912
16.123928 2.106711
16.121053 2.106656
16.176350 2.107695
16.176350 2.107695
16.132098 2.106864
16.067983 2.105659
16.381226 2.111545
16.381226 2.111545
16.386115 2.111637
16.391145 2.111731
16.137600 2.106967
16.392210 2.111751
16.392210 2.111751
16.501735 2.113809
16.355338 2.111058
16.345208 2.110868
16.345208 2.110868
16.390467 2.111719
16.450890 2.112854
16.457681 2.112981
16.520381 2.114159
16.432827 2.112514
16.465291 2.113124
16.899153 2.121276
16.904550 2.121378
16.898675 2.121267
16.867629 2.120684
16.827642 2.119933
16.790370 2.119232
16.784856 2.119129
16.783021 2.119094
16.785909 2.119149
16.929239 2.121842
16.929567 2.121848
16.707097 2.117668
16.704909 2.117627
16.772401 2.118895
16.712055 2.117761
18.575407 2.152772
18.752825 2.156105
18.752825 2.156105
18.803407 2.157056
19.030437 2.161321
18.950678 2.159823
18.926434 2.159367
18.907079 2.159003
18.745552 2.155969
18.773190 2.156488
18.801975 2.157029
18.933298 2.159496
18.954659 2.159897
18.934445 2.159518
18.938353 2.159591
18.813936 2.157253
18.813936 2.157253
18.798631 2.156966
18.397976 2.149438
18.354403 2.148619
18.320076 2.147974
18.497346 2.151305
18.640170 2.153988
18.636254 2.153915
18.572719 2.152721
18.618634 2.153584
18.716163 2.155416
18.725592 2.155593
18.727744 2.155634
18.702378 2.155157
19.699628 2.173895
20.069311 2.180841
20.270522 2.184621
20.144365 2.182251
20.148687 2.182332
20.431675 2.187649
20.299506 2.185166
20.465281 2.188281
20.628083 2.191340
20.652711 2.191802
20.652711 2.191802
20.599566 2.190804
21.319313 2.204327
21.319313 2.204327
21.323928 2.204414
21.249796 2.203021
21.326405 2.204460
21.494362 2.207616
21.493458 2.207599
21.501030 2.207742
21.511862 2.207945
21.591306 2.209438
21.527059 2.208231
21.614557 2.209875
21.470420 2.207166
21.462726 2.207022
21.486298 2.207465
21.489021 2.207516
21.498542 2.207695
21.511628 2.207941
21.480201 2.207350
21.415132 2.206128
21.269553 2.203392
21.403487 2.205909
21.386752 2.205594
21.402961 2.205899
21.442782 2.206647
21.422554 2.206267
21.763458 2.212672
21.772732 2.212847
21.676200 2.211033
21.453462 2.206848
21.453462 2.206848
21.118289 2.200550
21.118289 2.200550
21.161551 2.201363
21.154798 2.201236
21.128643 2.200745
21.094140 2.200096
21.045314 2.199179
21.085696 2.199938
21.082989 2.199887
21.082989 2.199887
20.881769 2.196106
21.043438 2.199144
21.666152 2.210844
21.523868 2.208171
21.521368 2.208124
21.581175 2.209247
21.599572 2.209593
21.408596 2.206005
21.408551 2.206004
21.265624 2.203318
19.766792 2.175157
19.657110 2.173096
19.649370 2.172950
19.627999 2.172549
19.635638 2.172692
19.640307 2.172780
19.631147 2.172608
19.631147 2.172608
19.649066 2.172945
19.668865 2.173317
19.636885 2.172716
19.636885 2.172716
19.636885 2.172716
19.636885 2.172716
19.744180 2.174732
19.706027 2.174015
19.749030 2.174823
19.859854 2.176905
19.842776 2.176584
19.799102 2.175764
19.796743 2.175719
19.812380 2.176013
19.927634 2.178179
19.927364 2.178174
19.642106 2.172814
20.002339 2.179582
19.862355 2.176952
19.854280 2.176801
19.765519 2.175133
19.758173 2.174995
19.744157 2.174731
19.744157 2.174731
19.700522 2.173912
19.662110 2.173190
19.656775 2.173090
18.343377 2.148412
18.570104 2.152672
18.617314 2.153559
18.626891 2.153739
18.640278 2.153991
18.643201 2.154045
18.622530 2.153657
18.621682 2.153641
18.243366 2.146533
18.603487 2.153299
18.655813 2.154282
18.676476 2.154671
19.152101 2.163607
19.137799 2.163339
19.174223 2.164023
18.742001 2.155902
18.742001 2.155902
18.166725 2.145093
18.167075 2.145099
18.271620 2.147064
18.250122 2.146660
18.250122 2.146660
18.961296 2.160022
18.842955 2.157799
18.983179 2.160433
19.003456 2.160814
18.806636 2.157116
19.110667 2.162829
19.173674 2.164013
19.937384 2.178362
19.921024 2.178055
19.917453 2.177988
19.919284 2.178022
19.952459 2.178645
19.872992 2.177152
19.864305 2.176989
19.854210 2.176799
19.854210 2.176799
19.861791 2.176942
19.946417 2.178532
19.946417 2.178532
19.907239 2.177796
19.869052 2.177078
19.869052 2.177078
19.873752 2.177166
18.470666 2.150804
18.324092 2.148050
18.243128 2.146528
18.598998 2.153215
18.432830 2.150093
18.563279 2.152544
18.609147 2.153406
18.741428 2.155891
18.495483 2.151270
18.578208 2.152824
18.183803 2.145414
18.243350 2.146533
17.173992 2.126440
17.172121 2.126405
18.723581 2.155556
18.748431 2.156023
18.748431 2.156023
18.694734 2.155014
18.694734 2.155014
18.928527 2.159406
18.928527 2.159406
18.904663 2.158958
18.921630 2.159277
18.924452 2.159330
18.989874 2.160559
19.556186 2.171200
19.664678 2.173238
19.673581 2.173405
19.659006 2.173132
19.672731 2.173389
19.688003 2.173676
19.639753 2.172770
19.624493 2.172483
19.688181 2.173680
19.688181 2.173680
19.705239 2.174000
19.693952 2.173788
19.662053 2.173189
19.669973 2.173338
19.678579 2.173499
20.259092 2.184407
19.424805 2.168731
19.489258 2.169942
19.489258 2.169942
19.437363 2.168967
19.372143 2.167742
19.364848 2.167605
18.946377 2.159742
18.967087 2.160131
18.912158 2.159099
19.244865 2.165350
19.244865 2.165350
19.244865 2.165350
19.340246 2.167142
19.340169 2.167141
19.332545 2.166998
19.324736 2.166851
19.339934 2.167136
19.337870 2.167098
19.386292 2.168007
19.392305 2.168120
19.388792 2.168054
19.273035 2.165879
19.507885 2.170292
19.467956 2.169542
19.470571 2.169591
19.647494 2.172915
19.633772 2.172657
19.717901 2.174238
19.247377 2.165397
19.240428 2.165267
19.276820 2.165951
19.268169 2.165788
19.571368 2.171485
19.565516 2.171375
19.516966 2.170463
19.546301 2.171014
19.509527 2.170323
19.519642 2.170513
19.513969 2.170406
19.557874 2.171231
19.434184 2.168907
19.419588 2.168633
19.442042 2.169055
19.627810 2.172545
19.592743 2.171886
19.592743 2.171886
19.630200 2.172590
19.457093 2.169338
19.377730 2.167847
19.395416 2.168179
19.677866 2.173486
19.654630 2.173049
19.655441 2.173065
19.580387 2.171654
19.601210 2.172046
20.093921 2.181303
20.257158 2.184370
18.729021 2.155658
18.052939 2.142955
18.024145 2.142414
18.246050 2.146583
18.246050 2.146583
18.223314 2.146156
18.213504 2.145972
19.728332 2.174434
19.711424 2.174116
19.730649 2.174478
19.750074 2.174843
20.375045 2.186585
20.259905 2.184422
19.841945 2.176569
19.590998 2.171854
19.577371 2.171598
19.500877 2.170160
19.787511 2.175546
20.044499 2.180375
20.081850 2.181076
20.081850 2.181076
20.081850 2.181076
18.930512 2.159444
18.977666 2.160330
19.011404 2.160964
18.958305 2.159966
18.895551 2.158787
20.445145 2.187902
20.442700 2.187856
20.442700 2.187856
20.442700 2.187856
20.442700 2.187856
20.811323 2.194783
21.249584 2.203017
20.805605 2.194675
20.805605 2.194675
20.707590 2.192833
20.612865 2.191054
20.448002 2.187956
20.966371 2.197696
20.926656 2.196950
20.926656 2.196950
20.622496 2.191235
20.912033 2.196675
20.872127 2.195925
20.870611 2.195897
20.230890 2.183877
20.185066 2.183016
20.630942 2.191393
20.791582 2.194412
20.781294 2.194218
20.781294 2.194218
20.827322 2.195083
21.047356 2.199217
20.946702 2.197326
20.871915 2.195921
20.864611 2.195784
20.974319 2.197845
21.128532 2.200743
21.325026 2.204435
21.599650 2.209595
21.586229 2.209342
21.588033 2.209376
21.541660 2.208505
21.449095 2.206766
20.270976 2.184630
20.278797 2.184777
20.278797 2.184777
20.321472 2.185579
20.719944 2.193066
20.726100 2.193181
20.726100 2.193181
20.726100 2.193181
20.714018 2.192954
20.489643 2.188738
20.489643 2.188738
20.505750 2.189041
20.502626 2.188982
20.459068 2.188164
20.451386 2.188020
20.478675 2.188532
20.482923 2.188612
20.754486 2.193715
20.754486 2.193715
20.730358 2.193261
20.717183 2.193014
20.629326 2.191363
20.704734 2.192780
20.704807 2.192781
20.709633 2.192872
20.138437 2.182140
19.961816 2.178821
19.571565 2.171489
19.574258 2.171539
19.561509 2.171300
19.399676 2.168259
19.555837 2.171193
19.965019 2.178881
19.966666 2.178912
19.717725 2.174235
19.566603 2.171395
19.595964 2.171947
19.591123 2.171856
19.653791 2.173034
19.643889 2.172847
19.905078 2.177755
19.921848 2.178070
20.115244 2.181704
20.161158 2.182567
20.247102 2.184181
20.247102 2.184181
20.022183 2.179955
20.011658 2.179758
20.011658 2.179758
20.118077 2.181757
20.144714 2.182258
20.144714 2.182258
20.055426 2.180580
20.024827 2.180005
20.081649 2.181073
20.020910 2.179931
19.998396 2.179508
19.951363 2.178625
19.410439 2.168461
19.697588 2.173856
19.690974 2.173732
19.678083 2.173490
19.690282 2.173719
19.677917 2.173487
19.677917 2.173487
19.710883 2.174106
19.786866 2.175534
19.750188 2.174845
19.482842 2.169822
19.341975 2.167175
19.455709 2.169312
19.445942 2.169128
19.445942 2.169128
19.445790 2.169125
19.996353 2.179470
19.915100 2.177943
19.927466 2.178176
19.885488 2.177387
19.829490 2.176335
19.796824 2.175721
19.892838 2.177525
19.892838 2.177525
20.116562 2.181729
20.116562 2.181729
20.080610 2.181053
20.080610 2.181053
20.070536 2.180864
20.074797 2.180944
20.056136 2.180593
20.094037 2.181305
20.096127 2.181345
20.105596 2.181523
20.132347 2.182025
20.172142 2.182773
20.174417 2.182816
20.026934 2.180045
19.830026 2.176345
20.662189 2.191980
20.628506 2.191348
20.903961 2.196523
20.915616 2.196742
21.145031 2.201053
21.147171 2.201093
21.147171 2.201093
21.189159 2.201882
21.189159 2.201882
21.160587 2.201345
21.368661 2.205254
21.458725 2.206947
21.458725 2.206947
21.536380 2.208406
21.550040 2.208662
21.554051 2.208738
20.791704 2.194414
20.768822 2.193984
20.752787 2.193683
21.010198 2.198519
21.106650 2.200331
21.557680 2.208806
21.446611 2.206719
21.446122 2.206710
21.446122 2.206710
21.437525 2.206548
21.558663 2.208824
20.402371 2.187099
20.146793 2.182297
20.177652 2.182876
20.174087 2.182809
20.189144 2.183092
19.492321 2.170000
19.483345 2.169831
19.483345 2.169831
19.582694 2.171698
19.612761 2.172263
19.967983 2.178937
19.973299 2.179037
20.100802 2.181432
20.090905 2.181247
20.125269 2.181892
20.103846 2.181490
20.081567 2.181071
20.024947 2.180007
19.981408 2.179189
21.134707 2.200859
21.134707 2.200859
21.126595 2.200706
21.120071 2.200584
21.409848 2.206028
20.611094 2.191020
20.789839 2.194379
20.847020 2.195453
21.025762 2.198812
20.999219 2.198313
20.999219 2.198313
20.996771 2.198267
20.996771 2.198267
21.140118 2.200960
21.198892 2.202065
20.282011 2.184837
20.335151 2.185836
20.502845 2.188987
20.469886 2.188367
20.472120 2.188409
20.493398 2.188809
20.486325 2.188676
20.408451 2.187213
20.127032 2.181925
20.121992 2.181831
20.197850 2.183256
20.377454 2.186631
20.377454 2.186631
20.049962 2.180477
19.974946 2.179068
19.826674 2.176282
19.914640 2.177935
19.884937 2.177377
19.884937 2.177377
19.884937 2.177377
19.827328 2.176294
19.829764 2.176340
19.318815 2.166740
19.313473 2.166639
19.738586 2.174627
19.694465 2.173798
19.580396 2.171655
19.580396 2.171655
19.573225 2.171520
19.363765 2.167584
19.350131 2.167328
19.360091 2.167515
20.080060 2.181043
20.089990 2.181229
20.073812 2.180925
20.080999 2.181060
20.272722 2.184663
20.427697 2.187575
20.427697 2.187575
20.580189 2.190440
20.303558 2.185242
20.305437 2.185277
20.300816 2.185191
20.314583 2.185449
20.336036 2.185852
20.307068 2.185308
20.367231 2.186438
20.388374 2.186836
20.290685 2.185000
20.290685 2.185000
20.106351 2.181537
19.947755 2.178557
19.954576 2.178685
19.954576 2.178685
19.974267 2.179055
19.864062 2.176984
20.157785 2.182503
20.034892 2.180194
19.960471 2.178796
19.967578 2.178929
20.195079 2.183204
20.251709 2.184268
20.779126 2.194178
20.794690 2.194470
20.841689 2.195353
20.905324 2.196549
20.852676 2.195560
20.823957 2.195020
20.823957 2.195020
19.980685 2.179176
19.981602 2.179193
19.992883 2.179405
20.056097 2.180593
20.163168 2.182604
19.622692 2.172449
19.882880 2.177338
19.756244 2.174959
19.700526 2.173912
19.603139 2.172082
20.703606 2.192759
20.702046 2.192729
20.781335 2.194219
21.159832 2.201331
21.304184 2.204043
21.170785 2.201537
22.074836 2.218523
22.074693 2.218520
22.080731 2.218634
21.639338 2.210340
21.361920 2.205128
21.155985 2.201258
21.306304 2.204083
21.566785 2.208977
21.704735 2.211569
21.730509 2.212053
21.828471 2.213894
21.802902 2.213413
21.079653 2.199824
21.106636 2.200331
21.360929 2.205109
21.280957 2.203607
21.283970 2.203663
21.292452 2.203823
21.152588 2.201195
21.197859 2.202045
21.173624 2.201590
21.184645 2.201797
21.265920 2.203324
21.266186 2.203329
21.138265 2.200925
21.138265 2.200925
20.978594 2.197925
20.986374 2.198072
20.986374 2.198072
21.131955 2.200807
21.215166 2.202370
21.245866 2.202947
21.271448 2.203428
21.299805 2.203961
21.313734 2.204222
21.313734 2.204222
21.382236 2.205509
21.386584 2.205591
21.494273 2.207615
21.491311 2.207559
21.336237 2.204645
21.325228 2.204438
21.482801 2.207399
21.485191 2.207444
21.540219 2.208478
21.509401 2.207899
21.894134 2.215128
22.219586 2.221243
22.210435 2.221071
22.212691 2.221113
22.212691 2.221113
22.116094 2.219298
22.290655 2.222578
22.290655 2.222578
22.312837 2.222995
22.310044 2.222942
22.313752 2.223012
22.316305 2.223060
22.268777 2.222167
21.388054 2.205619
21.390057 2.205656
21.104711 2.200295
21.184051 2.201786
21.341751 2.204749
21.537163 2.208420
21.652284 2.210583
21.652880 2.210595
21.210094 2.202275
21.258047 2.203176
21.258047 2.203176
21.042726 2.199130
21.118811 2.200560
21.118811 2.200560
21.911415 2.215452
21.870419 2.214682
21.870419 2.214682
21.905028 2.215332
21.963518 2.216431
21.965421 2.216467
21.971015 2.216572
21.896146 2.215165
21.896974 2.215181
21.096868 2.200148
21.203832 2.202157
21.203832 2.202157
21.253860 2.203097
21.088965 2.199999
21.125203 2.200680
21.125185 2.200680
20.910702 2.196650
21.576713 2.209164
21.651977 2.210578
21.877015 2.214806
21.772898 2.212850
21.867651 2.214630
21.875570 2.214779
21.856211 2.214415
21.780135 2.212986
21.779919 2.212982
21.784243 2.213063
21.735968 2.212156
21.651884 2.210576
21.651884 2.210576
21.596073 2.209527
21.615291 2.209888
23.089251 2.237583
23.089251 2.237583
22.508805 2.226677
22.498436 2.226482
22.557769 2.227597
22.089627 2.218801
22.089627 2.218801
22.213650 2.221131
21.697715 2.211437
21.536685 2.208411
21.549544 2.208653
21.541444 2.208501
21.734568 2.212130
21.734568 2.212130
22.175934 2.220422
22.178155 2.220464
21.875855 2.214784
21.905405 2.215339
22.006621 2.217241
21.994119 2.217006
22.117962 2.219333
21.914152 2.215504
22.212843 2.221116
22.212843 2.221116
22.230393 2.221446
22.232119 2.221478
22.298336 2.222722
21.513592 2.207978
21.577294 2.209174
21.482934 2.207402
21.483570 2.207413
21.524588 2.208184
21.486416 2.207467
21.607089 2.209734
21.607089 2.209734
20.947698 2.197345
20.922910 2.196879
20.937829 2.197159
21.093545 2.200085
21.104842 2.200298
21.332057 2.204567
21.292456 2.203823
22.101823 2.219030
22.085396 2.218721
22.101479 2.219023
22.093498 2.218874
22.131482 2.219587
21.438751 2.206571
21.498292 2.207690
20.764799 2.193908
20.798107 2.194534
20.738005 2.193405
20.665327 2.192039
20.663958 2.192014
20.791611 2.194412
20.830746 2.195147
20.900014 2.196449
21.163881 2.201407
21.151116 2.201167
21.151116 2.201167
20.713005 2.192935
20.692407 2.192548
20.800599 2.194581
20.913133 2.196695
21.107590 2.200349
22.191000 2.220705
22.177102 2.220444
21.991415 2.216955
22.159432 2.220112
21.936354 2.215921
21.959996 2.216365
22.076844 2.218561
22.019708 2.217487
21.840404 2.214118
21.411735 2.206064
21.411735 2.206064
21.412957 2.206087
21.617628 2.209932
21.737828 2.212191
21.745526 2.212335
21.776128 2.212910
21.735331 2.212144
21.851335 2.214323
21.641845 2.210387
21.641845 2.210387
21.673805 2.210988
21.637230 2.210301
21.072752 2.199695
20.895864 2.196371
20.826317 2.195064
20.665868 2.192050
20.665868 2.192050
20.500218 2.188937
20.459049 2.188164
20.319188 2.185536
20.333605 2.185807
20.264350 2.184505
20.173120 2.182791
20.406336 2.187173
20.363298 2.186365
20.362369 2.186347
20.332124 2.185779
20.341025 2.185946
20.232822 2.183913
20.344881 2.186019
20.389944 2.186865
20.388095 2.186830
20.249356 2.184224
20.318083 2.185515
20.435524 2.187722
20.248024 2.184199
20.226019 2.183785
20.213038 2.183541
20.285886 2.184910
20.285886 2.184910
20.130498 2.181990
20.012248 2.179769
20.012248 2.179769
20.017288 2.179863
19.856000 2.176833
19.733499 2.174531
19.788196 2.175559
18.730856 2.155692
18.717982 2.155451
18.502674 2.151405
18.502674 2.151405
18.542645 2.152156
18.542645 2.152156
18.433663 2.150108
18.632193 2.153839
18.640980 2.154004
18.640980 2.154004
18.557157 2.152429
18.561370 2.152508
18.539177 2.152091
18.564257 2.152562
18.564257 2.152562
18.562471 2.152529
19.132403 2.163237
19.155140 2.163664
19.186794 2.164259
19.070726 2.162078
18.959149 2.159982
18.892092 2.158722
18.849861 2.157928
18.871460 2.158334
18.570256 2.152675
18.542337 2.152150
18.469705 2.150786
18.309440 2.147774
18.321216 2.147996
18.324145 2.148051
19.174018 2.164019
18.717726 2.155446
19.203397 2.164571
19.241586 2.165289
19.241586 2.165289
19.294586 2.166284
19.226625 2.165007
19.384710 2.167978
19.384710 2.167978
19.374071 2.167778
19.374071 2.167778
18.943388 2.159686
19.089857 2.162438
18.781052 2.156636
18.847066 2.157876
18.840636 2.157755
18.985906 2.160485
19.002921 2.160804
18.933655 2.159503
18.994752 2.160651
19.223782 2.164954
19.432535 2.168876
19.345635 2.167244
19.393983 2.168152
19.537434 2.170847
19.701262 2.173925
19.632071 2.172625
19.543320 2.170958
19.543320 2.170958
19.543320 2.170958
19.745366 2.174754
20.239225 2.184033
20.282045 2.184838
20.171525 2.182761
20.179466 2.182911
21.248081 2.202989
20.780719 2.194208
20.836541 2.195256
20.878046 2.196036
20.996142 2.198255
21.034618 2.198978
20.227053 2.183805
20.049249 2.180464
20.052571 2.180526
20.111895 2.181641
20.132344 2.182025
19.812119 2.176008
19.814106 2.176046
19.679345 2.173514
19.624999 2.172493
19.581208 2.171670
19.657959 2.173112
19.554846 2.171174
19.554846 2.171174
19.529258 2.170694
19.579662 2.171641
19.499732 2.170139
19.442521 2.169064
19.295295 2.166298
19.295295 2.166298
19.406943 2.168395
19.650944 2.172980
19.574947 2.171552
19.994351 2.179432
20.146041 2.182282
20.146041 2.182282
20.147709 2.182314
20.139856 2.182166
20.111495 2.181633
20.020718 2.179928
20.081949 2.181078
19.613137 2.172270
19.678138 2.173491
19.627786 2.172545
19.634852 2.172678
19.634852 2.172678
19.681981 2.173563
19.714919 2.174182
20.233103 2.183918
20.306568 2.185299
20.349188 2.186099
20.331281 2.185763
19.036406 2.161433
19.038354 2.161470
18.638876 2.153964
18.660607 2.154372
18.651128 2.154194
18.821371 2.157393
18.825152 2.157464
18.853106 2.157989
18.142342 2.144635
18.108266 2.143994
18.042596 2.142761
18.130259 2.144408
17.490928 2.132395
17.396865 2.130628
17.270012 2.128244
17.282080 2.128471
17.199385 2.126917
17.246878 2.127810
17.186124 2.126668
17.186124 2.126668
17.188343 2.126710
17.241425 2.127707
17.246105 2.127795
17.051993 2.124148
17.138058 2.125765
17.076556 2.124610
17.076927 2.124617
17.079229 2.124660
17.073311 2.124549
17.073311 2.124549
17.052860 2.124164
17.093219 2.124923
17.127621 2.125569
17.039164 2.123907
17.034773 2.123824
17.006380 2.123291
16.982077 2.122834
16.982077 2.122834
16.676387 2.117091
16.676387 2.117091
16.931074 2.121876
16.983220 2.122856
17.337658 2.129515
17.305569 2.128913
17.331859 2.129406
16.978150 2.122761
17.040306 2.123928
17.067646 2.124442
17.363290 2.129997
17.386359 2.130430
17.372849 2.130177
17.373097 2.130181
17.709881 2.136509
17.709881 2.136509
17.909245 2.140255
17.546564 2.133441
17.558087 2.133657
17.572309 2.133924
17.733584 2.136955
17.626742 2.134947
17.541285 2.133341
16.844689 2.120253
16.624593 2.116118
16.624593 2.116118
16.647921 2.116556
16.657592 2.116738
16.464582 2.113111
16.438778 2.112626
16.390407 2.111717
16.390407 2.111717
16.385319 2.111622
15.915191 2.102789
15.915191 2.102789
15.898267 2.102471
15.843365 2.101439
16.114062 2.106525
16.145776 2.107121
16.135277 2.106924
16.289422 2.109820
16.184878 2.107856
16.168099 2.107540
16.472088 2.113252
16.625386 2.116132
16.427943 2.112423
16.406134 2.112013
16.406134 2.112013
16.548023 2.114679
16.845520 2.120269
17.131058 2.125634
16.976899 2.122737
16.342714 2.110821
16.274768 2.109545
16.281573 2.109673
16.231051 2.108723
16.334530 2.110668
16.320268 2.110400
16.480697 2.113414
16.515645 2.114071
16.504960 2.113870
16.431499 2.112489
16.431499 2.112489
16.470542 2.113223
16.446934 2.112780
16.489705 2.113583
16.489705 2.113583
15.813521 2.100878
15.840641 2.101388
15.684321 2.098451
15.678819 2.098347
15.689403 2.098546
15.642473 2.097664
15.684010 2.098445
15.727588 2.099264
15.770932 2.100078
15.769243 2.100046
15.961227 2.103653
16.226501 2.108638
16.226625 2.108640
16.232858 2.108757
16.164010 2.107464
15.849677 2.101558
15.775287 2.100160
15.775287 2.100160
15.991127 2.104215
15.952926 2.103498
15.753905 2.099758
15.494506 2.094884
15.513308 2.095237
15.520326 2.095369
15.650142 2.097808
16.026656 2.104883
16.010590 2.104581
16.014690 2.104658
16.050461 2.105330
16.061834 2.105544
15.959474 2.103621
16.027198 2.104893
16.301098 2.110039
16.301098 2.110039
16.301098 2.110039
15.544284 2.095819
15.544284 2.095819
15.568002 2.096265
15.527016 2.095495
15.483600 2.094679
15.474301 2.094505
15.462373 2.094280
15.494123 2.094877
15.526602 2.095487
15.771016 2.100080
15.807038 2.100756
15.998417 2.104352
16.097890 2.106221
16.072914 2.105752
15.991621 2.104225
16.183069 2.107822
16.193662 2.108021
16.110914 2.106466
16.013593 2.104637
15.956769 2.103570
15.953048 2.103500
15.883730 2.102197
15.716394 2.099053
15.804643 2.100711
15.931095 2.103087
15.889319 2.102302
15.889319 2.102302
16.190168 2.107955
16.162224 2.107430
16.173905 2.107650
16.173905 2.107650
16.282348 2.109687
17.168073 2.126329
17.131587 2.125644
17.204029 2.127005
17.175268 2.126464
17.174928 2.126458
17.195111 2.126837
17.645451 2.135299
17.694583 2.136222
17.709276 2.136498
17.709018 2.136493
17.882769 2.139758
17.878076 2.139669
17.886902 2.139835
17.833304 2.138828
18.113307 2.144089
17.911005 2.140288
17.933849 2.140717
17.852529 2.139189
18.133449 2.144468
17.752048 2.137301
17.752048 2.137301
17.301538 2.128837
17.212457 2.127163
17.947968 2.140983
18.073922 2.143349
18.252079 2.146697
18.204093 2.145795
17.868850 2.139496
17.991102 2.141793
18.169034 2.145136
17.751770 2.137296
17.738100 2.137039
17.655271 2.135483
17.678703 2.135923
17.957809 2.141168
17.923555 2.140524
17.955879 2.141131
17.818480 2.138550
17.818480 2.138550
17.806926 2.138333
17.757696 2.137408
17.751614 2.137293
17.432629 2.131300
17.418279 2.131030
17.448106 2.131591
17.492667 2.132428
17.391125 2.130520
17.367105 2.130069
17.421749 2.131095
17.370674 2.130136
17.457688 2.131771
17.457688 2.131771
17.457946 2.131776
17.281208 2.128455
17.044508 2.124007
16.733839 2.118170
16.733839 2.118170
16.753136 2.118533
16.643192 2.116467
16.573087 2.115150
16.642880 2.116461
16.567597 2.115047
16.430637 2.112473
16.425373 2.112374
16.315356 2.110307
16.150279 2.107206
15.886902 2.102257
15.948817 2.103420
15.948817 2.103420
15.960876 2.103647
15.920659 2.102891
15.983452 2.104071
15.981805 2.104040
15.957546 2.103584
15.624186 2.097321
15.233706 2.089984
15.228728 2.089890
15.324040 2.091681
15.316710 2.091544
15.317591 2.091560
15.317591 2.091560
14.933368 2.084341
14.937174 2.084412
14.938786 2.084443
14.938786 2.084443
14.932787 2.084330
14.935149 2.084374
14.730500 2.080529
14.737642 2.080663
14.611755 2.078298
14.638668 2.078804
14.700029 2.079957
14.700029 2.079957
14.640070 2.078830
14.640070 2.078830
13.961399 2.066078
13.961399 2.066078
13.977002 2.066372
13.998369 2.066773
13.973401 2.066304
13.870648 2.064373
13.933555 2.065555
13.917024 2.065245
13.927941 2.065450
13.979391 2.066417
14.012398 2.067037
13.963480 2.066118
13.990969 2.066634
13.885856 2.064659
13.845156 2.063894
14.479149 2.075807
14.480200 2.075826
14.618087 2.078417
14.618087 2.078417
14.657628 2.079160
14.718694 2.080307
15.078577 2.087069
15.111893 2.087695
15.154898 2.088503
15.940483 2.103264
15.923066 2.102936
16.320325 2.110401
16.290367 2.109838
16.278798 2.109620
16.278798 2.109620
16.235354 2.108804
16.007826 2.104529
15.925500 2.102982
15.965414 2.103732
18.209647 2.145899
18.177978 2.145304
18.051239 2.142923
17.979370 2.141573
18.215462 2.146009
18.270776 2.147048
17.907658 2.140225
17.946624 2.140957
18.246044 2.146583
18.246044 2.146583
18.028275 2.142492
17.745951 2.137187
17.733918 2.136961
17.406311 2.130805
17.499326 2.132553
17.500448 2.132574
17.270362 2.128251
17.241564 2.127710
17.278642 2.128407
17.129635 2.125607
17.501771 2.132599
16.023299 2.104820
16.013974 2.104645
15.999173 2.104366
16.188169 2.107918
16.194527 2.108037
16.162896 2.107443
16.171366 2.107602
16.104618 2.106348
16.104618 2.106348
16.104618 2.106348
16.174365 2.107658
16.514120 2.114042
16.501148 2.113798
16.479120 2.113384
16.562533 2.114952
16.567666 2.115048
16.540791 2.114543
16.586077 2.115394
16.797362 2.119364
16.805541 2.119517
16.777843 2.118997
16.798068 2.119377
16.839401 2.120154
16.872822 2.120782
16.894455 2.121188
16.969967 2.122607
17.014175 2.123437
16.978989 2.122776
17.013573 2.123426
17.013573 2.123426
17.013573 2.123426
17.010859 2.123375
17.051603 2.124141
16.899771 2.121288
16.749953 2.118473
16.732866 2.118152
16.821150 2.119811
16.815529 2.119705
16.235026 2.108798
16.315402 2.110308
16.022948 2.104813
16.051344 2.105347
16.055338 2.105422
16.217085 2.108461
16.217085 2.108461
16.217085 2.108461
16.223371 2.108579
16.200123 2.108142
16.205144 2.108236
16.239486 2.108882
16.364223 2.111225
15.065981 2.086833
15.073383 2.086972
15.124363 2.087930
15.127211 2.087983
15.545172 2.095836
15.545172 2.095836
15.600004 2.096866
15.638273 2.097585
15.721641 2.099152
15.723497 2.099187
15.723497 2.099187
15.969835 2.103815
15.758878 2.099852
15.652180 2.097847
15.712544 2.098981
15.679206 2.098355
15.723665 2.099190
15.788774 2.100413
15.788774 2.100413
15.698307 2.098713
15.616844 2.097183
15.714087 2.099010
15.663077 2.098052
15.635245 2.097529
15.635245 2.097529
15.629014 2.097412
15.777609 2.100203
15.623769 2.097313
15.623769 2.097313
15.455478 2.094151
15.467602 2.094379
15.357744 2.092315
15.357744 2.092315
15.360919 2.092374
15.191076 2.089183
15.163198 2.088659
15.368209 2.092511
15.493946 2.094874
15.496873 2.094929
15.509735 2.095170
15.288900 2.091021
14.987956 2.085367
14.672202 2.079434
14.485880 2.075933
14.496361 2.076130
14.506990 2.076330
14.403171 2.074379
15.282178 2.090895
15.154071 2.088488
15.154071 2.088488
15.198220 2.089317
15.233818 2.089986
15.232260 2.089957
15.229277 2.089901
15.648582 2.097779
15.654153 2.097884
14.828213 2.082365
14.885465 2.083441
14.889457 2.083516
14.877915 2.083299
14.859982 2.082962
14.850717 2.082788
14.720290 2.080337
14.242283 2.071356
14.238176 2.071279
14.251657 2.071532
13.921708 2.065333
13.815684 2.063341
13.985162 2.066525
13.979742 2.066423
14.008588 2.066965
14.004725 2.066893
14.169892 2.069996
14.169892 2.069996
14.144956 2.069527
14.200553 2.070572
14.200553 2.070572
14.488945 2.075991
14.478165 2.075788
14.495319 2.076110
14.573997 2.077589
14.604572 2.078163
14.632614 2.078690
14.630565 2.078652
14.596561 2.078013
14.533553 2.076829
14.652739 2.079068
14.671188 2.079415
14.671188 2.079415
14.650672 2.079029
14.772910 2.081326
14.806921 2.081965
15.248466 2.090261
15.248466 2.090261
15.101871 2.087507
15.101871 2.087507
15.168720 2.088763
15.166325 2.088718
15.392098 2.092960
15.704829 2.098836
16.379775 2.111518
16.412900 2.112140
16.369478 2.111324
16.364365 2.111228
16.399862 2.111895
16.395327 2.111810
16.483349 2.113464
17.019217 2.123532
17.127191 2.125561
17.127191 2.125561
17.277735 2.128390
17.207852 2.127076
17.201210 2.126952
17.083847 2.124747
17.083847 2.124747
17.105053 2.125145
16.996379 2.123103
16.898979 2.121273
16.820801 2.119804
16.813315 2.119663
17.127842 2.125573
17.128074 2.125578
17.121797 2.125460
17.121797 2.125460
17.102483 2.125097
17.196484 2.126863
17.229318 2.127480
17.175297 2.126465
17.267457 2.128196
17.370968 2.130141
17.362191 2.129976
17.401924 2.130723
17.361666 2.129967
17.478213 2.132156
17.352002 2.129785
17.450037 2.131627
17.450037 2.131627
17.194265 2.126821
17.182862 2.126607
18.094237 2.143731
18.120352 2.144222
18.102814 2.143892
18.005272 2.142059
17.297488 2.128761
17.427444 2.131202
16.346350 2.110890
16.485617 2.113506
16.499746 2.113772
16.499746 2.113772
16.506400 2.113897
16.357933 2.111107
16.184160 2.107842
16.192540 2.108000
16.192540 2.108000
16.192540 2.108000
16.266781 2.109395
15.983341 2.104069
16.040033 2.105134
15.957566 2.103585
16.174673 2.107664
16.203094 2.108198
16.217330 2.108465
16.260059 2.109268
16.208859 2.108306
15.846152 2.101491
15.589030 2.096660
15.662821 2.098047
15.659357 2.097982
16.703134 2.117593
16.666329 2.116902
16.666329 2.116902
16.666329 2.116902
16.643746 2.116477
16.556819 2.114844
16.369440 2.111323
16.363208 2.111206
16.012129 2.104610
16.072615 2.105746
16.072429 2.105743
15.912254 2.102733
15.934445 2.103150
14.748089 2.080860
15.210537 2.089549
15.167336 2.088737
15.144798 2.088314
14.994610 2.085492
15.049600 2.086525
15.010321 2.085787
15.027502 2.086110
15.189646 2.089156
15.742744 2.099548
16.989463 2.122973
16.963843 2.122492
16.998119 2.123136
16.909451 2.121470
16.889619 2.121097
16.851756 2.120386
16.851756 2.120386
16.786478 2.119159
16.798579 2.119387
16.798579 2.119387
16.918194 2.121634
16.864446 2.120624
16.861850 2.120575
16.887214 2.121052
16.898116 2.121257
16.898835 2.121270
16.777114 2.118983
17.719181 2.136684
17.737122 2.137021
17.596613 2.134381
17.610216 2.134637
17.625009 2.134915
17.578929 2.134049
17.510330 2.132760
17.510330 2.132760
17.510330 2.132760
17.505250 2.132664
17.395875 2.130609
17.336148 2.129487
17.265415 2.128158
17.208105 2.127081
17.096202 2.124979
17.146007 2.125914
17.124851 2.125517
17.182069 2.126592
17.289390 2.128609
17.322760 2.129236
17.300698 2.128821
17.300698 2.128821
17.328969 2.129352
17.325840 2.129293
17.283163 2.128492
17.283163 2.128492
17.287450 2.128572
17.253264 2.127930
16.911669 2.121511
16.933706 2.121926
16.959781 2.122415
16.851859 2.120388
16.851859 2.120388
17.027835 2.123694
17.027835 2.123694
17.043637 2.123991
16.982282 2.122838
17.027641 2.123690
16.932566 2.121904
17.085703 2.124781
17.276043 2.128358
17.324556 2.129269
17.264216 2.128136
17.237966 2.127642
17.237167 2.127627
17.237167 2.127627
17.237167 2.127627
17.253758 2.127939
17.355761 2.129856
17.094963 2.124955
17.094963 2.124955
17.458714 2.131790
17.530379 2.133136
17.530379 2.133136
17.506855 2.132694
17.577136 2.134015
17.601506 2.134473
17.601506 2.134473
17.576795 2.134009
17.618020 2.134783
17.672202 2.135801
17.672202 2.135801
17.596046 2.134370
17.582617 2.134118
17.351333 2.129772
17.371932 2.130159
17.371932 2.130159
17.371153 2.130145
17.371153 2.130145
17.457000 2.131758
17.432610 2.131299
17.386171 2.130427
17.388579 2.130472
17.471308 2.132027
17.472172 2.132043
17.475011 2.132096
17.462853 2.131868
17.662476 2.135618
17.468176 2.131968
17.337258 2.129508
17.147323 2.125939
17.132329 2.125657
17.092610 2.124911
17.043799 2.123994
17.043799 2.123994
17.046378 2.124043
17.228262 2.127460
17.228262 2.127460
17.132949 2.125669
17.116211 2.125355
17.114821 2.125329
16.995040 2.123078
16.990854 2.122999
16.988130 2.122948
16.881633 2.120947
16.747174 2.118421
16.799488 2.119404
16.906372 2.121412
17.198075 2.126893
17.198075 2.126893
17.184410 2.126636
17.257077 2.128001
16.369984 2.111334
16.332552 2.110630
16.281860 2.109678
16.328758 2.110559
16.294796 2.109921
16.276800 2.109583
16.172910 2.107631
16.594786 2.115558
19.081086 2.162273
19.597608 2.171978
19.660544 2.173160
19.651238 2.172986
19.651238 2.172986
19.706272 2.174020
19.705240 2.174000
19.516863 2.170461
19.544026 2.170971
18.586946 2.152988
18.640627 2.153997
18.700940 2.155130
18.692630 2.154974
18.693854 2.154997
18.678724 2.154713
18.678724 2.154713
18.673942 2.154623
18.655962 2.154285
18.357916 2.148685
18.357916 2.148685
18.357916 2.148685
18.250638 2.146670
18.258208 2.146812
18.175819 2.145264
18.241072 2.146490
17.711036 2.136531
17.720563 2.136710
17.677226 2.135896
17.376781 2.130251
17.359189 2.129920
17.795535 2.138119
17.702558 2.136372
17.686346 2.136067
17.686346 2.136067
17.758739 2.137427
17.758739 2.137427
17.762543 2.137499
17.837361 2.138904
17.529362 2.133117
17.292623 2.128669
17.240506 2.127690
17.248004 2.127831
17.113253 2.125299
17.221723 2.127337
17.204751 2.127018
17.204751 2.127018
17.542450 2.133363
17.699549 2.136315
17.699549 2.136315
17.568470 2.133852
17.568608 2.133855
17.573827 2.133953
17.470073 2.132003
17.499101 2.132549
17.482591 2.132239
17.501617 2.132596
17.170888 2.126382
17.170888 2.126382
16.998179 2.123137
16.998179 2.123137
17.118403 2.125396
17.121567 2.125455
16.781415 2.119064
16.701932 2.117571
16.533967 2.114415
16.565340 2.115004
16.796461 2.119347
16.787164 2.119172
16.781731 2.119070
17.156333 2.126108
17.075922 2.124598
17.054756 2.124200
17.351851 2.129782
17.348020 2.129710
17.297405 2.128759
16.878956 2.120897
16.878956 2.120897
16.788981 2.119206
16.613220 2.115904
16.597749 2.115613
16.663183 2.116843
16.406680 2.112023
16.358309 2.111114
16.330737 2.110596
16.361274 2.111170
16.326584 2.110518
16.515504 2.114068
16.092628 2.106122
16.092628 2.106122
16.288693 2.109806
16.319020 2.110376
16.020806 2.104773
15.827930 2.101149
15.875682 2.102046
15.919570 2.102871
15.904981 2.102597
15.908697 2.102667
16.167121 2.107522
15.762866 2.099926
15.762866 2.099926
15.821038 2.101019
15.893419 2.102379
16.098258 2.106228
16.342245 2.110812
16.460529 2.113035
16.355848 2.111068
16.278595 2.109617
16.688829 2.117324
16.712435 2.117768
16.712435 2.117768
16.682629 2.117208
16.724117 2.117988
16.754225 2.118553
16.740473 2.118295
17.257172 2.128003
17.258262 2.128024
16.592661 2.115518
16.598204 2.115622
16.609039 2.115825
16.623458 2.116096
16.615036 2.115938
16.612737 2.115895
16.458939 2.113005
16.484894 2.113493
16.441628 2.112680
16.472692 2.113263
16.458494 2.112997
16.456059 2.112951
16.531084 2.114361
16.123582 2.106704
16.171172 2.107598
16.395231 2.111808
16.395231 2.111808
16.317108 2.110340
16.330214 2.110586
16.447590 2.112792
16.482553 2.113449
16.363382 2.111210
16.361099 2.111167
16.384961 2.111615
16.384961 2.111615
16.547999 2.114678
16.547999 2.114678
16.469863 2.113210
16.469863 2.113210
16.469863 2.113210
16.464648 2.113112
16.578004 2.115242
16.611418 2.115870
16.578993 2.115261
16.494974 2.113682
16.442569 2.112697
16.442569 2.112697
16.446482 2.112771
17.034728 2.123824
17.034728 2.123824
16.947981 2.122194
17.069673 2.124480
17.040619 2.123934
16.470488 2.113222
16.470488 2.113222
16.546786 2.114656
15.921485 2.102907
15.761491 2.099901
15.028304 2.086125
15.034175 2.086235
16.551181 2.114738
16.555935 2.114828
16.223956 2.108590
16.244131 2.108969
16.244131 2.108969
16.332876 2.110636
16.305807 2.110128
16.305807 2.110128
16.164172 2.107467
16.172988 2.107632
16.172988 2.107632
16.148253 2.107168
16.148253 2.107168
16.110947 2.106467
16.111867 2.106484
16.100513 2.106271
16.097818 2.106220
16.171510 2.107605
16.187455 2.107904
16.187455 2.107904
16.187455 2.107904
16.222949 2.108571
16.194646 2.108039
16.333102 2.110641
16.142466 2.107059
16.231262 2.108727
16.163992 2.107463
16.243322 2.108954
16.322508 2.110442
16.306240 2.110136
16.359883 2.111144
16.012190 2.104611
16.023281 2.104819
16.008539 2.104542
16.008539 2.104542
16.194807 2.108042
16.170774 2.107591
16.170774 2.107591
16.115141 2.106545
16.115141 2.106545
16.241792 2.108925
16.236243 2.108821
16.290409 2.109839
16.299710 2.110013
16.293539 2.109897
16.310287 2.110212
16.310287 2.110212
16.811362 2.119627
16.637591 2.116362
16.637591 2.116362
16.638288 2.116375
16.564420 2.114987
16.564420 2.114987
14.956353 2.084773
14.920785 2.084104
14.979639 2.085210
14.979639 2.085210
16.484058 2.113477
16.481456 2.113428
16.535724 2.114448
16.517563 2.114107
16.496881 2.113718
16.496881 2.113718
16.602390 2.115700
16.602390 2.115700
16.660961 2.116801
15.995531 2.104298
15.918708 2.102855
16.172503 2.107623
16.172503 2.107623
16.456125 2.112952
16.532127 2.114380
16.539879 2.114526
16.487276 2.113537
16.487276 2.113537
15.789901 2.100434
15.905543 2.102607
15.711142 2.098955
15.711142 2.098955
14.332671 2.073054
14.314786 2.072718
13.837314 2.063747
13.363858 2.054851
13.382723 2.055206
13.435402 2.056195
13.411688 2.055750
13.473322 2.056908
13.473322 2.056908
13.387244 2.055291
11.837532 2.026173
11.933598 2.027978
11.944361 2.028180
11.940095 2.028100
11.881863 2.027006
11.850460 2.026416
11.834231 2.026111
11.938362 2.028067
11.928592 2.027884
11.956249 2.028403
11.956249 2.028403
12.149629 2.032037
12.161716 2.032264
12.169496 2.032410
12.196208 2.032912
12.172570 2.032468
12.193925 2.032869
12.198612 2.032957
12.204751 2.033073
12.199010 2.032965
12.496649 2.038557
12.504458 2.038704
12.248772 2.033900
12.251665 2.033954
12.354406 2.035884
12.348347 2.035771
12.632189 2.041104
12.633125 2.041121
12.596825 2.040439
12.520363 2.039003
12.737856 2.043089
13.232819 2.052389
13.234940 2.052429
13.194915 2.051677
13.194915 2.051677
13.151862 2.050868
13.172789 2.051261
13.173426 2.051273
13.242663 2.052574
13.236975 2.052467
13.236975 2.052467
13.244472 2.052608
13.407745 2.055676
13.407745 2.055676
13.483854 2.057106
13.483854 2.057106
14.058595 2.067905
14.009457 2.066981
13.992938 2.066671
13.903952 2.064999
13.887308 2.064686
14.103114 2.068741
14.103114 2.068741
14.165987 2.069923
14.248380 2.071471
14.076523 2.068242
14.076523 2.068242
14.073898 2.068192
14.067715 2.068076
14.069685 2.068113
14.267002 2.071820
14.266952 2.071820
14.466286 2.075565
14.459932 2.075445
14.463377 2.075510
14.514112 2.076463
14.429049 2.074865
14.309060 2.072611
14.303722 2.072510
14.303722 2.072510
14.351027 2.073399
14.711107 2.080165
14.671382 2.079418
14.671382 2.079418
15.144538 2.088309
15.113938 2.087734
15.122969 2.087903
15.118813 2.087825
15.064027 2.086796
15.008346 2.085750
14.759255 2.081069
14.632948 2.078696
14.630301 2.078647
14.630908 2.078658
14.697760 2.079914
14.866311 2.083081
14.819757 2.082206
14.718823 2.080310
14.722531 2.080379
16.313949 2.110281
16.308184 2.110173
16.325487 2.110498
15.986407 2.104127
16.016670 2.104695
15.996219 2.104311
16.168860 2.107555
16.124451 2.106720
16.106741 2.106388
16.150771 2.107215
15.982404 2.104051
15.968362 2.103788
15.985768 2.104115
16.025119 2.104854
16.050884 2.105338
16.055732 2.105429
16.066798 2.105637
16.066798 2.105637
16.073655 2.105766
16.070118 2.105699
16.170306 2.107582
16.195240 2.108050
16.179458 2.107754
16.214395 2.108410
16.260144 2.109270
16.363529 2.111212
16.341730 2.110803
16.377586 2.111477
16.362044 2.111184
16.196109 2.108067
17.085038 2.124769
16.974769 2.122697
16.985612 2.122901
16.985612 2.122901
16.968322 2.122576
16.968322 2.122576
16.968322 2.122576
16.997630 2.123127
16.824430 2.119872
16.424890 2.112365
16.512916 2.114019
16.514775 2.114054
16.444759 2.112739
16.460946 2.113043
16.466043 2.113139
16.671543 2.117000
16.671543 2.117000
16.762696 2.118712
16.708301 2.117690
16.702576 2.117583
16.659528 2.116774
16.566401 2.115024
16.566401 2.115024
16.554117 2.114793
16.554117 2.114793
16.554117 2.114793
16.512429 2.114010
16.466699 2.113151
17.220751 2.127319
17.257301 2.128006
17.188758 2.126718
17.003831 2.123243
16.992246 2.123025
17.539855 2.133315
17.499527 2.132557
17.491919 2.132414
17.514602 2.132840
17.514215 2.132833
17.384400 2.130394
17.319400 2.129172
17.327772 2.129330
17.327772 2.129330
17.327772 2.129330
17.335264 2.129470
17.344582 2.129646
17.229561 2.127484
17.170725 2.126379
17.152226 2.126031
15.458412 2.094206
15.552914 2.095982
15.412442 2.093342
15.498481 2.094959
15.552584 2.095975
15.542931 2.095794
15.350894 2.092186
15.297825 2.091189
15.301611 2.091260
15.290813 2.091057
15.252855 2.090344
15.246685 2.090228
15.410501 2.093306
15.429122 2.093656
14.588088 2.077853
14.588088 2.077853
14.803630 2.081903
14.825891 2.082322
14.677156 2.079527
14.473039 2.075692
14.066229 2.068048
13.744353 2.062000
13.738933 2.061899
13.742633 2.061968
13.652270 2.060270
14.003651 2.066872
13.514683 2.057685
13.514683 2.057685
13.515838 2.057707
13.483943 2.057107
13.493432 2.057286
13.338558 2.054376
13.320972 2.054045
13.434785 2.056184
13.429507 2.056085
13.218686 2.052124
13.210939 2.051978
13.331115 2.054236
13.355967 2.054703
13.265032 2.052994
13.265032 2.052994
14.278321 2.072033
14.423707 2.074765
14.394932 2.074224
14.109783 2.068866
14.140983 2.069453
14.139530 2.069425
14.139530 2.069425
14.139530 2.069425
13.931151 2.065510
13.936459 2.065610
13.960231 2.066057
13.956491 2.065986
13.872874 2.064415
13.782826 2.062723
13.755244 2.062205
13.988573 2.066589
13.982170 2.066469
13.981647 2.066459
14.732933 2.080575
14.726595 2.080456
14.798272 2.081803
14.877153 2.083285
14.811640 2.082054
14.908126 2.083867
14.912352 2.083946
14.992035 2.085443
14.989375 2.085393
14.958821 2.084819
14.958821 2.084819
15.004496 2.085677
15.055647 2.086638
15.243295 2.090164
15.293220 2.091102
15.345000 2.092075
15.326083 2.091720
15.268436 2.090637
15.124477 2.087932
15.125629 2.087953
15.308787 2.091395
15.212182 2.089580
15.196714 2.089289
15.195025 2.089257
15.116534 2.087782
15.145601 2.088329
15.150761 2.088426
15.170165 2.088790
15.188499 2.089135
15.220971 2.089745
15.377483 2.092685
15.476434 2.094545
15.311952 2.091454
16.136116 2.106939
16.261714 2.109299
16.268215 2.109422
16.291147 2.109852
16.255695 2.109186
16.252489 2.109126
16.237845 2.108851
16.100646 2.106273
16.097046 2.106205
16.063928 2.105583
16.336203 2.110699
16.233314 2.108766
16.242938 2.108947
16.242938 2.108947
16.255049 2.109174
16.260002 2.109267
16.160229 2.107393
16.155639 2.107306
16.159667 2.107382
16.162100 2.107428
16.088173 2.106039
16.088173 2.106039
16.952992 2.122288
16.933326 2.121918
17.022056 2.123586
17.002405 2.123216
17.131658 2.125645
17.477223 2.132138
17.446395 2.131559
17.512721 2.132805
17.713304 2.136573
17.715290 2.136611
17.645463 2.135299
17.556516 2.133628
17.594810 2.134347
17.597720 2.134402
17.598817 2.134422
17.596413 2.134377
17.628530 2.134981
17.613913 2.134706
17.615648 2.134739
17.577853 2.134028
17.561986 2.133730
17.619540 2.134812
17.821789 2.138612
17.821789 2.138612
17.852627 2.139191
18.027627 2.142479
17.730428 2.136895
17.790711 2.138028
17.790711 2.138028
17.790711 2.138028
17.784470 2.137911
17.643086 2.135254
17.625455 2.134923
17.651754 2.135417
17.651754 2.135417
17.636574 2.135132
17.701224 2.136347
17.749601 2.137255
17.845536 2.139058
17.867250 2.139466
17.608882 2.134611
17.724859 2.136791
17.678995 2.135929
18.218491 2.146066
18.230809 2.146297
18.174005 2.145230
17.905352 2.140182
17.881092 2.139726
16.714205 2.117801
16.729508 2.118089
16.727718 2.118055
16.810280 2.119606
16.782047 2.119076
16.782047 2.119076
16.782047 2.119076
16.696051 2.117460
16.698310 2.117503
16.784304 2.119118
16.787321 2.119175
16.808208 2.119568
16.779539 2.119029
16.833288 2.120039
16.648945 2.116575
16.619930 2.116030
16.633586 2.116287
16.648802 2.116572
15.618544 2.097215
15.618544 2.097215
15.664796 2.098084
15.630159 2.097433
15.630159 2.097433
15.633804 2.097501
15.599560 2.096858
15.979719 2.104001
16.194282 2.108032
16.342753 2.110822
16.370698 2.111347
16.425891 2.112384
16.432301 2.112505
17.237054 2.127625
16.128852 2.106803
16.128852 2.106803
15.444774 2.093950
15.431771 2.093705
15.432535 2.093720
15.859714 2.101746
15.869591 2.101932
15.849054 2.101546
15.602622 2.096916
15.675546 2.098286
15.611050 2.097074
15.160547 2.088609
15.193962 2.089237
15.193962 2.089237
14.980087 2.085219
14.989586 2.085397
15.073388 2.086972
15.105974 2.087584
15.111928 2.087696
15.455730 2.094156
15.527106 2.095497
15.483687 2.094681
15.508100 2.095140
15.667963 2.098143
15.701497 2.098773
15.685169 2.098467
15.685169 2.098467
15.722477 2.099168
15.780993 2.100267
16.009923 2.104568
16.103989 2.106336
16.200912 2.108157
16.208180 2.108294
16.181628 2.107795
16.207605 2.108283
16.165569 2.107493
16.256525 2.109202
16.377511 2.111475
16.493355 2.113652
16.956286 2.122350
16.956286 2.122350
16.956286 2.122350
17.295590 2.128725
17.251714 2.127901
17.290165 2.128623
17.297730 2.128765
17.297730 2.128765
17.158484 2.126149
17.158484 2.126149
17.209078 2.127100
17.211625 2.127147
17.193609 2.126809
17.222773 2.127357
17.414636 2.130962
16.959909 2.122418
16.959909 2.122418
16.755141 2.118570
16.763477 2.118727
16.746905 2.118416
16.709613 2.117715
16.795788 2.119334
16.797003 2.119357
17.592360 2.134301
17.813804 2.138462
17.781008 2.137846
17.803832 2.138274
17.801774 2.138236
17.800144 2.138205
17.768321 2.137607
17.765801 2.137560
17.752947 2.137318
17.936446 2.140766
17.865905 2.139441
18.085661 2.143570
18.181656 2.145373
18.109227 2.144013
18.363280 2.148786
18.345973 2.148461
18.362286 2.148767
18.362286 2.148767
18.333701 2.148230
18.283015 2.147278
18.291584 2.147439
18.339024 2.148330
18.379885 2.149098
18.379885 2.149098
18.379307 2.149087
18.077968 2.143425
17.993958 2.141847
18.036344 2.142643
17.848143 2.139107
17.848143 2.139107
17.797272 2.138151
17.781048 2.137846
17.781901 2.137862
17.808023 2.138353
17.808023 2.138353
17.825850 2.138688
17.673268 2.135821
17.685982 2.136060
17.685982 2.136060
17.759600 2.137443
17.687890 2.136096
17.721264 2.136723
17.689290 2.136122
17.405183 2.130784
17.406041 2.130800
17.526603 2.133066
17.429093 2.131233
17.448835 2.131604
17.448835 2.131604
17.199265 2.126915
17.778076 2.137790
18.008685 2.142123
18.040411 2.142720
17.932192 2.140686
17.916652 2.140394
17.918342 2.140426
17.755955 2.137375
17.621268 2.134844
17.625363 2.134921
17.638766 2.135173
17.716673 2.136637
17.711864 2.136546
17.607670 2.134589
17.788786 2.137992
17.808433 2.138361
17.808433 2.138361
17.808689 2.138366
17.808689 2.138366
17.756706 2.137389
17.690623 2.136147
17.093684 2.124931
17.032700 2.123786
17.349345 2.129735
17.349345 2.129735
17.381925 2.130347
17.381925 2.130347
17.445009 2.131532
17.449230 2.131612
17.440356 2.131445
17.440469 2.131447
17.621969 2.134857
17.729660 2.136881
