116.225035
110.859785
106.764208
105.124598
102.366621
94.252559
89.368822
85.458617
81.392099
80.435259
78.434805
75.978119
72.222527
68.817747
65.581295
59.784223
58.909831
58.311941
54.516916
50.508373
46.862916
44.714061
42.396244
39.137050
38.679404
38.335898
35.183900
35.647125
33.064775
33.082725
28.521738
27.211709
26.094876
25.923763
24.313880
18.074301
18.074301
17.655835
14.125397
14.878669
12.521682
12.521682
12.423732
15.234193
15.817782
15.817782
16.372127
16.372127
14.214683
10.140381
10.148721
8.221547
8.070075
8.070075
8.070075
7.321226
6.206434
4.243529
1.724449
2.072004
1.740314
-0.732231
0.496909
0.225797
0.769154
3.354746
3.660477
3.660477
3.660477
3.660477
6.751280
6.643748
6.269111
6.000121
5.404632
3.365407
1.515182
-0.530114
-1.622793
-2.160670
-1.974804
-2.787488
-3.839911
-4.392272
-4.392272
-4.392272
-4.430677
-4.430677
-4.776471
-6.237375
-6.237375
-6.316928
-6.544483
-7.979324
-7.488788
-7.488788
-7.488788
-7.488788
-7.917483
-8.812826
-8.518539
-8.225799
-7.877799
-7.877799
-9.401965
-9.401965
-9.479492
-9.304250
-9.271562
-9.550053
-9.550053
-9.270138
-9.270138
-9.447016
-9.118176
-9.082202
-8.341876
-8.348622
-8.605410
-8.577311
-8.577311
-8.577311
-8.666237
-8.975386
-8.694569
-8.700950
-8.444441
-9.028419
-8.581899
-8.479169
-8.984969
-8.986601
-9.123366
-8.758732
-8.758732
-8.758732
-10.363660
-6.857376
-8.369227
-8.369227
-10.480120
-10.439039
-11.136855
-10.676175
-10.701912
-14.595159
-14.595159
-15.726635
-15.726635
-15.714200
-17.733191
-19.394230
-20.399860
-22.048660
-20.109105
-20.109105
-20.022140
-20.647445
-20.595537
-20.595537
-20.605741
-20.477655
-20.477655
-20.387148
-22.627906
-22.981582
-24.459773
-24.459773
-23.589653
-23.589653
-24.843680
-25.151413
-25.701026
-25.701026
-25.613196
-25.613196
-25.613196
-25.851427
-27.001173
-27.387103
-27.884812
-26.929155
-29.886415
-29.886415
-29.886415
-30.947663
-30.856505
-30.856505
-30.856505
-30.375471
-29.904793
-29.904793
-29.904793
-29.904793
-29.904793
-30.692485
-30.728656
-30.195866
-30.844965
-30.561962
-30.543280
-30.298520
-31.161819
-31.118639
-31.983026
-33.668326
-32.002862
-32.002862
-32.086599
-32.086599
-31.908398
-30.804829
-31.797091
-31.176772
-31.176772
-31.806566
-30.000974
-30.000974
-30.000974
-30.713281
-31.685955
-32.779259
-34.904355
-35.002017
-35.002017
-34.988267
-37.940251
-37.940251
-42.874899
-42.874899
-43.194258
-43.088822
-43.088822
-43.448465
-41.137089
-41.946548
-41.717980
-42.468208
-45.515211
-46.658354
-46.741447
-46.777312
-46.832954
-47.031728
-47.031728
-49.117512
-50.291856
-50.291856
-50.291856
-50.254812
-49.780596
-49.895523
-51.195589
-51.149413
-50.711185
-50.711185
-50.711185
-50.711185
-51.176415
-51.176415
-52.359600
-52.483066
-50.679221
-51.414126
-51.413068
-52.701020
-52.666275
-53.706735
-53.482161
-54.228727
-54.105041
-53.270591
-53.270591
-52.147402
-52.147402
-52.147402
-52.151722
-50.609220
-50.636083
-50.520964
-50.825298
-50.938286
-54.018290
-54.690462
-54.796207
-54.638544
-55.767509
-57.633913
-57.404971
-57.417125
-57.417125
-57.836965
-57.964634
-57.839782
-57.600771
-57.600771
-57.600771
-58.197918
-58.197918
-58.932462
-58.250653
-58.228197
-58.228197
-58.228197
-58.438581
-60.520866
-60.520866
-59.105696
-59.037358
-60.148911
-60.093291
-60.064527
-60.803757
-60.284109
-61.743334
-65.771994
-65.768036
-65.575272
-65.540098
-65.540098
-65.540098
-65.540098
-65.275141
-65.275141
-67.415703
-67.415703
-67.402963
-67.452943
-67.411504
-67.295925
-67.295925
-67.099645
-67.189917
-66.861130
-66.891147
-66.891147
-67.701559
-69.484619
-71.355076
-71.370488
-71.370488
-70.133418
-67.128098
-67.946758
-67.993279
-67.465954
-67.340780
-67.076760
-66.968418
-67.328674
-68.428478
-68.732164
-69.335873
-69.335873
-69.526031
-69.670501
-69.156532
-69.156532
-69.274795
-69.274795
-69.313825
-69.313825
-69.313825
-69.369516
-69.369516
-68.957406
-68.957406
-68.957406
-69.414946
-70.673767
-70.673767
-72.660231
-72.125465
-71.250174
-71.349448
-71.858179
-72.329195
-72.329195
-72.398555
-72.398555
-72.336634
-72.448323
-72.820903
-72.100507
-72.419133
-72.419133
-72.678446
-72.392709
-82.794823
-82.320754
-82.203504
-82.818366
-83.813029
-84.247578
-84.684653
-85.291516
-85.291516
-85.910279
-85.889253
-85.636427
-85.487317
-85.511015
-85.511015
-85.662952
-85.662952
-86.218502
-85.922108
-85.774930
-87.752194
-87.666517
-87.666517
-87.666517
-86.272959
-86.320612
-86.320612
-86.320612
-86.289620
-86.706642
-87.030215
-87.115479
-87.327508
-87.717772
-87.717772
-87.934213
-88.086599
-88.086599
-88.143264
-88.517936
-88.241163
-88.169149
-88.105433
-88.534935
-88.534935
-88.534935
-88.692493
-88.624077
-88.624077
-88.624077
-88.119043
-88.119043
-88.249180
-88.269495
-88.269495
-88.847918
-88.847918
-88.450875
-88.122446
-88.227999
-88.435987
-89.574299
-89.808859
-89.319157
-89.239091
-91.792919
-91.792919
-91.792944
-92.174451
-92.131003
-93.791436
-94.114482
-93.571893
-107.157577
-106.313197
-106.313197
-106.435434
-106.447360
-106.317212
-114.780667
-114.780667
-114.661501
-114.945287
-114.885680
-115.070125
-115.070125
-115.161944
-116.081952
-122.012728
-123.167837
-123.462281
-123.462281
-123.462281
-121.167747
-124.161230
-124.105191
-123.968234
-123.791817
-124.409384
-124.772379
-124.726112
-124.726112
-124.717964
-124.955733
-124.955733
-124.955733
-124.867333
-124.867333
-125.135229
-125.135229
-125.611175
-130.472639
-129.730062
-130.382917
-129.861114
-131.820448
-131.769175
-131.769175
-133.610875
-133.292389
-133.324521
-133.610895
-132.352585
-132.137771
-132.137771
-131.941225
-131.886478
-131.904390
-131.536946
-131.536946
-131.641618
-132.123512
-132.767575
-132.221030
-132.415225
-131.388863
-131.388863
-131.388863
-131.180696
-131.058061
-132.154430
-132.154430
-132.529536
-132.523925
-133.561789
-133.561789
-133.561789
-133.561789
-133.561789
-134.373440
-134.222498
-133.966241
-133.966241
-133.966241
-133.966241
-134.502582
-134.502582
-134.924918
-136.286857
-136.075558
-135.630071
-135.630071
-136.990931
-136.145631
-136.499093
-136.587888
-136.298979
-136.298979
-136.482793
-136.449577
-142.138569
-142.138569
-142.179839
-142.179839
-142.272999
-142.272999
-142.143182
-143.706168
-143.706168
-143.631145
-143.303368
-143.201967
-143.162026
-144.127964
-144.127964
-144.229209
-145.422148
-145.422148
-146.075851
-146.660404
-146.660404
-147.623586
-147.634993
-147.374589
-147.417035
-147.433695
-147.088031
-147.299798
-147.299798
-147.191567
-147.150486
-147.119254
-147.119254
-147.079833
-147.077243
-146.710660
-147.363440
-148.036988
-148.036988
-148.036988
-147.837274
-147.908643
-147.908643
-147.779052
-147.779052
-147.827252
-147.331398
-150.383878
-150.390686
-149.857898
-149.030062
-149.755796
-150.308105
-150.253093
-150.145933
-149.847398
-149.847398
-149.128264
-149.199045
-149.127377
-149.181709
-149.685204
-149.685204
-149.884687
-149.965577
-149.965577
-151.327734
-151.553861
-151.415672
-151.324121
-151.421133
-151.584625
-152.434053
-152.603512
-152.318742
-152.318742
-152.386604
-152.541280
-152.326682
-152.326682
-152.979101
-153.163916
-153.163916
-153.404335
-153.692895
-152.440161
-154.703229
-154.703229
-154.307684
-154.307684
-154.769231
-154.577562
-152.102013
-151.701177
-151.701177
-153.019974
-154.141459
-154.540914
-155.290919
-155.290919
-156.253107
-156.770781
-156.407694
-156.422723
-156.506243
-158.695988
-158.782851
-167.621790
-167.081474
-167.081474
-167.081474
-167.081474
-170.225833
-170.225833
-170.225833
-172.054178
-173.025422
-173.025422
-172.880712
-172.880712
-173.070219
-174.655710
-174.719177
-174.719177
-174.719177
-174.612379
-174.612379
-174.612379
-174.466747
-174.498616
-174.715598
-176.166031
-176.166031
-176.116369
-181.732695
-181.480454
-181.480454
-182.236581
-181.440901
-181.908806
-181.941986
-182.320948
-181.885256
-181.876678
-181.876678
-181.844927
-181.844927
-183.788876
-184.307412
-186.553214
-187.202745
-187.474928
-188.125660
-187.850646
-188.762034
-190.226637
-190.138084
-190.138084
-188.771822
-189.378599
-188.841699
-189.615961
-190.645014
-190.951969
-190.951969
-190.876615
-190.876615
-190.876615
-194.325497
-194.936288
-195.368815
-195.222418
-195.222418
-195.357606
-195.252557
-195.209792
-194.959075
-195.184805
-195.184805
-195.779391
-195.779391
-197.114549
-196.259785
-196.558770
-196.558770
-196.558770
-196.527806
-196.945653
-196.945653
-196.758644
-196.982033
-196.982033
-196.973326
-197.368670
-198.318120
-198.297331
-198.352883
-198.352883
-200.996950
-200.996950
-199.682339
-199.290660
-199.414164
-199.643146
-199.553750
-199.603944
-199.603944
-199.804254
-199.721686
-203.127111
-202.951390
-202.941489
-202.905068
-202.947813
-202.948518
-202.948518
-203.311643
-203.182686
-202.936057
-202.936057
-203.097487
-203.256528
-203.256528
-203.227968
-204.386193
-204.472958
-206.908748
-207.586088
-207.191291
-207.142534
-207.198018
-207.198018
-206.896935
-209.589755
-209.136205
-209.307380
-209.225712
-209.225712
-207.706160
-207.706160
-208.148848
-208.093719
-208.149313
-208.953516
-208.575067
-209.370215
-209.459641
-210.020163
-209.898826
-211.206925
-211.401237
-210.663845
-210.349574
-212.130332
-213.397033
-214.501675
-214.567181
-219.171661
-220.808104
-221.181540
-221.313540
-221.313540
-221.306048
-221.325950
-222.861950
-222.861950
-222.861950
-222.882004
-222.918622
-222.846144
-222.846144
-222.961412
-222.685448
-223.274122
-223.100562
-222.772803
-223.208473
-223.208473
-223.336091
-223.336091
-224.146988
-224.146988
-224.186859
-223.265564
-220.953064
-221.631273
-221.631273
-221.893731
-221.906618
-221.932002
-223.902735
-225.341179
-225.341179
-224.338990
-224.341748
-223.576801
-223.907039
-227.620605
-226.913550
-227.588412
-227.633858
-237.271069
-237.376829
-237.378325
-237.068496
-237.077340
-237.077340
-237.077340
-237.330892
-237.216664
-239.569143
-239.569143
-239.569143
-239.619153
-239.814384
-239.959122
-240.243603
-240.213494
-242.586717
-242.165915
-242.256855
-242.256855
-245.687963
-245.687963
-245.629395
-245.629395
-245.350385
-245.263672
-245.263672
-245.095416
-246.110432
-246.110432
-245.717696
-245.717696
-245.708706
-245.546219
-245.239517
-245.193577
-245.029924
-244.926554
-245.761240
-245.761240
-245.950314
-245.863503
-247.573224
-247.751783
-247.751783
-247.668739
-247.816308
-247.027448
-246.978315
-247.212528
-247.231873
-247.231873
-247.343012
-247.291454
-247.826903
-247.858181
-247.936307
-247.936307
-247.980373
-247.890187
-249.758275
-249.758275
-250.175295
-250.207089
-250.283464
-250.283464
-250.283464
-250.283464
-250.283464
-250.579096
-250.271162
-250.418997
-250.474416
-250.410112
-250.654111
-250.654111
-251.261770
-250.962768
-251.205913
-250.845154
-250.624326
-250.966913
-250.966913
-251.180450
-252.228165
-252.228165
-252.228165
-252.072167
-252.230342
-252.230342
-253.242950
-253.121946
-253.121946
-253.371417
-252.926387
-252.903343
-253.340095
-253.150710
-252.420943
-252.420943
-252.420943
-252.563681
-252.377511
-252.377511
-252.377511
-252.328715
-252.742172
-254.168952
-253.794627
-253.855959
-254.658364
-254.744108
-254.744108
-255.629780
-266.036380
-266.081599
-266.232249
-266.232249
-266.157299
-266.180951
-266.085039
-265.938007
-265.747112
-265.429762
-266.137998
-266.137998
-266.137998
-266.219669
-265.665011
-265.861453
-265.861453
-265.755874
-264.913959
-264.913959
-263.894694
-263.894694
-263.894694
-263.904200
-263.717699
-263.731623
-264.613204
-264.613204
-264.575033
-264.010235
-264.010235
-264.260981
-264.161031
-264.116473
-264.116473
-264.134096
-268.206134
-268.892727
-268.892727
-268.899527
-268.079113
-268.699421
-268.633150
-268.646453
-268.769693
-268.737511
-268.541366
-268.977942
-268.977942
-268.912365
-268.912365
-269.407793
-269.423897
-269.423897
-269.559859
-269.092111
-268.768457
-269.130399
-270.336143
-270.659204
-270.659204
-270.790397
-273.620435
-273.620435
-273.623936
-273.147352
-273.518222
-274.159614
-274.155992
-274.155992
-274.057196
-274.536559
-274.573274
-273.870264
-273.789363
-274.609615
-274.237884
-274.503046
-274.503046
-276.876892
-277.046459
-276.968339
-276.834337
-276.201569
-276.201105
-276.201105
-276.204435
-276.147875
-276.090556
-276.262593
-278.172238
-278.198848
-278.198848
-278.198848
-278.237745
-277.152135
-278.473380
-278.473380
-277.981007
-276.726765
-276.678566
-277.450224
-277.428868
-277.705083
-277.705083
-277.755035
-277.755035
-277.765972
-277.526342
-277.721556
-277.491130
-277.491130
-277.937617
-277.937617
-277.978077
-277.816297
-277.821846
-277.877730
-278.115166
-276.959613
-277.943792
-277.943792
-277.608712
-343.320925
-343.029691
-342.630884
-342.731691
-342.673843
-342.644912
-342.644912
-347.192182
-347.192182
-347.192182
-346.999738
-347.210662
-347.218292
-347.218292
-346.920190
-347.713772
-347.768511
-347.815130
-348.290569
-347.466768
-353.592914
-353.591052
-355.451952
-358.931631
-358.858779
-358.913720
-358.913720
-358.875312
-359.842947
-359.601807
-359.228811
-359.108407
-359.108407
-359.202301
-358.863172
-358.863172
-358.824999
-359.324619
-359.185898
-359.316662
-360.107185
-360.107185
-360.031554
-360.174893
-360.221875
-362.222400
-362.552372
-362.519098
-362.519098
-362.495790
-363.334698
-363.204942
-362.593423
-362.593423
-364.784113
-364.784113
-364.784113
-364.963400
-364.963400
-364.963400
-364.963400
-364.455361
-364.811644
-364.435943
-364.435943
-364.538378
-364.518519
-364.479011
-368.845024
-368.845024
-368.845024
-368.176638
-367.617767
-368.949290
-369.138174
-369.363011
-370.823333
-372.803287
-372.636354
-372.039848
-372.113368
-372.113368
-372.021541
-372.112937
-372.555077
-372.780062
-371.887351
-371.733904
-371.863125
-371.762877
-372.046526
-372.463756
-372.523068
-372.503201
-372.841007
-372.856772
-372.856772
-373.781253
-373.872183
-374.064738
-374.069477
-374.069477
-374.316550
-375.416116
-375.706034
-375.706034
-375.748960
-377.240251
-377.240251
-377.246950
-377.301521
-378.124953
-379.891358
-380.732965
-381.169965
-382.439124
-382.473329
-382.615831
-382.683692
-382.683692
-383.093933
-382.626106
-383.038588
-383.011575
-383.011575
-383.011575
-382.212050
-383.082238
-383.121934
-383.027055
-383.756102
-383.731665
-384.275879
-384.275879
-384.275879
-384.086961
-384.095289
-383.083538
-384.164681
-384.416146
-384.327240
-387.132475
-387.624491
-387.624491
-387.624491
-387.673309
-387.673309
-389.711486
-389.711486
-389.711486
-390.184075
-390.105939
-390.157439
-389.461220
-389.414799
-389.568587
-389.562526
-389.635310
-389.635310
-388.784681
-388.784681
-389.509782
-389.695347
-389.433791
-389.464115
-389.316638
-389.316638
-389.622161
-389.495879
-389.405154
-389.101495
-389.101495
-389.110939
-389.193424
-389.193424
-389.193424
-389.580782
-388.977747
-388.923751
-390.695041
-390.677363
-390.288293
-390.125942
-390.202863
-390.533643
-390.689336
-390.818183
-390.818183
-390.753751
-399.297523
-398.456669
-398.380517
-398.380517
-399.184167
-399.257735
-399.257735
-399.505802
-399.505802
-399.505802
-399.538647
-399.610437
-399.686807
-401.249666
-400.228416
-400.566958
-400.566958
-400.292408
-400.330540
-400.501041
-401.120983
-402.262615
-402.730754
-402.730754
-404.382578
-404.377833
-404.174103
-403.303935
-403.358592
-403.223309
-403.965182
-403.797576
-403.797576
-405.765847
-406.158389
-406.182541
-405.968602
-406.147983
-406.098226
-406.348633
-406.348633
-406.600173
-406.600173
-406.496995
-408.081332
-407.881137
-408.173783
-408.567240
-408.567240
-408.694790
-408.694790
-409.696405
-409.784658
-409.663554
-409.853019
-409.879069
-409.844588
-410.975534
-411.009725
-411.009725
-412.608111
-412.587555
-412.549427
-412.549427
-413.107728
-413.107728
-413.129666
-412.889616
-412.953837
-412.664296
-412.664296
-412.650645
-411.801545
-411.754837
-412.680886
-412.523830
-412.523830
-412.801214
-412.817639
-412.779402
-412.779402
-412.627212
-412.821101
-413.804447
-413.804447
-412.636122
-412.989853
-412.224024
-412.868237
-412.976360
-412.976360
-413.838875
-413.697566
-413.697566
-414.521371
-414.107493
-414.107493
-414.154002
-414.054270
-414.039523
-414.042009
-414.126355
-414.042579
-413.783563
-413.783563
-413.446986
-413.965747
-416.162759
-416.162759
-416.236484
-416.207727
-416.594321
-416.594321
-416.165148
-416.189734
-414.664345
-415.024507
-415.063620
-415.202412
-414.133798
-414.039968
-414.039968
-415.327652
-415.327652
-415.493014
-415.640393
-415.887533
-415.887533
-415.744544
-415.744544
-415.666584
-415.429802
-416.967838
-416.872193
-419.349682
-419.766788
-419.766788
-419.766788
-419.616344
-420.736885
-420.827104
-420.827104
-420.935276
-421.723241
-421.959194
-422.250393
-422.250393
-422.267978
-422.284482
-422.025393
-422.355994
-422.355994
-422.355994
-422.355994
-422.355994
-424.139512
-424.131233
-424.153418
-424.153418
-423.917894
-423.937836
-423.797682
-424.159352
-424.159352
-424.126693
-424.126693
-424.080893
-424.822740
-424.566485
-424.759862
-424.822162
-424.822162
-424.822162
-424.822162
-424.822162
-425.321742
-425.435675
-425.365400
-426.145763
-426.145763
-425.982909
-425.782827
-425.782827
-425.662116
-425.666880
-426.348185
-426.348217
-425.882526
-425.882526
-425.833256
-425.659783
-425.659783
-425.318515
-425.279863
-422.840952
-422.952337
-423.087244
-423.087244
-423.087244
-424.821248
-426.916383
-427.352883
-427.398707
-427.447508
-427.577204
-427.714282
-427.714282
-427.901667
-428.252088
-427.866498
-427.866498
-427.687167
-427.737441
-426.922705
-427.234723
-429.076832
-429.076832
-429.076832
-428.877625
-427.606410
-427.653690
-427.653690
-427.475259
-427.475259
-427.058709
-426.962873
-427.092397
-427.033087
-426.854427
-426.854427
-426.408648
-426.692562
-426.692562
-426.601521
-431.297071
-431.077149
-431.077149
-430.902640
-430.902640
-430.929339
-431.898333
-431.418857
-431.418857
-431.697941
-431.647652
-431.421944
-431.594955
-431.709551
-431.709551
-431.487234
-430.557535
-430.337823
-430.385858
-430.650891
-430.171406
-430.171406
-429.793756
-431.390853
-431.453395
-431.705291
-430.734727
-430.714551
-430.740767
-430.473750
-430.473750
-430.369205
-430.944446
-430.745064
-430.986383
-430.878522
-430.878522
-430.824027
-431.306279
-431.172146
-431.261446
-431.298237
-430.523739
-430.259118
-431.148971
-431.346479
-431.346479
-431.346479
-430.934282
-430.970939
-431.047761
-431.047761
-431.353924
-431.353924
-431.353924
-431.353924
-430.199289
-430.199289
-430.302629
-430.223119
-430.224041
-430.061557
-429.982339
-430.675920
-430.448112
-430.364787
-430.364787
-430.364787
-431.648142
-431.811455
-431.637847
-432.574299
-434.937668
-434.937668
-434.880066
-434.880066
-435.150498
-435.248855
-435.313491
-435.133640
-435.139774
-435.139774
-435.883548
-435.826176
-436.113660
-436.113660
-435.953238
-435.953238
-435.953238
-435.898425
-435.845113
-435.509551
-435.722212
-435.762081
-435.781967
-435.761332
-435.761332
-437.805040
-437.553911
-437.557176
-437.524608
-437.265819
-437.265819
-437.187784
-437.283930
-437.477742
-437.470366
-437.381089
-438.203777
-439.076221
-439.076221
-439.026910
-441.335385
-441.358287
-441.148804
-440.884645
-440.884645
-440.884645
-441.106349
-441.621770
-441.481642
-441.659482
-457.926428
-457.926428
-457.886193
-458.876324
-458.876324
-459.081985
-459.081985
-459.245978
-460.134094
-460.010443
-460.100764
-459.135038
-459.363947
-459.496589
-459.361191
-459.139955
-462.801302
-462.801302
-463.071397
-463.347435
-463.347435
-463.598051
-463.598051
-463.049172
-463.480121
-463.438627
-463.438627
-463.348377
-463.474114
-464.190259
-464.192096
-464.192096
-464.910165
-464.925739
-464.947338
-464.868888
-464.642144
-464.981638
-464.981638
-464.905710
-464.624983
-464.556366
-465.595812
-465.689232
-465.689232
-466.003283
-466.042259
-466.013962
-466.135709
-466.135709
-466.135709
-466.135709
-465.601223
-465.005615
-464.903313
-465.290423
-464.649284
-464.296551
-464.469884
-464.036262
-463.926338
-463.878579
-463.998037
-464.648616
-464.334841
-464.444331
-464.310535
-464.205117
-463.989850
-463.989850
-463.519291
-463.519291
-463.412884
-463.434722
-463.419600
-463.419600
-463.419600
-463.451148
-463.634163
-463.804247
-463.507502
-463.706369
-463.635808
-463.922125
-463.859788
-463.859788
-463.659194
-463.686074
-463.884171
-463.768831
-463.757908
-463.708799
-463.708799
-463.282990
-463.308152
-463.244781
-463.531307
-464.099131
-463.840347
-463.658811
-463.658811
-464.264129
-464.292909
-464.291570
-464.291570
-464.232151
-464.232151
-464.143682
-463.884134
-465.131568
-465.141214
-465.141214
-465.780706
-465.516786
-465.516786
-464.905671
-464.918756
-465.645534
-465.645534
-465.716434
-465.700631
-465.971300
-465.971300
-465.260338
-465.360180
-464.967519
-465.132117
-465.132117
-463.724429
-463.564133
-463.650141
-463.896533
-463.960821
-463.960821
-507.973981
-507.973981
-507.973096
-507.973096
-507.968593
-508.098274
-508.098274
-512.213430
-511.756528
-511.756528
-512.700420
-512.803986
-512.527029
-512.634993
-512.599544
-512.450392
-512.555815
-510.342948
-510.270232
-510.270232
-510.270232
-510.527152
-510.751748
-511.136402
-511.136402
-512.744830
-513.516925
-511.807827
-511.868021
-512.012895
-512.012895
-511.949262
-512.297308
-512.303989
-512.607503
-512.607503
-512.490194
-512.490194
-512.672122
-512.672122
-513.349226
-513.698269
-513.501868
-513.679667
-513.949265
-513.988508
-513.730310
-513.730310
-513.529257
-513.494298
-513.518256
-513.591528
-513.606912
-513.284056
-513.058847
-513.093119
-513.245280
-513.245280
-513.013834
-513.155928
-513.706096
-513.706096
-513.661890
-513.767153
-513.850972
-512.995102
-512.995102
-512.844497
-512.773163
-512.779750
-512.965269
-512.965269
-512.965269
-512.922659
-512.964955
-513.098487
-511.981527
-511.779664
-511.918111
-511.938683
-512.003969
-511.868069
-511.868069
-512.814460
-512.720662
-513.251920
-512.404893
-512.859658
-513.062730
-512.884136
-513.347285
-513.954372
-513.739520
-513.687294
-513.687294
-515.034670
-515.359364
-515.160472
-522.305852
-522.061465
-522.061465
-521.934572
-521.869386
-521.675537
-521.457276
-521.945981
-522.016118
-523.067922
-523.060875
-523.103998
-522.588697
-521.740744
-521.797799
-521.661171
-521.243743
-520.886221
-520.786209
-520.896382
-520.892584
-521.116911
-521.290775
-521.327799
-521.139322
-522.394481
-522.306235
-522.306235
-522.306235
-522.306235
-524.096000
-523.781099
-523.728813
-524.709431
-524.928166
-524.964500
-524.726345
-524.951829
-524.955674
-525.890882
-526.001929
-526.217613
-529.170633
-529.489944
-529.472022
-529.701030
-529.701030
-529.701030
-529.733592
-529.419668
-529.419668
-529.391486
-529.269741
-529.616911
-529.838274
-530.778265
-530.679522
-530.949136
-531.797849
-531.981771
-531.981771
-532.029409
-531.768325
-531.621724
-531.637683
-531.491985
-532.271938
-531.956851
-532.072307
-532.072307
-532.072307
-532.250117
-532.070929
-532.543794
-532.506483
-532.100450
-531.634649
-535.421270
-533.223832
-533.133338
-532.865364
-532.827075
-532.756513
-533.054077
-534.210741
-533.967038
-534.137595
-534.473373
-534.307204
-534.595971
-534.520852
-535.740260
-536.304066
-536.724853
-536.139044
-536.155570
-535.918213
-536.023688
-537.717318
-537.568220
-537.568220
-538.502116
-538.415233
-538.415233
-538.806414
-538.739315
-538.739315
-538.688266
-538.688266
-538.847806
-538.881086
-538.755003
-538.755003
-538.614202
-538.572837
-538.320935
-538.320935
-539.038840
-539.924449
-539.817365
-539.817365
-539.799060
-540.487680
-540.637379
-540.814670
-540.648433
-543.227703
-542.933429
-543.218500
-543.476949
-543.408917
-542.433619
-542.361624
-542.281108
-542.281108
-542.246139
-541.867250
-541.867250
-542.092611
-542.027416
-542.153414
-542.230502
-542.467446
-542.684339
-543.027857
-542.614420
-542.614420
-542.614420
-542.359145
-542.359145
-542.638308
-542.638308
-542.796470
-552.825442
-553.029044
-553.216088
-553.316308
-553.316308
-553.530570
-552.379717
-553.266525
-553.330967
-553.330552
-553.641004
-552.761511
-553.247144
-553.191243
-553.191243
-553.191243
-553.141102
-552.246795
-552.246795
-552.246795
-551.974673
-552.495027
-552.705845
-552.629056
-552.651272
-552.449904
-552.832238
-552.832238
-552.802788
-552.855544
-553.047425
-553.047425
-553.110096
-553.166522
-552.707738
-552.810323
-552.999375
-552.838588
-552.838588
-552.838588
-552.722244
-552.849070
-552.849070
-552.916446
-552.987461
-553.076203
-553.076203
-574.562778
-605.709315
-605.709315
-605.933039
-605.933039
-605.933039
-606.266106
-606.108601
-605.631287
-605.687768
-605.695359
-607.350090
-607.540563
-607.390059
-607.593580
-608.215558
-608.073842
-608.073842
-608.294771
-608.171778
-608.127914
-608.398520
-608.353130
-608.398274
-608.404105
-608.349808
-608.287219
-608.322186
-608.109386
-611.050854
-610.759459
-611.187333
-611.394456
-613.173178
-612.998529
-612.998529
-612.741476
-613.176213
-613.090888
-613.100727
-613.262488
-613.452799
-613.572189
-613.572189
-613.572189
-613.409533
-613.369213
-613.297557
-613.429004
-613.429004
-614.693239
-618.073784
-617.906017
-617.906017
-617.925021
-618.048933
-618.109516
-618.271336
-618.075609
-617.918418
-617.918418
-618.102804
-618.271861
-618.271861
-621.030532
-621.092698
-621.284234
-621.284234
-621.496245
-621.547837
-621.265542
-621.265542
-621.337092
-621.824902
-621.334263
-621.341003
-620.824944
-620.688866
-623.908042
-623.908042
-623.881618
-624.258327
-624.275445
-624.329813
-624.147077
-622.418524
-626.520730
-626.310822
-626.362186
-626.362186
-626.096974
-627.379228
-627.379228
-627.379228
-627.379228
-627.567739
-627.369310
-625.604777
-625.751055
-625.303365
-625.520145
-625.313647
-624.923535
-652.027556
-651.896694
-651.770613
-651.913799
-651.913799
-651.913799
-652.033134
-651.951726
-651.951726
-652.087818
-652.037063
-652.037063
-651.964663
-651.964663
-651.964663
-650.999988
-651.417845
-651.417845
-651.853724
-651.929069
-651.929069
-652.228328
-652.538138
-652.019576
-651.550676
-650.963951
-651.306616
-651.348933
-651.863999
-650.431911
-650.431911
-650.625810
-650.845327
-650.845327
-651.117050
-651.208340
-651.251991
-651.198060
-651.009029
-651.616357
-651.594475
-651.972046
-651.972046
-651.460645
-651.371552
-651.324883
-651.324883
-651.270526
-651.087554
-650.965068
-651.128926
-651.128926
-651.202399
-651.885248
-652.131869
-652.244070
-652.106130
-652.212477
-652.005665
-652.535638
-652.682404
-652.682404
-652.682404
-652.133040
-652.174255
-651.732897
-651.635225
-651.467577
-651.295065
-650.950822
-651.150672
-651.062976
-651.062976
-652.470708
-652.470708
-652.302431
-651.890829
-651.994802
-651.948908
-652.106405
-652.362922
-652.446121
-653.315374
-653.315374
-653.315374
-653.463023
-670.131204
-670.215462
-670.215462
-669.984902
-670.297808
-670.297808
-670.430740
-669.311203
-669.306549
-669.306549
-669.314816
-669.233409
-669.492204
-669.326098
-669.443436
-669.677201
-669.808528
-670.048715
-670.260587
-673.130173
-673.392870
-676.966126
-676.752677
-676.752677
-676.752677
-676.721394
-676.721394
-676.840620
-676.866620
-676.695721
-676.342725
-675.941208
-675.876076
-675.876076
-675.139977
-674.974789
-676.713056
-676.922651
-677.041081
-677.021367
-676.796547
-677.155637
-677.159210
-677.159210
-677.159210
-677.159210
-677.411670
-677.434630
-677.434630
-677.434630
-677.434630
-677.640477
-677.553648
-677.665816
-677.665816
-677.898519
-687.624358
-687.624358
-687.624358
-687.514430
-687.495152
-687.495152
-687.409621
-687.409621
-687.751021
-688.604846
-689.505072
-689.704307
-689.704307
-689.603770
-689.603770
-689.041425
-688.595582
-688.431268
-688.546900
-688.546900
-688.292279
-688.971744
-688.836427
-690.751354
-690.643447
-690.435258
-690.143761
-690.342827
-690.290615
-690.290615
-690.293437
-690.310549
-689.548378
-689.548378
-689.707558
-689.409050
-689.249927
-688.857627
-688.857627
-688.857627
-689.353810
-689.300883
-689.300883
-689.282424
-689.503934
-689.503934
-689.172856
-689.172856
-689.212682
-689.986457
-691.237820
-690.960738
-690.593946
-690.914829
-690.807187
-690.807187
-690.807187
-690.807187
-690.807187
-691.009808
-691.009808
-691.052007
-691.201070
-692.428190
-692.210603
-692.169879
-692.024280
-692.335162
-691.383486
-691.299735
-690.676073
-690.676073
-690.676073
-690.411662
-690.774581
-691.207925
-691.163993
-692.094127
-692.094127
-691.908849
-692.223195
-691.891214
-692.219444
-692.219444
-692.100918
-692.452733
-692.390053
-692.616739
-692.536538
-692.921491
-692.624735
-692.856257
-692.856257
-693.021513
-693.021513
-692.591629
-692.426365
-692.174650
-692.126802
-692.034353
-691.730563
-691.610582
-691.965487
-691.290140
-691.261606
-691.606856
-691.659921
-691.659921
-691.660019
-691.545347
-691.562148
-691.732152
-691.732152
-691.762972
-692.512013
-692.776849
-690.280105
-690.126994
-690.178612
-688.923552
-688.775568
-691.474937
-691.715397
-691.582788
-690.413697
-690.413697
-690.413697
-690.456906
-690.336541
-690.842123
-690.842123
-691.818075
-691.821031
-691.829103
-691.772922
-691.474496
-691.560159
-691.560159
-691.455217
-691.300494
-691.340797
-691.488461
-691.813723
-693.372374
-693.523923
-693.523923
-694.470386
-694.419272
-695.136373
-695.314535
-694.986421
-695.150982
-705.282626
-705.678450
-705.733982
-705.647843
-705.395170
-705.395170
-705.582226
-705.729656
-705.744451
-705.867399
-705.867399
-706.129866
-706.162076
-706.285365
-706.841428
-707.505964
-707.546861
-707.296263
-707.296263
-707.296263
-706.563083
-706.839440
-706.995379
-706.995379
-706.985835
-706.575895
-706.575895
-705.905521
-706.193989
-705.560765
-705.582410
-705.571390
-706.640042
-706.495982
-706.259769
-706.164557
-706.567024
-706.567024
-706.567024
-706.795115
-706.677157
-706.615447
-706.414816
-704.902188
-704.902188
-704.902188
-704.902188
-704.902188
-705.377994
-705.378822
-705.378822
-705.378822
-705.603933
-705.650601
-706.046881
-705.849370
-705.750353
-706.135943
-706.506691
-706.667859
-706.658335
-706.465604
-706.939262
-706.939262
-706.946366
-707.510400
-707.579571
-707.653489
-707.874155
-707.386518
-707.386518
-707.386518
-707.512259
-707.553978
-706.747024
-706.535144
-706.584673
-706.584673
-706.827007
-706.738770
-706.408033
-706.026592
-705.963996
-705.963996
-706.407755
-706.163408
-705.919797
-705.607371
-706.169958
-712.052480
-712.065871
-712.004070
-711.709399
-711.942029
-711.994851
-714.298810
-714.436263
-714.543341
-714.704505
-714.910543
-715.029867
-716.374609
-716.374609
-716.301712
-716.313758
-716.071132
-715.014860
-715.014860
-714.987434
-714.897401
-714.960857
-714.708484
-714.847476
-714.576768
-714.576768
-714.576768
-714.655974
-713.950138
-713.870092
-713.672984
-713.672984
-713.672984
-713.540169
-713.540169
-713.498237
-713.533209
-713.673089
-713.750968
-713.743772
-713.722743
-713.722743
-713.803247
-713.760595
-713.760595
-713.720526
-713.720526
-713.755916
-713.755916
-713.622450
-713.728563
-713.641323
-713.538604
-713.457018
-713.554617
-712.765769
-712.689200
-712.768040
-713.611270
-713.189386
-712.922404
-713.086681
-713.086681
-713.028917
-713.129567
-713.129567
-712.910695
-712.782425
-712.728614
-712.728614
-712.768336
-712.563432
-712.692571
-712.692571
-712.690147
-712.288163
-712.288163
-712.288163
-712.366459
-712.346571
-712.713257
-712.672430
-712.172845
-712.148502
-712.148502
-712.505799
-712.528112
-712.528112
-712.411938
-712.466175
-712.699394
-712.699394
-713.150117
-713.174238
-713.267020
-713.320350
-714.014642
-714.034982
-714.074280
-713.854392
-713.888992
-714.565893
-715.168573
-715.304785
-714.941118
-716.249035
-716.212857
-716.185702
-716.185702
-716.282121
-716.256415
-716.787858
-717.084901
-717.284797
-717.325423
-717.267315
-717.267315
-717.267315
-717.459242
-717.530867
-717.688861
-717.916013
-717.800359
-717.537228
-717.537228
-717.354258
-718.605027
-718.959968
-718.959968
-718.882304
-718.882304
-718.862180
-718.975441
-842.196313
-841.881729
-841.964569
-841.803797
-842.071998
-841.939136
-842.511418
-843.167774
-844.804867
-852.090320
-852.581572
-853.041470
-853.223970
-852.741527
-852.760452
-855.913870
-855.257145
-855.564136
-855.152540
-855.160319
-854.951873
-854.945424
-854.952909
-855.332300
-854.136915
-854.305308
-854.587634
-853.492863
-853.560464
-853.627729
-853.627729
-854.137291
-853.879230
-853.310753
-853.673021
-853.771643
-854.373036
-854.643070
-854.799717
-854.552475
-854.560206
-854.560206
-854.297740
-854.357358
-854.080075
-853.961450
-854.120038
-853.590935
-853.824062
-853.972116
-853.972116
-853.291496
-853.291496
-853.291496
-853.201313
-858.387900
-858.628273
-858.628273
-858.628273
-858.171540
-858.171540
-858.185522
-858.059544
-858.101262
-858.101262
-860.901714
-861.217214
-861.751712
-861.449284
-861.449284
-1410.105559
-1410.226646
-1410.269749
-1409.249287
-1409.375342
-1409.226694
-1409.030000
-1409.596231
-1409.881444
-1409.890726
-1409.982230
-1409.094902
-1409.350789
-1409.350789
-1409.327604
-1409.223102
-1408.986139
-1409.564110
-1409.552942
-1409.177187
-1408.643290
-1408.643290
-1409.474070
-1409.226096
-1409.226096
-1409.226096
-1409.957818
-1409.995673
-1410.348359
-1412.648837
-1412.773654
-1412.773654
-1416.318893
-1416.435894
-1417.676711
-1417.676711
-1417.676711
-1417.909328
-1418.174642
-1418.174642
-1418.068721
-1419.151881
-1419.177918
-1418.795401
-1418.806947
-1547.378827
-1547.268762
-1547.268762
-1546.981223
-1546.940695
-1546.711476
-1546.278803
-1546.349279
-1546.349279
-1546.235579
-1545.925130
-1545.324290
-1545.262561
-1545.262561
-1545.804828
-1545.361938
-1545.361938
-1545.252332
-1545.493257
-1546.692284
-1546.705774
-1546.705774
-1546.933571
-1546.622375
-1546.471840
-1546.533072
-1546.533072
-1546.115628
-1545.965748
-1545.872081
-1545.872081
-1545.607086
-1545.616409
-1595.879501
-1598.778241
-1599.501096
-1599.501096
-1599.376566
-1599.376566
-1599.376566
-1599.376566
-1599.275365
-1599.275365
-1599.374592
-1600.774907
-1600.518432
-1600.518432
-1601.952614
-1602.139501
-1602.219713
-1601.805305
-1601.379873
-1601.686991
-1602.881532
-1602.881532
-1602.914261
-1602.758933
-1628.348172
-1627.660018
-1630.005575
-1630.381419
-1629.365682
-1629.157553
-1631.268595
-1631.471211
-1632.812202
-1633.188352
-1632.482154
-1632.393871
-1632.287874
-1632.287874
-1632.553479
-1632.209727
-1632.025297
-1632.729486
-1633.179158
-1633.225027
-1633.165472
-1633.542713
-1633.542713
-1633.363908
-1635.622593
-1635.363751
-3532.644462
-3532.582515
-3532.582515
-3532.582515
-3532.856886
-3532.906801
-3533.479485
-3533.615302
-3533.790419
-3533.790419
-3533.726427
-3534.773539
-3535.342665
-3535.342665
-3535.263366
-3535.263366
-3533.690108
-3533.933531
-3533.897980
-3534.043168
-3542.154556
-3542.112914
-3540.867743
-3540.618539
-3543.974443
-3544.130999
-3544.645906
-3545.288050
-3545.305795
-3545.404042
-3545.349383
-3545.197373
-3545.855998
-3545.882896
-3545.882896
-3545.933964
-3546.097154
-3545.798628
-3545.727777
-3547.959817
-3547.933479
-3547.886457
-3548.016137
-3547.710871
-3547.601494
-3548.402534
-3548.402534
-3548.575021
-3548.575021
-3548.575021
-3548.332472
-3548.477833
-3548.477833
-3548.066344
-3548.125190
-3548.593524
-3548.593524
-3548.879321
-3549.027355
-3548.733344
-3548.733344
-3548.196304
-3548.341129
-3548.238244
-3548.111199
-3548.270035
-3963.242786
-3963.665860
-3963.497173
-3961.670106
-3961.238858
-3961.165527
-3961.314670
-3961.314670
-3961.314670
-3962.215731
-3963.430125
-3963.487755
-3963.461977
-3963.870093
-3963.800677
-3963.626558
-3963.616875
-3963.991867
-3964.019878
-3964.579992
-3964.579992
-3964.393593
-3964.526954
-3967.241751
-3966.565861
-3966.377229
-3969.011438
-4000.672641
-4000.950450
-4000.920328
-4000.975055
-4001.163250
-4001.163250
-4001.532503
-4001.759289
-4002.030040
-4002.102528
-4002.275736
-4001.542348
-4001.681999
-4002.063349
-4002.063349
-4002.044603
