116.225035 4.982058
113.430426 4.916453
109.323825 4.820050
102.860881 4.668330
102.121537 4.650973
95.614655 4.498222
90.730919 4.383574
85.591966 4.262936
86.272256 4.278906
85.135069 4.252210
81.064129 4.156643
81.657143 4.170564
76.191135 4.042248
76.191135 4.042248
75.394844 4.023555
71.511518 3.932392
66.503424 3.814825
66.115178 3.805711
66.057049 3.804347
63.046050 3.733662
62.807689 3.728067
60.158068 3.665866
59.684054 3.654738
59.684054 3.654738
59.670385 3.654417
59.390466 3.647846
60.335213 3.670025
61.352172 3.693898
61.227002 3.690960
58.932136 3.637087
56.278879 3.574801
56.020930 3.568745
56.265907 3.574496
56.265907 3.574496
56.289174 3.575042
54.110075 3.523887
54.588075 3.535108
54.588075 3.535108
54.317326 3.528752
54.317326 3.528752
54.322373 3.528871
57.681496 3.607728
57.856124 3.611827
57.834788 3.611326
57.834788 3.611326
54.912294 3.542720
54.912294 3.542720
51.900865 3.472025
50.215853 3.432469
50.251584 3.433308
50.203264 3.432173
50.203264 3.432173
50.179604 3.431618
50.035337 3.428231
50.035337 3.428231
51.490740 3.462397
51.359052 3.459306
51.359052 3.459306
51.370918 3.459584
51.352029 3.459141
48.893282 3.401421
48.566127 3.393741
48.263452 3.386636
48.263452 3.386636
48.263452 3.386636
45.520886 3.322253
46.286740 3.340232
46.015605 3.333867
46.060602 3.334923
46.340867 3.341502
46.340867 3.341502
45.308541 3.317268
45.308541 3.317268
45.308541 3.317268
45.308541 3.317268
44.700503 3.302994
44.626639 3.301260
45.052052 3.311247
45.052052 3.311247
45.039878 3.310961
45.756726 3.327789
45.334391 3.317875
45.582668 3.323703
45.582668 3.323703
43.772117 3.281200
43.772117 3.281200
43.772117 3.281200
43.311087 3.270377
43.311087 3.270377
43.311087 3.270377
43.322414 3.270643
42.826208 3.258994
42.745037 3.257089
42.745037 3.257089
42.707549 3.256209
39.898836 3.190273
40.003228 3.192724
40.014430 3.192987
40.014430 3.192987
40.014430 3.192987
41.315034 3.223519
41.315034 3.223519
41.303511 3.223249
41.303511 3.223249
41.021124 3.216619
40.612148 3.207019
40.612148 3.207019
40.381072 3.201594
40.381072 3.201594
38.846863 3.165578
37.672963 3.138020
37.635690 3.137145
37.310927 3.129521
33.318621 3.035800
33.318621 3.035800
33.122433 3.031195
32.734292 3.022083
33.416084 3.038088
33.415562 3.038076
33.415562 3.038076
33.376557 3.037160
33.615980 3.042781
33.615980 3.042781
33.572045 3.041750
33.267647 3.034604
32.038325 3.005745
32.038325 3.005745
32.038325 3.005745
32.083754 3.006811
31.680688 2.997349
31.680688 2.997349
31.877981 3.001981
31.746578 2.998896
31.735799 2.998643
31.158122 2.985082
31.127315 2.984359
31.127315 2.984359
31.127315 2.984359
31.127315 2.984359
31.171155 2.985388
31.171155 2.985388
31.218437 2.986498
31.190845 2.985850
31.331184 2.989145
31.084349 2.983350
30.201027 2.962614
30.201027 2.962614
28.789305 2.929473
28.773370 2.929099
28.789738 2.929483
28.248960 2.916788
28.193560 2.915488
28.339065 2.918904
28.388438 2.920063
28.319854 2.918453
28.276237 2.917429
28.239203 2.916559
30.022332 2.958419
30.022332 2.958419
30.026503 2.958517
30.026503 2.958517
29.935404 2.956378
29.998491 2.957859
29.998491 2.957859
28.631234 2.925762
28.556557 2.924009
28.383654 2.919950
28.383654 2.919950
29.305533 2.941592
29.305533 2.941592
29.305533 2.941592
29.315226 2.941819
29.250369 2.940297
29.282861 2.941060
29.280428 2.941002
29.280428 2.941002
29.289355 2.941212
29.289355 2.941212
29.314289 2.941797
29.313256 2.941773
29.270982 2.940781
29.555603 2.947462
29.515939 2.946531
29.223888 2.939675
29.223888 2.939675
28.989285 2.934168
28.970752 2.933733
29.005788 2.934555
29.005788 2.934555
27.111347 2.890082
26.988008 2.887187
26.734030 2.881225
26.869292 2.884400
26.922790 2.885656
26.915099 2.885475
27.295448 2.894404
27.295448 2.894404
27.435119 2.897683
27.103093 2.889889
27.103093 2.889889
25.944351 2.862687
26.309658 2.871263
26.066780 2.865561
26.066780 2.865561
26.024876 2.864577
26.024876 2.864577
26.058221 2.865360
26.058221 2.865360
26.118293 2.866770
26.161106 2.867775
26.154293 2.867615
26.130798 2.867064
25.924449 2.862220
25.924449 2.862220
25.954656 2.862929
25.954656 2.862929
24.653662 2.832387
24.631397 2.831865
24.624615 2.831706
24.709044 2.833688
24.652522 2.832361
24.645263 2.832190
24.647487 2.832242
25.233563 2.846001
25.233563 2.846001
25.238135 2.846108
25.238135 2.846108
25.319177 2.848011
24.781382 2.835386
24.781382 2.835386
24.781382 2.835386
24.762017 2.834931
24.714432 2.833814
24.003823 2.817132
24.030004 2.817747
23.979191 2.816554
23.932958 2.815469
24.258738 2.823116
24.235351 2.822567
24.054122 2.818313
23.364442 2.802123
23.359574 2.802008
23.075576 2.795341
22.805508 2.789001
22.805508 2.789001
22.805508 2.789001
22.805508 2.789001
22.669728 2.785814
22.669728 2.785814
22.654682 2.785461
22.654682 2.785461
22.653686 2.785437
22.655436 2.785478
23.110740 2.796167
22.679383 2.786041
22.664874 2.785700
22.663976 2.785679
22.632071 2.784930
22.287144 2.776833
22.346790 2.778233
22.447252 2.780591
22.306338 2.777283
22.273089 2.776503
22.285304 2.776789
22.769334 2.788152
22.750391 2.787707
22.754060 2.787794
22.574985 2.783590
22.381257 2.779042
22.059634 2.771492
22.410555 2.779730
22.449254 2.780638
22.450286 2.780662
22.000786 2.770110
22.105168 2.772561
22.431371 2.780218
22.376945 2.778941
22.373777 2.778866
22.373777 2.778866
22.375584 2.778909
22.457264 2.780826
22.443632 2.780506
22.374826 2.778891
22.167370 2.774021
22.156067 2.773756
22.156067 2.773756
22.185952 2.774457
22.176068 2.774225
21.728837 2.763726
21.728837 2.763726
21.728837 2.763726
21.728837 2.763726
21.728837 2.763726
21.726540 2.763672
22.123899 2.773000
22.123899 2.773000
22.072357 2.771790
23.379560 2.802477
23.035269 2.794395
23.035269 2.794395
22.214675 2.775131
22.227722 2.775438
22.242707 2.775789
22.242707 2.775789
22.357611 2.778487
21.307353 2.753832
23.072294 2.795264
22.995623 2.793464
22.683263 2.786132
22.654636 2.785460
22.654636 2.785460
22.671804 2.785863
22.280371 2.776674
22.280371 2.776674
23.121113 2.796410
23.125567 2.796515
23.184924 2.797908
23.149188 2.797069
23.149188 2.797069
23.149188 2.797069
23.438269 2.803856
23.432151 2.803712
23.432151 2.803712
23.469597 2.804591
24.415215 2.826790
24.090575 2.819169
24.133323 2.820172
24.140002 2.820329
24.132298 2.820148
24.138624 2.820297
24.175393 2.821160
23.203496 2.798344
23.233776 2.799055
24.404323 2.826534
24.554067 2.830049
24.389232 2.826180
24.157043 2.820729
23.624740 2.808233
23.624740 2.808233
23.632726 2.808421
23.627035 2.808287
23.627035 2.808287
23.627035 2.808287
23.627035 2.808287
23.607325 2.807824
23.306305 2.800758
23.287646 2.800320
23.740301 2.810946
23.740301 2.810946
23.784696 2.811988
23.784696 2.811988
22.126310 2.773057
22.126310 2.773057
22.126310 2.773057
22.126310 2.773057
22.126310 2.773057
22.130962 2.773166
22.104981 2.772556
22.745792 2.787600
23.095580 2.795811
23.095580 2.795811
22.809446 2.789094
22.805485 2.789001
22.568114 2.783428
22.568114 2.783428
22.500634 2.781844
22.420056 2.779953
22.420056 2.779953
22.413802 2.779806
22.413802 2.779806
21.984150 2.769720
21.984150 2.769720
21.984150 2.769720
22.038087 2.770986
22.055308 2.771390
22.150117 2.773616
22.074456 2.771840
22.073272 2.771812
20.335468 2.731016
20.335468 2.731016
20.163915 2.726989
20.184482 2.727472
20.184482 2.727472
20.184482 2.727472
20.319162 2.730634
20.305786 2.730320
20.235508 2.728670
20.340037 2.731124
20.430503 2.733247
20.370932 2.731849
20.410741 2.732783
20.265634 2.729377
20.312414 2.730475
20.295963 2.730089
20.300349 2.730192
20.269305 2.729463
20.232676 2.728603
20.244141 2.728872
20.085915 2.725158
20.085915 2.725158
20.237802 2.728724
21.883539 2.767358
21.883539 2.767358
21.886110 2.767418
21.897095 2.767676
21.088434 2.748692
20.699824 2.739570
20.973270 2.745989
21.176455 2.750759
21.159838 2.750369
20.786344 2.741601
20.784232 2.741551
20.771852 2.741261
20.571066 2.736547
20.573426 2.736602
20.752644 2.740810
20.762332 2.741037
20.774205 2.741316
20.818767 2.742362
20.831232 2.742655
20.835196 2.742748
20.815331 2.742281
20.001896 2.723186
19.936386 2.721648
19.936386 2.721648
19.936386 2.721648
20.023568 2.723694
19.953118 2.722041
19.697931 2.716050
19.679355 2.715614
19.645419 2.714817
19.809526 2.718670
19.885841 2.720461
19.789008 2.718188
19.741723 2.717078
19.525080 2.711992
19.521261 2.711903
19.350621 2.707897
19.342496 2.707706
19.342496 2.707706
19.342496 2.707706
19.531396 2.712140
19.504496 2.711509
19.511026 2.711662
19.545513 2.712472
19.544169 2.712440
19.515752 2.711773
18.753885 2.693888
18.549928 2.689100
18.572802 2.689637
18.643774 2.691303
18.649861 2.691446
18.658011 2.691637
18.631717 2.691020
18.676779 2.692078
18.720275 2.693099
19.031491 2.700405
19.007731 2.699847
18.974686 2.699071
18.974686 2.699071
18.983511 2.699279
19.269755 2.705998
19.269755 2.705998
19.011981 2.699947
19.011981 2.699947
18.910801 2.697572
18.910801 2.697572
18.910801 2.697572
18.905369 2.697444
18.951790 2.698534
18.676718 2.692077
18.676718 2.692077
18.493731 2.687781
18.531118 2.688659
18.554569 2.689209
18.481432 2.687492
18.481432 2.687492
18.207440 2.681060
18.597253 2.690211
18.597253 2.690211
18.597253 2.690211
18.759528 2.694021
18.798246 2.694929
18.798246 2.694929
18.798246 2.694929
21.380657 2.755553
21.405363 2.756132
21.489107 2.758098
21.455707 2.757314
21.912839 2.768046
21.908279 2.767939
21.892612 2.767571
21.883151 2.767349
22.148218 2.773571
22.162810 2.773914
22.190719 2.774569
22.190750 2.774570
22.128387 2.773106
22.180707 2.774334
22.227741 2.775438
22.237566 2.775669
21.923272 2.768291
21.925636 2.768346
21.881763 2.767316
21.881763 2.767316
21.754387 2.764326
22.430474 2.780197
22.469540 2.781114
22.512774 2.782129
22.623772 2.784735
22.511355 2.782096
20.801478 2.741956
20.767392 2.741156
20.765916 2.741121
21.978390 2.769584
22.172255 2.774136
22.134537 2.773250
22.211214 2.775050
22.180241 2.774323
22.193001 2.774623
22.214652 2.775131
22.214652 2.775131
22.214652 2.775131
22.181870 2.774361
22.169059 2.774061
22.156543 2.773767
21.783810 2.765017
19.706501 2.716251
19.698133 2.716055
19.754366 2.717375
19.751974 2.717319
19.819732 2.718909
19.811352 2.718713
17.219067 2.657858
17.396795 2.662030
17.432721 2.662873
17.458120 2.663470
17.477765 2.663931
17.459103 2.663493
17.442432 2.663101
17.442432 2.663101
17.435174 2.662931
17.416762 2.662499
17.353422 2.661012
17.366999 2.661330
17.375366 2.661527
17.593517 2.666648
17.732661 2.669914
17.670193 2.668448
17.696068 2.669055
17.540920 2.665413
17.365626 2.661298
17.353307 2.661009
17.737701 2.670033
17.769680 2.670784
17.760543 2.670569
17.750410 2.670331
17.796739 2.671419
17.146459 2.656153
17.209783 2.657640
17.128000 2.655720
17.128000 2.655720
17.128000 2.655720
17.155325 2.656361
17.187676 2.657121
17.163540 2.656554
17.111870 2.655341
17.100996 2.655086
17.110077 2.655299
17.172139 2.656756
17.190965 2.657198
17.327673 2.660407
17.380510 2.661648
17.382318 2.661690
17.084752 2.654705
17.078505 2.654558
17.078505 2.654558
18.616427 2.690661
18.650434 2.691460
17.082379 2.654649
16.949150 2.651521
16.967812 2.651959
17.026625 2.653340
17.026625 2.653340
17.055199 2.654011
17.029031 2.653397
16.903275 2.650444
16.903275 2.650444
16.910008 2.650602
16.816960 2.648418
16.802014 2.648067
16.820582 2.648503
16.833384 2.648804
16.833384 2.648804
16.822383 2.648545
16.904835 2.650481
16.743969 2.646705
16.743969 2.646705
16.263003 2.635414
16.390705 2.638412
16.313116 2.636590
16.279950 2.635812
16.347193 2.637390
16.360709 2.637707
16.174794 2.633343
16.187337 2.633637
16.290801 2.636066
16.338216 2.637179
16.103793 2.631676
16.006035 2.629381
15.952218 2.628118
15.952218 2.628118
15.439117 2.616073
15.335623 2.613643
15.305700 2.612941
15.325323 2.613401
15.322722 2.613340
15.189659 2.610217
15.168482 2.609719
15.231803 2.611206
15.205790 2.610595
15.205790 2.610595
15.207832 2.610643
15.207832 2.610643
15.240813 2.611417
15.240813 2.611417
15.283393 2.612417
15.259073 2.611846
15.685409 2.621855
15.695759 2.622098
15.677020 2.621658
16.237133 2.634806
16.211031 2.634194
16.188465 2.633664
16.191407 2.633733
16.168240 2.633189
16.203557 2.634018
16.205576 2.634066
16.220319 2.634412
17.020412 2.653194
16.402461 2.638688
16.393536 2.638478
16.393536 2.638478
16.406076 2.638772
16.644955 2.644380
16.764069 2.647176
16.724881 2.646256
16.709170 2.645888
16.613848 2.643650
16.624658 2.643904
16.624658 2.643904
16.642577 2.644324
16.628894 2.644003
16.348592 2.637423
16.355408 2.637583
16.328648 2.636955
16.453026 2.639875
16.406703 2.638787
16.415619 2.638996
16.415619 2.638996
16.481290 2.640538
16.693663 2.645524
16.693663 2.645524
16.693663 2.645524
16.557878 2.642336
16.545997 2.642057
16.635750 2.644164
16.625235 2.643917
16.653769 2.644587
16.640718 2.644281
16.588454 2.643054
16.564013 2.642480
16.313860 2.636608
16.313860 2.636608
16.379311 2.638144
17.158745 2.656442
17.158745 2.656442
17.158745 2.656442
17.158745 2.656442
17.084519 2.654699
16.707868 2.645857
16.731664 2.646416
16.793864 2.647876
16.788234 2.647744
17.189551 2.657165
17.172813 2.656772
17.220269 2.657886
17.217861 2.657829
17.225226 2.658002
16.568141 2.642577
16.554712 2.642262
16.095593 2.631484
16.065552 2.630779
15.911700 2.627167
15.911700 2.627167
15.845582 2.625615
15.884493 2.626528
15.850691 2.625735
15.784493 2.624181
15.977944 2.628722
15.914905 2.627242
15.922287 2.627415
15.922287 2.627415
15.982662 2.628833
15.954462 2.628171
16.287600 2.635991
16.159329 2.632980
16.169320 2.633215
16.169320 2.633215
16.230812 2.634658
16.318223 2.636710
16.318223 2.636710
16.269742 2.635572
15.842386 2.625540
15.749314 2.623355
15.773694 2.623927
15.615605 2.620216
15.650402 2.621033
15.617496 2.620260
15.567409 2.619084
15.567869 2.619095
15.530033 2.618207
15.549010 2.618653
15.549010 2.618653
15.549010 2.618653
15.873824 2.626278
15.928193 2.627554
15.857274 2.625889
15.919643 2.627353
15.946773 2.627990
16.382929 2.638229
16.371628 2.637964
15.919663 2.627354
15.862343 2.626008
15.854014 2.625813
15.649337 2.621008
15.669266 2.621476
15.703540 2.622280
15.724447 2.622771
15.763546 2.623689
15.763546 2.623689
15.783147 2.624149
15.481632 2.617071
15.382472 2.614743
15.382472 2.614743
15.382472 2.614743
15.417629 2.615568
15.417629 2.615568
15.173896 2.609847
15.199316 2.610443
15.165587 2.609652
15.191896 2.610269
15.191896 2.610269
15.144457 2.609155
16.183405 2.633545
16.183405 2.633545
16.168430 2.633194
15.395642 2.615052
15.389102 2.614899
15.370924 2.614472
15.104856 2.608226
15.104856 2.608226
15.107030 2.608277
15.057055 2.607104
15.006122 2.605908
15.006122 2.605908
15.495915 2.617406
15.624806 2.620432
15.637417 2.620728
15.628033 2.620508
15.632086 2.620603
15.645575 2.620919
15.634034 2.620648
15.641960 2.620835
15.654696 2.621134
15.654696 2.621134
15.572408 2.619202
15.528881 2.618180
15.528881 2.618180
15.398958 2.615130
15.403412 2.615235
15.403412 2.615235
15.379181 2.614666
15.518693 2.617941
15.555387 2.618802
15.613901 2.620176
17.433007 2.662880
17.530941 2.665179
17.493802 2.664307
17.989242 2.675938
17.996385 2.676106
17.986759 2.675880
17.828536 2.672165
17.888257 2.673567
17.888257 2.673567
17.416460 2.662492
17.391650 2.661909
16.946382 2.651456
16.901245 2.650397
16.929322 2.651056
16.824944 2.648606
16.819237 2.648472
16.933165 2.651146
16.926014 2.650978
16.989577 2.652470
17.205773 2.657546
17.111195 2.655325
17.085212 2.654715
17.088311 2.654788
17.088311 2.654788
17.088311 2.654788
17.088311 2.654788
17.088311 2.654788
17.115814 2.655434
16.967016 2.651941
16.435582 2.639465
16.469477 2.640261
16.749169 2.646827
16.990863 2.652501
17.024714 2.653295
17.374269 2.661501
17.149067 2.656214
17.156115 2.656380
17.143352 2.656080
17.288373 2.659485
17.071000 2.654382
17.071000 2.654382
17.109979 2.655297
16.817436 2.648429
16.842045 2.649007
16.853008 2.649264
16.853008 2.649264
16.812237 2.648307
17.183025 2.657012
17.183025 2.657012
17.083491 2.654675
17.191219 2.657204
17.215043 2.657763
17.365618 2.661298
17.548583 2.665593
17.435119 2.662930
17.459449 2.663501
17.543757 2.665480
17.657841 2.668158
17.651999 2.668021
17.980046 2.675722
17.963263 2.675328
17.963263 2.675328
17.954427 2.675121
17.764489 2.670662
17.719391 2.669603
17.697309 2.669085
15.661999 2.621305
15.661999 2.621305
15.696323 2.622111
15.716012 2.622573
15.564561 2.619018
15.596280 2.619762
15.547796 2.618624
15.500806 2.617521
15.771015 2.623864
15.551607 2.618713
16.205273 2.634059
16.100053 2.631588
16.034564 2.630051
15.854113 2.625815
15.685691 2.621861
15.705926 2.622336
15.972896 2.628603
15.981245 2.628799
15.981245 2.628799
16.007214 2.629409
15.973441 2.628616
16.430119 2.639337
16.386965 2.638324
16.457354 2.639976
17.085901 2.654732
17.062600 2.654185
17.212451 2.657702
16.569012 2.642597
16.486809 2.640668
16.522756 2.641512
16.519495 2.641435
16.518326 2.641408
16.492511 2.640802
15.834289 2.625350
15.791401 2.624343
15.777659 2.624020
15.776790 2.624000
15.847964 2.625671
15.847049 2.625649
15.956590 2.628221
15.956590 2.628221
15.952975 2.628136
15.956199 2.628211
15.959998 2.628301
15.943905 2.627923
15.950406 2.628075
15.913526 2.627210
15.768112 2.623796
15.825328 2.625139
15.891063 2.626682
16.063485 2.630730
16.063485 2.630730
16.019775 2.629704
16.003531 2.629323
15.493350 2.617346
15.356402 2.614131
15.655842 2.621160
15.655842 2.621160
15.713034 2.622503
15.939559 2.627821
15.915147 2.627248
16.054834 2.630527
16.081371 2.631150
16.116968 2.631986
16.116968 2.631986
16.132221 2.632344
16.132221 2.632344
16.017590 2.629653
15.976972 2.628699
16.012714 2.629538
16.049503 2.630402
16.038013 2.630132
16.012894 2.629542
15.994376 2.629108
16.016661 2.629631
15.793401 2.624390
16.229893 2.634636
16.239568 2.634864
16.249588 2.635099
16.536751 2.641840
16.607718 2.643506
16.486994 2.640672
16.450120 2.639806
16.450120 2.639806
16.452179 2.639855
16.461686 2.640078
16.461686 2.640078
16.461686 2.640078
16.431530 2.639370
16.899780 2.650362
18.100174 2.678542
18.100174 2.678542
18.045379 2.677256
18.023924 2.676752
17.829377 2.672185
17.763586 2.670640
18.034647 2.677004
18.034647 2.677004
17.954172 2.675115
17.961298 2.675282
17.988393 2.675918
18.092329 2.678358
18.144958 2.679593
18.088917 2.678278
18.085173 2.678190
18.107603 2.678716
18.058050 2.677553
18.069739 2.677828
18.297329 2.683170
18.318739 2.683673
18.322762 2.683767
18.331443 2.683971
18.236633 2.681745
18.363537 2.684725
18.384933 2.685227
18.382675 2.685174
18.407960 2.685767
18.402634 2.685642
18.480464 2.687469
18.364747 2.684753
18.413886 2.685906
18.288492 2.682963
18.162860 2.680014
18.167634 2.680126
18.403762 2.685669
18.345189 2.684294
18.306153 2.683377
18.299815 2.683229
18.296904 2.683160
18.221776 2.681397
17.845447 2.672562
17.855792 2.672805
18.171758 2.680222
18.190112 2.680653
18.228815 2.681562
18.257732 2.682241
18.131935 2.679288
18.055567 2.677495
18.055567 2.677495
18.055567 2.677495
18.057820 2.677548
18.721152 2.693120
18.721152 2.693120
18.579347 2.689791
18.579347 2.689791
18.639550 2.691204
18.672680 2.691982
18.685431 2.692281
18.838425 2.695873
18.828141 2.695631
18.152380 2.679768
18.044315 2.677231
18.044315 2.677231
18.006635 2.676346
17.315958 2.660132
17.388835 2.661843
17.387310 2.661807
17.288476 2.659487
17.280723 2.659305
17.319558 2.660217
17.319558 2.660217
17.281559 2.659325
17.317297 2.660164
17.339298 2.660680
17.376578 2.661555
15.861618 2.625991
15.949700 2.628059
15.879133 2.626402
15.585653 2.619513
15.527061 2.618137
15.527061 2.618137
15.527061 2.618137
15.527906 2.618157
15.527906 2.618157
15.267006 2.612032
15.198874 2.610433
15.198874 2.610433
15.247589 2.611577
15.108473 2.608311
15.108473 2.608311
15.281083 2.612363
15.307338 2.612979
15.307338 2.612979
15.325460 2.613405
15.422866 2.615691
15.399486 2.615142
15.399486 2.615142
15.473611 2.616883
15.473387 2.616877
15.513064 2.617809
15.513064 2.617809
15.536365 2.618356
15.549043 2.618653
15.607125 2.620017
15.717560 2.622609
15.705638 2.622329
15.639029 2.620766
15.639029 2.620766
15.746331 2.623285
15.749176 2.623351
15.830273 2.625255
15.830273 2.625255
15.830273 2.625255
15.839027 2.625461
15.839027 2.625461
16.071825 2.630926
16.097487 2.631528
15.899609 2.626883
15.888869 2.626631
15.840902 2.625505
15.840902 2.625505
16.045339 2.630304
15.676601 2.621648
15.717734 2.622613
15.810086 2.624781
15.769877 2.623837
15.693870 2.622053
15.684697 2.621838
15.684697 2.621838
15.571235 2.619174
15.559197 2.618892
15.571223 2.619174
15.546665 2.618597
15.552629 2.618737
15.499673 2.617494
15.499673 2.617494
15.511142 2.617764
15.539843 2.618437
15.543774 2.618530
15.541705 2.618481
15.541705 2.618481
15.503264 2.617579
15.543368 2.618520
15.492770 2.617332
15.546379 2.618591
15.420607 2.615638
15.369279 2.614433
15.427120 2.615791
15.416654 2.615545
15.503902 2.617594
15.503902 2.617594
15.490328 2.617275
15.202156 2.610510
15.249298 2.611617
16.064356 2.630750
16.060691 2.630664
16.053587 2.630498
15.809281 2.624762
15.910170 2.627131
15.931283 2.627627
15.724945 2.622783
15.725776 2.622802
14.907624 2.603596
14.907624 2.603596
14.907624 2.603596
14.894996 2.603299
14.894996 2.603299
14.894996 2.603299
14.851133 2.602270
14.884213 2.603046
15.789820 2.624306
15.919996 2.627362
16.073280 2.630960
16.028887 2.629918
16.002870 2.629307
16.051401 2.630446
16.051401 2.630446
16.040892 2.630200
16.085505 2.631247
16.082196 2.631169
16.079683 2.631110
16.384225 2.638259
16.500508 2.640989
16.447047 2.639734
16.480765 2.640526
16.418266 2.639059
16.468020 2.640227
16.616226 2.643706
16.630934 2.644051
16.625991 2.643935
16.657253 2.644669
16.699028 2.645650
16.776953 2.647479
16.814044 2.648350
16.732295 2.646431
16.738763 2.646582
16.740059 2.646613
16.721879 2.646186
16.749260 2.646829
16.741671 2.646651
16.741671 2.646651
16.720890 2.646163
16.642634 2.644326
16.566620 2.642541
16.184999 2.633583
16.184999 2.633583
16.184999 2.633583
16.441866 2.639613
16.441866 2.639613
16.425459 2.639227
16.464728 2.640149
16.362473 2.637749
16.362473 2.637749
16.338170 2.637178
16.338170 2.637178
16.296355 2.636197
16.296355 2.636197
16.300486 2.636294
16.209228 2.634151
16.070471 2.630894
16.254266 2.635209
16.242792 2.634939
16.294202 2.636146
16.175336 2.633356
16.218932 2.634379
16.201221 2.633963
16.231021 2.634663
16.320836 2.636771
16.549817 2.642147
16.865798 2.649565
16.843096 2.649032
16.875041 2.649782
16.967635 2.651955
16.985179 2.652367
16.924975 2.650954
17.224855 2.657994
17.568170 2.666053
17.447356 2.663217
17.138201 2.655959
17.171177 2.656733
17.163076 2.656543
17.163076 2.656543
17.144695 2.656112
17.079560 2.654583
17.134216 2.655866
17.192432 2.657232
17.278567 2.659254
17.280507 2.659300
17.303285 2.659835
17.303285 2.659835
17.284748 2.659400
17.284748 2.659400
17.399869 2.662102
17.607199 2.666969
17.607199 2.666969
17.595271 2.666689
17.595951 2.666705
17.564297 2.665962
17.564297 2.665962
17.557562 2.665804
17.544886 2.665506
17.538090 2.665347
17.505751 2.664588
17.379768 2.661630
17.248097 2.658539
17.248097 2.658539
17.268662 2.659022
17.269404 2.659039
17.259867 2.658816
17.308606 2.659960
17.502268 2.664506
17.431369 2.662842
17.477642 2.663928
17.507867 2.664637
17.338026 2.660650
17.358974 2.661142
17.358974 2.661142
17.314155 2.660090
17.015387 2.653076
16.952315 2.651596
16.917556 2.650780
16.970805 2.652030
16.956559 2.651695
16.823727 2.648577
16.747411 2.646785
16.769557 2.647305
16.804280 2.648120
16.848385 2.649156
16.802784 2.648085
16.845663 2.649092
16.825682 2.648623
16.843482 2.649041
16.860587 2.649442
16.836711 2.648882
16.801262 2.648050
16.801262 2.648050
16.801262 2.648050
16.955451 2.651669
16.915062 2.650721
16.960292 2.651783
16.960292 2.651783
17.275015 2.659171
17.275015 2.659171
16.998295 2.652675
17.069959 2.654357
17.080516 2.654605
17.129471 2.655754
17.099045 2.655040
17.091321 2.654859
17.070741 2.654376
17.019218 2.653166
17.016667 2.653106
17.010020 2.652950
17.010020 2.652950
16.951064 2.651566
16.977937 2.652197
16.967816 2.651959
16.967816 2.651959
17.059532 2.654113
17.059532 2.654113
17.059532 2.654113
17.101317 2.655093
17.101317 2.655093
17.019619 2.653176
17.026322 2.653333
17.254979 2.658701
17.168569 2.656672
17.110845 2.655317
17.179179 2.656921
17.165377 2.656597
17.160947 2.656493
17.160947 2.656493
17.146660 2.656158
17.139688 2.655994
17.127893 2.655717
17.127893 2.655717
17.161761 2.656512
17.098502 2.655027
17.109891 2.655295
16.948516 2.651506
16.970160 2.652015
17.010243 2.652955
17.022748 2.653249
17.043827 2.653744
17.043827 2.653744
16.975565 2.652141
17.002307 2.652769
17.002307 2.652769
16.967186 2.651945
16.908520 2.650568
16.944365 2.651409
16.944365 2.651409
16.921346 2.650869
17.372853 2.661468
17.282736 2.659352
17.282736 2.659352
17.332426 2.660519
17.414655 2.662449
17.390225 2.661876
17.159908 2.656469
17.132227 2.655819
17.108384 2.655259
17.103125 2.655136
17.006876 2.652876
16.981994 2.652292
17.037846 2.653603
17.041179 2.653682
17.034565 2.653526
17.034565 2.653526
17.034565 2.653526
17.091429 2.654861
17.139502 2.655990
17.112789 2.655363
17.112789 2.655363
16.877270 2.649834
16.962775 2.651841
16.942122 2.651356
16.894905 2.650248
16.910041 2.650603
16.911586 2.650639
16.907688 2.650548
16.907041 2.650533
16.907041 2.650533
16.988830 2.652453
16.988830 2.652453
17.032476 2.653477
17.044848 2.653768
17.015084 2.653069
17.038486 2.653618
17.082132 2.654643
17.082132 2.654643
17.082132 2.654643
17.130811 2.655786
17.141911 2.656046
17.161334 2.656502
17.135371 2.655893
16.807271 2.648191
16.781654 2.647589
17.046825 2.653814
17.034163 2.653517
17.073538 2.654441
17.101646 2.655101
16.852219 2.649246
16.859908 2.649426
16.694463 2.645542
16.761128 2.647107
16.730149 2.646380
17.003956 2.652808
16.927728 2.651018
16.927728 2.651018
16.929207 2.651053
16.774155 2.647413
16.775562 2.647446
16.758841 2.647054
16.769110 2.647295
16.769110 2.647295
16.848044 2.649148
17.512906 2.664756
17.501871 2.664497
17.501871 2.664497
17.462123 2.663564
17.414375 2.662443
17.414375 2.662443
17.760609 2.670571
17.740761 2.670105
17.612034 2.667083
17.645352 2.667865
17.656533 2.668127
17.615985 2.667175
17.769608 2.670782
17.888454 2.673572
17.893891 2.673699
17.848402 2.672632
17.848402 2.672632
17.834108 2.672296
17.784556 2.671133
17.850165 2.672673
17.844431 2.672538
17.844431 2.672538
17.875975 2.673279
17.827694 2.672145
18.093696 2.678390
18.093696 2.678390
18.198182 2.680843
18.244958 2.681941
17.726783 2.669777
17.748076 2.670276
17.639260 2.667722
17.639260 2.667722
17.639260 2.667722
17.639260 2.667722
17.603979 2.666894
17.620497 2.667281
17.650082 2.667976
17.650082 2.667976
17.654946 2.668090
17.684468 2.668783
17.708602 2.669350
17.689457 2.668900
17.631511 2.667540
17.424191 2.662673
17.510732 2.664705
17.441899 2.663089
17.404689 2.662215
17.355941 2.661071
16.974029 2.652105
17.169876 2.656703
16.505487 2.641106
16.526346 2.641596
16.556084 2.642294
16.817100 2.648421
16.806326 2.648168
16.578708 2.642825
16.560560 2.642399
16.560560 2.642399
16.601033 2.643349
16.680304 2.645210
16.686592 2.645358
16.661610 2.644771
16.587878 2.643040
16.587411 2.643029
16.561131 2.642412
16.624059 2.643890
16.744149 2.646709
16.607467 2.643500
16.337164 2.637155
16.844161 2.649057
16.883590 2.649982
16.861289 2.649459
16.860182 2.649433
16.834387 2.648827
16.834387 2.648827
16.703936 2.645765
16.635297 2.644153
16.630601 2.644043
16.731141 2.646403
16.702868 2.645740
16.587814 2.643039
16.874832 2.649777
17.538186 2.665349
17.538348 2.665353
17.499570 2.664443
17.552415 2.665683
17.580782 2.666349
17.194468 2.657280
17.321090 2.660253
17.191046 2.657200
17.796954 2.671424
17.802008 2.671542
17.917300 2.674249
17.910938 2.674100
17.910938 2.674100
17.905930 2.673982
17.880312 2.673381
17.145425 2.656129
17.458620 2.663481
17.458620 2.663481
17.458212 2.663472
17.461853 2.663557
17.461853 2.663557
17.431840 2.662853
17.427318 2.662746
17.449952 2.663278
17.512336 2.664742
17.580350 2.666339
17.490479 2.664229
17.485603 2.664115
17.543121 2.665465
18.448619 2.686722
18.502078 2.687977
18.399214 2.685562
18.288264 2.682957
18.491369 2.687725
18.585398 2.689933
17.957029 2.675182
17.222788 2.657945
17.298387 2.659720
16.969094 2.651989
16.977691 2.652191
16.982728 2.652310
16.982728 2.652310
16.999080 2.652693
17.133033 2.655838
17.123319 2.655610
17.137158 2.655935
17.148102 2.656192
17.060288 2.654130
17.062621 2.654185
17.189345 2.657160
17.189345 2.657160
17.106758 2.655221
17.119522 2.655521
17.119522 2.655521
17.209677 2.657637
17.209738 2.657639
17.194312 2.657277
17.194312 2.657277
17.284039 2.659383
17.208303 2.657605
17.305050 2.659876
17.316528 2.660146
17.446773 2.663203
17.446773 2.663203
17.446773 2.663203
17.454222 2.663378
17.458715 2.663484
17.383098 2.661708
17.393361 2.661949
17.700728 2.669165
17.911312 2.674108
17.812654 2.671792
17.812654 2.671792
17.804588 2.671603
17.866307 2.673052
17.777286 2.670962
17.777286 2.670962
17.502776 2.664518
17.010851 2.652970
16.993418 2.652561
17.067116 2.654291
17.067116 2.654291
16.999321 2.652699
16.999321 2.652699
17.005265 2.652839
17.023846 2.653275
17.007693 2.652896
17.007693 2.652896
17.007238 2.652885
17.149627 2.656228
17.142209 2.656053
17.333320 2.660540
17.366648 2.661322
18.261620 2.682332
18.276925 2.682691
18.310994 2.683491
18.267265 2.682465
18.267265 2.682465
18.274065 2.682624
18.158332 2.679907
18.274148 2.682626
18.266429 2.682445
18.250525 2.682072
18.290992 2.683022
18.464113 2.687086
18.459836 2.686985
18.431835 2.686328
18.341585 2.684209
17.318752 2.660198
17.381423 2.661669
17.375285 2.661525
17.423188 2.662650
17.505332 2.664578
17.505332 2.664578
17.473387 2.663828
17.473387 2.663828
17.562561 2.665921
17.301125 2.659784
17.203299 2.657488
17.235603 2.658246
17.187933 2.657127
17.187933 2.657127
17.187933 2.657127
17.177379 2.656879
17.434017 2.662904
17.484944 2.664099
17.537682 2.665337
17.495309 2.664343
17.487152 2.664151
17.451364 2.663311
16.646629 2.644420
16.704972 2.645789
16.732576 2.646437
16.801430 2.648054
16.743913 2.646703
17.164383 2.656574
17.498731 2.664423
17.709306 2.669366
17.835903 2.672338
17.695897 2.669051
17.695897 2.669051
17.705902 2.669286
17.666469 2.668361
17.685680 2.668812
17.650891 2.667995
17.737580 2.670030
17.830836 2.672219
17.797405 2.671434
17.753793 2.670411
17.705287 2.669272
17.705287 2.669272
17.624808 2.667383
17.624808 2.667383
17.674997 2.668561
17.454627 2.663388
17.437060 2.662975
17.426607 2.662730
17.426607 2.662730
17.372801 2.661467
17.369830 2.661397
17.542359 2.665447
17.398538 2.662071
17.343277 2.660774
17.361098 2.661192
17.305550 2.659888
17.294385 2.659626
17.008890 2.652924
17.079352 2.654578
17.089959 2.654827
17.052822 2.653955
17.147370 2.656175
17.109855 2.655294
16.529021 2.641659
16.328358 2.636948
16.272956 2.635647
16.269323 2.635562
16.218018 2.634358
16.215249 2.634293
16.277524 2.635755
16.256078 2.635251
16.291154 2.636075
16.908877 2.650576
16.881344 2.649930
16.881344 2.649930
16.812579 2.648315
17.289869 2.659520
17.602706 2.666864
17.484376 2.664086
17.484376 2.664086
17.484376 2.664086
17.429658 2.662801
17.394865 2.661985
17.369956 2.661400
17.317211 2.660162
17.338978 2.660673
17.308996 2.659969
17.290921 2.659545
17.320420 2.660237
17.443883 2.663135
17.443883 2.663135
17.575110 2.666216
17.640106 2.667742
17.688223 2.668871
17.860069 2.672905
17.849257 2.672652
17.849257 2.672652
17.799180 2.671476
17.770831 2.670811
17.433072 2.662882
17.415412 2.662467
17.408443 2.662303
17.407905 2.662291
17.386140 2.661780
17.386140 2.661780
17.386140 2.661780
17.390028 2.661871
17.213247 2.657721
17.213247 2.657721
17.213247 2.657721
16.646673 2.644421
16.748424 2.646809
16.562646 2.642448
16.591416 2.643123
16.676017 2.645109
16.624955 2.643911
16.607382 2.643498
16.508068 2.641167
16.546393 2.642066
16.546977 2.642080
16.568247 2.642579
16.568247 2.642579
16.569189 2.642602
16.539441 2.641903
16.672589 2.645029
16.945202 2.651429
16.935014 2.651189
16.974202 2.652109
16.955761 2.651677
16.942889 2.651374
16.939418 2.651293
16.987024 2.652410
16.854614 2.649302
16.625701 2.643928
16.473771 2.640362
16.485226 2.640631
16.591039 2.643115
16.607244 2.643495
16.837572 2.648902
16.800036 2.648021
16.977104 2.652178
16.996758 2.652639
17.201269 2.657440
17.192242 2.657228
17.147281 2.656172
16.954814 2.651654
17.069103 2.654337
17.077878 2.654543
17.044407 2.653757
17.056451 2.654040
17.341316 2.660728
17.273339 2.659132
17.272892 2.659121
17.282792 2.659354
17.346230 2.660843
17.524174 2.665020
17.255815 2.658720
17.244512 2.658455
17.231308 2.658145
17.261184 2.658846
17.618416 2.667233
17.595613 2.666697
17.635995 2.667645
17.585784 2.666467
17.585784 2.666467
17.831812 2.672242
17.750663 2.670337
17.746175 2.670232
17.746175 2.670232
17.746175 2.670232
18.534510 2.688738
18.530580 2.688646
18.612112 2.690560
18.631108 2.691006
18.554896 2.689217
18.558695 2.689306
18.558695 2.689306
19.331893 2.707457
19.329478 2.707400
19.380301 2.708593
19.391484 2.708856
19.391484 2.708856
19.415038 2.709409
19.314817 2.707056
19.314817 2.707056
19.305993 2.706849
19.305993 2.706849
19.987376 2.722845
20.373572 2.731911
20.327891 2.730838
20.258399 2.729207
20.178290 2.727326
20.138572 2.726394
20.122229 2.726010
19.856523 2.719773
19.792948 2.718280
19.799994 2.718446
19.819306 2.718899
19.819306 2.718899
19.952971 2.722037
19.914062 2.721124
19.905198 2.720916
19.905198 2.720916
19.905103 2.720913
19.907439 2.720968
19.941426 2.721766
19.941426 2.721766
19.891259 2.720588
20.078950 2.724994
20.078950 2.724994
20.101227 2.725517
20.120039 2.725959
20.099135 2.725468
20.056931 2.724478
20.072439 2.724842
20.134081 2.726289
20.108549 2.725689
20.343880 2.731214
20.343880 2.731214
21.629087 2.761384
21.547703 2.759474
21.577287 2.760168
21.629601 2.761397
21.629601 2.761397
21.690410 2.762824
21.690410 2.762824
21.698525 2.763015
21.698525 2.763015
21.773188 2.764767
21.769703 2.764685
21.758416 2.764421
21.758416 2.764421
21.767555 2.764635
21.525680 2.758957
21.503615 2.758439
21.503615 2.758439
21.513291 2.758666
21.527503 2.759000
21.527503 2.759000
21.521197 2.758852
21.521197 2.758852
21.707410 2.763223
21.684337 2.762682
21.691236 2.762843
21.588199 2.760425
21.588199 2.760425
21.664852 2.762224
21.685543 2.762710
21.654482 2.761981
21.620928 2.761193
21.622523 2.761230
21.605095 2.760821
21.486933 2.758047
21.489481 2.758107
21.498376 2.758316
21.577003 2.760162
21.577003 2.760162
21.575363 2.760123
21.575363 2.760123
21.680370 2.762588
21.666792 2.762270
21.874769 2.767152
21.983831 2.769712
21.953152 2.768992
22.057996 2.771453
22.128406 2.773106
22.146411 2.773529
22.129609 2.773134
22.050879 2.771286
22.050879 2.771286
22.148230 2.773572
22.146981 2.773542
22.162658 2.773910
22.162658 2.773910
21.760011 2.764458
21.721234 2.763548
21.710409 2.763294
21.723919 2.763611
21.723919 2.763611
21.712491 2.763342
21.713045 2.763355
21.545065 2.759412
22.899090 2.791198
23.209817 2.798493
23.021480 2.794071
23.021480 2.794071
23.017508 2.793978
22.956794 2.792553
22.924101 2.791785
22.904638 2.791328
23.063029 2.795047
23.063029 2.795047
23.063029 2.795047
23.001878 2.793611
22.792809 2.788703
22.802261 2.788925
22.873418 2.790596
22.885073 2.790869
22.885073 2.790869
22.885073 2.790869
23.036934 2.794434
22.793838 2.788727
22.791857 2.788681
22.689938 2.786288
22.689938 2.786288
22.744575 2.787571
22.789599 2.788628
22.789599 2.788628
22.769429 2.788154
22.757429 2.787873
22.744045 2.787559
22.744045 2.787559
23.133421 2.796699
23.250837 2.799456
23.677283 2.809467
23.660281 2.809067
23.702380 2.810056
23.688827 2.809738
23.579856 2.807179
23.505260 2.805428
23.505260 2.805428
23.506551 2.805459
23.573846 2.807038
21.959424 2.769139
21.969351 2.769372
22.040292 2.771038
21.888195 2.767467
21.895835 2.767646
21.982895 2.769690
21.960691 2.769169
21.970663 2.769403
22.069190 2.771716
22.146797 2.773538
22.074256 2.771835
22.117472 2.772849
22.099915 2.772437
22.032860 2.770863
22.069835 2.771731
22.040700 2.771047
21.844185 2.766434
21.841198 2.766364
21.701656 2.763088
21.701656 2.763088
21.882593 2.767336
20.448298 2.733665
20.448298 2.733665
20.560266 2.736294
20.580651 2.736772
20.583268 2.736834
20.547007 2.735982
20.547007 2.735982
20.549261 2.736035
20.550766 2.736071
20.559824 2.736283
20.573839 2.736612
20.439260 2.733453
20.672469 2.738928
20.639257 2.738148
20.702058 2.739622
20.702058 2.739622
20.702058 2.739622
20.442698 2.733534
20.442698 2.733534
20.492276 2.734697
20.483345 2.734488
20.483345 2.734488
20.406429 2.732682
20.404191 2.732630
20.128384 2.726155
20.107281 2.725660
20.062282 2.724603
20.062282 2.724603
19.894955 2.720675
20.118003 2.725911
20.100595 2.725503
20.141552 2.726464
20.185305 2.727491
20.196687 2.727758
20.472916 2.734243
20.555255 2.736176
20.633482 2.738012
20.633482 2.738012
20.640658 2.738181
20.602524 2.737286
20.400018 2.732532
20.332563 2.730948
20.462030 2.733987
21.001662 2.746655
21.128899 2.749642
21.302112 2.753709
21.190916 2.751098
21.190916 2.751098
21.143232 2.749979
21.253267 2.752562
21.225389 2.751908
21.215309 2.751671
21.189354 2.751062
21.494278 2.758220
21.413190 2.756316
21.362957 2.755137
21.334802 2.754476
21.638962 2.761616
21.640991 2.761664
21.489888 2.758117
21.477840 2.757834
21.477840 2.757834
21.295767 2.753560
21.246563 2.752405
21.471760 2.757691
21.321774 2.754170
21.425390 2.756603
21.425390 2.756603
21.425390 2.756603
21.633651 2.761492
21.633651 2.761492
21.415821 2.756378
21.432836 2.756777
21.251735 2.752526
21.244518 2.752357
21.244518 2.752357
21.120707 2.749450
21.120707 2.749450
21.203901 2.751403
21.205697 2.751445
21.205697 2.751445
21.248507 2.752450
21.248507 2.752450
21.248507 2.752450
21.274790 2.753067
20.562386 2.736343
22.975358 2.792989
24.271060 2.823406
24.260129 2.823149
24.437929 2.827323
24.580392 2.830667
24.580392 2.830667
24.614028 2.831457
24.609468 2.831350
24.842171 2.836813
24.757105 2.834816
24.547432 2.829894
26.946595 2.886215
27.411059 2.897118
26.502966 2.875801
27.111356 2.890083
27.049943 2.888641
27.076287 2.889259
26.055145 2.865288
25.963474 2.863136
25.623213 2.855148
25.708253 2.857144
25.859718 2.860700
25.833307 2.860080
25.840620 2.860252
25.868386 2.860904
25.868386 2.860904
25.908230 2.861839
25.984517 2.863630
25.964477 2.863159
27.105650 2.889949
27.105650 2.889949
27.192332 2.891984
27.170232 2.891465
27.013623 2.887788
27.053892 2.888734
27.029880 2.888170
27.063705 2.888964
27.374480 2.896260
27.219766 2.892628
26.868473 2.884381
26.868473 2.884381
27.521457 2.899710
27.443392 2.897877
27.466472 2.898419
27.479706 2.898730
27.430608 2.897577
27.430608 2.897577
27.821999 2.906765
27.742848 2.904907
27.815346 2.906609
27.351326 2.895716
27.279734 2.894035
27.286922 2.894204
27.200379 2.892173
27.188844 2.891902
27.188844 2.891902
27.188844 2.891902
27.154638 2.891099
27.179155 2.891674
27.177448 2.891634
26.918314 2.885551
26.918314 2.885551
27.015239 2.887826
27.139036 2.890732
27.181577 2.891731
27.188587 2.891896
27.295636 2.894409
27.309490 2.894734
27.309490 2.894734
27.265721 2.893706
27.223279 2.892710
27.218581 2.892600
27.363752 2.896008
27.442909 2.897866
27.409644 2.897085
27.426646 2.897484
27.568654 2.900818
27.689616 2.903658
27.628007 2.902211
27.673119 2.903270
27.721731 2.904411
27.603683 2.901640
27.882698 2.908190
27.830399 2.906962
27.712818 2.904202
27.573263 2.900926
27.632261 2.902311
27.649613 2.902718
27.649613 2.902718
27.779790 2.905774
27.779790 2.905774
27.779790 2.905774
27.779790 2.905774
27.838722 2.907158
27.229080 2.892846
28.302000 2.918033
28.223445 2.916189
28.262997 2.917118
28.515510 2.923046
28.505512 2.922811
28.518346 2.923112
28.478195 2.922170
28.555837 2.923992
28.545218 2.923743
28.559950 2.924089
28.642274 2.926022
28.551365 2.923887
28.522990 2.923221
28.735755 2.928216
28.753055 2.928622
28.742387 2.928372
28.822977 2.930264
28.866445 2.931284
28.361116 2.919421
27.336785 2.895375
27.336785 2.895375
27.390976 2.896647
27.323838 2.895071
26.116578 2.866730
26.049620 2.865158
26.049620 2.865158
26.042656 2.864995
26.056523 2.865320
25.996900 2.863920
25.996900 2.863920
25.996900 2.863920
26.034005 2.864791
25.831733 2.860043
25.701638 2.856989
25.820450 2.859778
25.760013 2.858359
25.760013 2.858359
25.670439 2.856257
25.703557 2.857034
25.790891 2.859084
25.744594 2.857997
25.744594 2.857997
25.765204 2.858481
25.841518 2.860273
25.884592 2.861284
25.217603 2.845626
25.086137 2.842540
25.073765 2.842250
25.074079 2.842257
25.074079 2.842257
24.670547 2.832784
24.708218 2.833668
24.708218 2.833668
24.342981 2.825094
24.254996 2.823029
24.254996 2.823029
24.305348 2.824211
24.120208 2.819864
24.031677 2.817786
23.952757 2.815933
23.790455 2.812123
23.393550 2.802806
23.453493 2.804213
23.459533 2.804355
22.998671 2.793536
22.998671 2.793536
23.099363 2.795900
22.953050 2.792465
22.881259 2.790780
22.911109 2.791480
22.857543 2.790223
22.779004 2.788379
22.621870 2.784690
22.621870 2.784690
22.938575 2.792125
22.882174 2.790801
22.928237 2.791882
22.895997 2.791126
22.634730 2.784992
22.907871 2.791404
22.751218 2.787727
22.753208 2.787774
22.786430 2.788554
22.330213 2.777844
22.189670 2.774544
22.430859 2.780206
22.447690 2.780601
22.470304 2.781132
22.518774 2.782270
22.518774 2.782270
22.518774 2.782270
22.645502 2.785245
22.556429 2.783154
22.434053 2.780281
22.448033 2.780610
22.448033 2.780610
22.492731 2.781659
22.443842 2.780511
22.451671 2.780695
22.683807 2.786144
22.890910 2.791006
22.844203 2.789910
22.499658 2.781821
22.304446 2.777239
22.493680 2.781681
22.438577 2.780388
22.411969 2.779763
22.484689 2.781470
22.505867 2.781967
22.512111 2.782114
22.492697 2.781658
22.396341 2.779396
22.359539 2.778532
22.498769 2.781801
23.440870 2.803917
23.520649 2.805790
23.512152 2.805590
23.735745 2.810839
23.706337 2.810149
22.638163 2.785073
22.636016 2.785022
22.636016 2.785022
22.664478 2.785691
22.606138 2.784321
22.858879 2.790254
22.909838 2.791451
22.903642 2.791305
22.941853 2.792202
22.889923 2.790983
22.807839 2.789056
22.938627 2.792126
22.888653 2.790953
22.880387 2.790759
22.941800 2.792201
22.706612 2.786680
22.706612 2.786680
22.661646 2.785624
22.547603 2.782947
22.726110 2.787137
22.726110 2.787137
22.784377 2.788505
22.784377 2.788505
20.987647 2.746326
20.987647 2.746326
20.975953 2.746052
21.023540 2.747169
21.021640 2.747124
21.197900 2.751262
21.197900 2.751262
21.197900 2.751262
21.229690 2.752008
21.161874 2.750416
21.922176 2.768265
21.964919 2.769268
22.100913 2.772461
22.167068 2.774014
22.250838 2.775980
22.366358 2.778692
22.274957 2.776546
22.037785 2.770979
21.760887 2.764479
16.804997 2.648137
16.812555 2.648315
16.613166 2.643634
16.570591 2.642634
16.538789 2.641888
16.643042 2.644335
16.590934 2.643112
16.561763 2.642427
16.792307 2.647839
16.906378 2.650517
16.906378 2.650517
16.948023 2.651495
17.210855 2.657665
17.159805 2.656467
17.044419 2.653758
17.029767 2.653414
16.892510 2.650192
16.627526 2.643971
16.614082 2.643655
16.513729 2.641300
16.733265 2.646453
16.733434 2.646457
16.710043 2.645908
16.631784 2.644071
16.474944 2.640389
16.474944 2.640389
16.454532 2.639910
16.417384 2.639038
16.569923 2.642619
16.713848 2.645998
16.525002 2.641564
16.300423 2.636292
16.300423 2.636292
16.077249 2.631053
16.077249 2.631053
16.075478 2.631012
16.232673 2.634702
16.295536 2.636177
16.353133 2.637530
16.338972 2.637197
16.388368 2.638357
16.328599 2.636954
16.320931 2.636774
16.287112 2.635980
16.228149 2.634596
16.234117 2.634736
16.255166 2.635230
16.255166 2.635230
16.285570 2.635944
16.106439 2.631738
16.054502 2.630519
16.039712 2.630172
16.174396 2.633334
16.169739 2.633224
16.169739 2.633224
16.039634 2.630170
16.050113 2.630416
15.913926 2.627219
15.913926 2.627219
15.867877 2.626138
15.902123 2.626942
15.902123 2.626942
15.902123 2.626942
15.943815 2.627921
16.026964 2.629873
16.026964 2.629873
16.335288 2.637111
16.222009 2.634451
16.222233 2.634457
16.222233 2.634457
16.255028 2.635227
16.271731 2.635619
16.270227 2.635583
16.088154 2.631309
16.088154 2.631309
16.195091 2.633819
16.094250 2.631452
16.023344 2.629788
16.023344 2.629788
15.958518 2.628266
15.982443 2.628828
15.999938 2.629238
16.068867 2.630856
15.852031 2.625766
15.826136 2.625158
15.894709 2.626768
15.894709 2.626768
15.897563 2.626835
15.917373 2.627300
15.928233 2.627555
15.928233 2.627555
16.125191 2.632179
16.156489 2.632913
16.113128 2.631895
16.113128 2.631895
15.920430 2.627372
15.803243 2.624621
16.269815 2.635574
16.269815 2.635574
16.331462 2.637021
17.232710 2.658178
16.877565 2.649841
16.837756 2.648906
17.186504 2.657093
17.165966 2.656611
17.185476 2.657069
17.185476 2.657069
17.233395 2.658194
17.208128 2.657601
17.208128 2.657601
17.193807 2.657265
17.418923 2.662549
17.907037 2.674008
17.885050 2.673492
17.891861 2.673652
17.891861 2.673652
17.739547 2.670076
17.766627 2.670712
17.714921 2.669498
17.770605 2.670805
17.583161 2.666405
16.420106 2.639102
16.420106 2.639102
16.383286 2.638237
16.444196 2.639667
16.438693 2.639538
16.381357 2.638192
16.349057 2.637434
16.349057 2.637434
16.331178 2.637014
16.219012 2.634381
16.202037 2.633983
15.963339 2.628379
16.918914 2.650812
16.888357 2.650094
16.916901 2.650764
16.939657 2.651298
17.122698 2.655595
17.382227 2.661688
17.336875 2.660623
17.193596 2.657260
17.216004 2.657786
17.207634 2.657589
18.846036 2.696051
18.919580 2.697778
18.864594 2.696487
18.878742 2.696819
18.676228 2.692065
18.574754 2.689683
18.729640 2.693319
18.771877 2.694310
18.746363 2.693712
18.720127 2.693096
18.616542 2.690664
18.632978 2.691050
18.920732 2.697805
18.892210 2.697135
18.892210 2.697135
18.892210 2.697135
18.825507 2.695569
18.825507 2.695569
18.710501 2.692870
18.951228 2.698521
18.965803 2.698863
19.550121 2.712580
19.644319 2.714791
19.377481 2.708527
19.307408 2.706882
19.389419 2.708807
19.378814 2.708559
19.382160 2.708637
19.382160 2.708637
19.477037 2.710864
19.221299 2.704861
19.221299 2.704861
19.281406 2.706272
19.253040 2.705606
19.003707 2.699753
18.913374 2.697632
18.913374 2.697632
19.008986 2.699877
19.013826 2.699990
19.013826 2.699990
19.006183 2.699811
19.034732 2.700481
18.976473 2.699113
18.976473 2.699113
18.976473 2.699113
19.042847 2.700672
19.137434 2.702892
19.179655 2.703883
19.230188 2.705069
19.115394 2.702375
18.573416 2.689652
18.573416 2.689652
18.573416 2.689652
18.611614 2.690548
18.571957 2.689617
18.554352 2.689204
18.496727 2.687851
18.496727 2.687851
18.515320 2.688288
18.513580 2.688247
18.374890 2.684991
18.241501 2.681860
18.302779 2.683298
18.280711 2.682780
18.374727 2.684987
18.416197 2.685961
18.473334 2.687302
18.445296 2.686644
18.406522 2.685734
18.406522 2.685734
18.402413 2.685637
18.406288 2.685728
18.058951 2.677574
17.965007 2.675369
17.965007 2.675369
18.231967 2.681636
18.231967 2.681636
18.115481 2.678901
18.318619 2.683670
18.318619 2.683670
17.719405 2.669603
17.451043 2.663303
17.454236 2.663378
17.194726 2.657286
17.359178 2.661147
17.536934 2.665320
18.783176 2.694576
18.781376 2.694533
18.720927 2.693114
18.605231 2.690398
18.650123 2.691452
18.863341 2.696458
18.931103 2.698048
18.577178 2.689740
18.577178 2.689740
18.690681 2.692404
18.943169 2.698332
18.980054 2.699197
18.968035 2.698915
19.055379 2.700966
19.048324 2.700800
19.081157 2.701571
18.991380 2.699463
18.865550 2.696509
18.847025 2.696075
18.696856 2.692549
18.666019 2.691825
18.872678 2.696677
18.561077 2.689362
18.359176 2.684622
18.312669 2.683530
18.171648 2.680220
18.015749 2.676560
18.011086 2.676451
17.994236 2.676055
17.984000 2.675815
18.108944 2.678748
18.116789 2.678932
18.133205 2.679317
17.992964 2.676025
17.953297 2.675094
17.953297 2.675094
17.891259 2.673638
17.874144 2.673236
17.783624 2.671111
17.903009 2.673913
17.884563 2.673480
17.889481 2.673596
17.779496 2.671014
18.141314 2.679508
18.232870 2.681657
18.028615 2.676862
18.067655 2.677779
17.992429 2.676013
18.076047 2.677976
18.108998 2.678749
18.084763 2.678180
18.258920 2.682269
18.361081 2.684667
18.115175 2.678894
18.116700 2.678930
18.044747 2.677241
18.129726 2.679236
18.118633 2.678975
18.037744 2.677076
18.139523 2.679466
18.103386 2.678617
18.103386 2.678617
18.025931 2.676799
17.775114 2.670911
17.686075 2.668821
17.700750 2.669165
17.700750 2.669165
17.492130 2.664268
17.497638 2.664397
17.633736 2.667592
17.633817 2.667594
17.768596 2.670758
17.647759 2.667921
18.088035 2.678257
17.866522 2.673057
17.968017 2.675440
17.949030 2.674994
17.880757 2.673391
17.921536 2.674348
18.103501 2.678620
18.259912 2.682292
18.271520 2.682564
18.287555 2.682941
18.266342 2.682443
18.144094 2.679573
18.144094 2.679573
18.364401 2.684745
18.352607 2.684468
18.416819 2.685975
18.302812 2.683299
18.312955 2.683537
18.312955 2.683537
18.330665 2.683953
18.368830 2.684849
17.947469 2.674957
17.908014 2.674031
17.943837 2.674872
17.779881 2.671023
17.839947 2.672433
17.594322 2.666667
17.580123 2.666334
17.694401 2.669016
17.667723 2.668390
18.163220 2.680022
18.191678 2.680690
18.499781 2.687923
18.462994 2.687059
18.250971 2.682082
18.271143 2.682556
18.285948 2.682903
18.242192 2.681876
18.259725 2.682288
18.298969 2.683209
18.324108 2.683799
18.284480 2.682869
18.284480 2.682869
18.379970 2.685110
18.405694 2.685714
18.434564 2.686392
18.775168 2.694388
18.824239 2.695540
18.849992 2.696144
18.499068 2.687906
18.504434 2.688032
18.477324 2.687396
18.423097 2.686123
18.418821 2.686022
18.414695 2.685925
18.183942 2.680508
18.225275 2.681479
18.232673 2.681652
18.152123 2.679762
18.118895 2.678981
18.083432 2.678149
18.119079 2.678986
18.070070 2.677835
18.085872 2.678206
18.068726 2.677804
18.077280 2.678005
18.085919 2.678207
18.037676 2.677075
18.023444 2.676741
17.363125 2.661240
17.319713 2.660220
17.335650 2.660595
17.203207 2.657485
17.407165 2.662273
17.377368 2.661574
17.370267 2.661407
19.264305 2.705870
19.242986 2.705370
19.346434 2.707798
16.547292 2.642088
16.638136 2.644220
16.543708 2.642003
16.543708 2.642003
16.474789 2.640386
16.317203 2.636686
16.248741 2.635079
16.247069 2.635040
16.044904 2.630294
16.209712 2.634163
16.209712 2.634163
16.209712 2.634163
16.371783 2.637967
16.406795 2.638789
16.401020 2.638654
16.564930 2.642502
16.183439 2.633546
16.183439 2.633546
16.179869 2.633462
16.057297 2.630585
16.228699 2.634608
16.206028 2.634076
16.227127 2.634572
16.213791 2.634258
16.213791 2.634258
16.214272 2.634270
16.224099 2.634500
16.231727 2.634680
15.899949 2.626891
15.899949 2.626891
15.983289 2.628847
15.983289 2.628847
15.992437 2.629062
16.020493 2.629721
16.033870 2.630035
16.064005 2.630742
16.072856 2.630950
16.122823 2.632123
16.141471 2.632561
16.153766 2.632849
15.954276 2.628166
15.999848 2.629236
16.027859 2.629894
16.015663 2.629607
16.015663 2.629607
16.020454 2.629720
16.165008 2.633113
16.435783 2.639470
16.575859 2.642758
16.575859 2.642758
16.575859 2.642758
16.509108 2.641191
16.509108 2.641191
16.509108 2.641191
16.537315 2.641853
16.525517 2.641576
16.494060 2.640838
16.323595 2.636836
16.333153 2.637061
16.314643 2.636626
16.310910 2.636538
16.427022 2.639264
16.386272 2.638308
16.424764 2.639211
16.419776 2.639094
16.445802 2.639705
16.374242 2.638025
16.354383 2.637559
16.345817 2.637358
16.553436 2.642232
16.957843 2.651725
17.039093 2.653633
17.043533 2.653737
17.325993 2.660368
17.404837 2.662219
17.320354 2.660235
17.468782 2.663720
17.516678 2.664844
17.516678 2.664844
17.488528 2.664183
17.506419 2.664603
17.496015 2.664359
17.538310 2.665352
17.534219 2.665256
17.498678 2.664422
17.498678 2.664422
17.471326 2.663780
17.537139 2.665325
16.819673 2.648482
16.814079 2.648350
16.705482 2.645801
16.772843 2.647382
16.916601 2.650757
16.916384 2.650752
16.779456 2.647538
16.736061 2.646519
16.749704 2.646839
16.749704 2.646839
16.754629 2.646955
16.864394 2.649532
16.857300 2.649365
16.984176 2.652344
16.962624 2.651838
16.950430 2.651551
16.866318 2.649577
17.491153 2.664245
17.723525 2.669700
17.867028 2.673069
17.789697 2.671253
17.797256 2.671431
17.670702 2.668460
17.670702 2.668460
17.872705 2.673202
17.795556 2.671391
17.801045 2.671520
17.981280 2.675751
17.965473 2.675380
17.778641 2.670994
17.770060 2.670792
17.732918 2.669921
17.798043 2.671449
17.958247 2.675210
17.984518 2.675827
17.972969 2.675556
17.892623 2.673670
17.805084 2.671615
17.810580 2.671744
17.869143 2.673118
17.804796 2.671608
17.782953 2.671095
17.782953 2.671095
17.755061 2.670440
17.940171 2.674786
17.830501 2.672211
17.871747 2.673180
17.871453 2.673173
17.804405 2.671599
17.782114 2.671075
17.817741 2.671912
17.827210 2.672134
17.731573 2.669889
17.636182 2.667650
17.636182 2.667650
17.615411 2.667162
17.447159 2.663212
17.434864 2.662924
17.388579 2.661837
17.766988 2.670720
17.742729 2.670151
17.749163 2.670302
17.848257 2.672628
17.835029 2.672318
17.835029 2.672318
17.859803 2.672899
17.854853 2.672783
17.876167 2.673283
17.876167 2.673283
18.116929 2.678935
18.130292 2.679249
18.747995 2.693750
18.784315 2.694602
18.784315 2.694602
18.784315 2.694602
18.828110 2.695631
18.826571 2.695594
19.090249 2.701784
19.238399 2.705262
19.292597 2.706535
19.292597 2.706535
19.387619 2.708765
19.331448 2.707447
18.848349 2.696106
18.799225 2.694952
18.876495 2.696766
18.876495 2.696766
18.935389 2.698149
19.122960 2.702552
19.153157 2.703261
19.161510 2.703457
19.476299 2.710847
19.187175 2.704060
18.584441 2.689910
18.578653 2.689774
19.695719 2.715998
19.759219 2.717489
19.733353 2.716881
19.698959 2.716074
19.678048 2.715583
19.708205 2.716291
19.491688 2.711208
19.498352 2.711365
19.562463 2.712870
19.580028 2.713282
19.471947 2.710745
19.471947 2.710745
19.750059 2.717274
19.750400 2.717282
19.682413 2.715686
19.546289 2.712490
19.133369 2.702797
19.117610 2.702427
18.750199 2.693802
18.748634 2.693765
18.958839 2.698699
19.255703 2.705668
18.820048 2.695441
18.784296 2.694602
18.798326 2.694931
18.702552 2.692683
18.679958 2.692153
18.754595 2.693905
18.068016 2.677787
18.063943 2.677691
18.079123 2.678048
18.077042 2.677999
18.134356 2.679344
17.903573 2.673927
17.909509 2.674066
17.909509 2.674066
18.235163 2.681711
18.214397 2.681223
18.176991 2.680345
18.176991 2.680345
14.864586 2.602585
14.910872 2.603672
14.954971 2.604707
14.950544 2.604603
15.026513 2.606387
15.014837 2.606113
15.014837 2.606113
15.041637 2.606742
15.162200 2.609572
15.162200 2.609572
15.622059 2.620367
15.611769 2.620126
15.596858 2.619776
15.559664 2.618903
16.175161 2.633352
16.163903 2.633087
16.153582 2.632845
16.216163 2.634314
16.209522 2.634158
16.209522 2.634158
16.259611 2.635334
16.200949 2.633957
16.200949 2.633957
16.298784 2.636254
16.342491 2.637280
16.155748 2.632896
16.212645 2.634232
16.186915 2.633628
16.155715 2.632895
16.156846 2.632922
16.120431 2.632067
16.109548 2.631811
16.039575 2.630169
16.106806 2.631747
16.107982 2.631775
16.125255 2.632180
16.043731 2.630266
16.043731 2.630266
16.334407 2.637090
16.278215 2.635771
15.416483 2.615541
15.386838 2.614845
15.379583 2.614675
15.379583 2.614675
15.343215 2.613821
15.501976 2.617548
15.503729 2.617590
15.538542 2.618407
15.714175 2.622530
15.745041 2.623254
15.918658 2.627330
15.918658 2.627330
15.680477 2.621739
15.675277 2.621617
15.675277 2.621617
15.759714 2.623599
15.759714 2.623599
15.756393 2.623521
15.725944 2.622806
15.703083 2.622269
15.783691 2.624162
15.821233 2.625043
15.899771 2.626887
15.993200 2.629080
15.953577 2.628150
15.951352 2.628098
15.917571 2.627305
15.928360 2.627558
15.928360 2.627558
15.932543 2.627656
15.932543 2.627656
15.737577 2.623079
15.724464 2.622771
15.683331 2.621806
15.605586 2.619981
15.675254 2.621616
15.687694 2.621908
15.687694 2.621908
15.923233 2.627438
15.759138 2.623585
15.797301 2.624481
15.761715 2.623646
15.756955 2.623534
15.728165 2.622858
15.281709 2.612378
15.321020 2.613300
15.402697 2.615218
15.470155 2.616801
15.498754 2.617473
15.502872 2.617569
15.457121 2.616495
15.581443 2.619414
15.414746 2.615501
15.406823 2.615315
17.186251 2.657087
17.171172 2.656733
17.193397 2.657255
17.371497 2.661436
17.259639 2.658810
17.239555 2.658339
17.262711 2.658882
17.172905 2.656774
17.171256 2.656735
17.160931 2.656493
17.043628 2.653739
17.043628 2.653739
17.334918 2.660577
16.635143 2.644150
16.551064 2.642176
16.604512 2.643431
16.605405 2.643452
16.526975 2.641611
16.477425 2.640447
16.525198 2.641569
16.321406 2.636785
15.987344 2.628943
15.990524 2.629017
15.982591 2.628831
15.898482 2.626856
16.012214 2.629526
15.520467 2.617982
15.513502 2.617819
15.437409 2.616033
16.268385 2.635540
16.099784 2.631582
16.243926 2.634966
16.266708 2.635501
16.238851 2.634847
15.772126 2.623890
15.772126 2.623890
15.718854 2.622640
15.687368 2.621901
15.701211 2.622225
15.764755 2.623717
15.781957 2.624121
15.782060 2.624123
15.815320 2.624904
15.812592 2.624840
15.696045 2.622104
15.684728 2.621839
15.612571 2.620145
15.599962 2.619849
15.423953 2.615717
15.434719 2.615969
15.438124 2.616049
15.341208 2.613774
15.022170 2.606285
14.856310 2.602391
14.831117 2.601800
14.815041 2.601422
15.146929 2.609214
15.183308 2.610068
15.219572 2.610919
15.166503 2.609673
15.167495 2.609696
15.222945 2.610998
15.261150 2.611895
15.239714 2.611392
15.224445 2.611033
14.918786 2.603858
14.035782 2.583129
14.071661 2.583971
14.095868 2.584539
14.215329 2.587344
14.155264 2.585934
14.184577 2.586622
14.376325 2.591123
14.281902 2.588907
14.299899 2.589329
14.258919 2.588367
14.227964 2.587640
14.301340 2.589363
14.515604 2.594393
14.526856 2.594657
14.561889 2.595480
14.505538 2.594157
14.886841 2.603108
14.976325 2.605209
14.940418 2.604366
14.906367 2.603566
14.921761 2.603928
14.917305 2.603823
14.851261 2.602273
14.956208 2.604736
14.972431 2.605117
15.049059 2.606916
15.204113 2.610556
15.315343 2.613167
15.250679 2.611649
15.228826 2.611136
15.117834 2.608531
15.102891 2.608180
15.120346 2.608589
14.935143 2.604242
14.794778 2.600947
14.861524 2.602514
14.374731 2.591086
14.370437 2.590985
14.176923 2.586442
14.176567 2.586434
14.140655 2.585591
14.221324 2.587485
14.243613 2.588008
14.243613 2.588008
14.243822 2.588013
14.227769 2.587636
14.451067 2.592878
14.451067 2.592878
14.742970 2.599730
14.635605 2.597210
14.698889 2.598696
15.403116 2.615228
15.419834 2.615620
15.419260 2.615607
15.421651 2.615663
15.420390 2.615633
15.386485 2.614837
15.346509 2.613899
15.346973 2.613910
15.325549 2.613407
15.293450 2.612653
15.226949 2.611092
15.201079 2.610485
15.072203 2.607459
15.183012 2.610061
15.170208 2.609760
14.982347 2.605350
14.943378 2.604435
15.156738 2.609444
15.156738 2.609444
15.252901 2.611701
15.335993 2.613652
15.237226 2.611333
15.246246 2.611545
15.192657 2.610287
15.158432 2.609484
15.204682 2.610569
15.246715 2.611556
15.246715 2.611556
15.144232 2.609150
15.144232 2.609150
15.069660 2.607400
14.770527 2.600377
14.765058 2.600249
14.597560 2.596317
14.597523 2.596316
14.571516 2.595705
14.597003 2.596304
14.582942 2.595974
14.393755 2.591533
14.435411 2.592510
14.435411 2.592510
14.392092 2.591493
14.392885 2.591512
14.476078 2.593465
14.443661 2.592704
14.456274 2.593000
14.456356 2.593002
14.507055 2.594192
14.499643 2.594018
14.538498 2.594930
14.574701 2.595780
14.525361 2.594622
14.592307 2.596194
14.631288 2.597109
14.588619 2.596107
14.595252 2.596263
14.526274 2.594643
14.482595 2.593618
14.485316 2.593682
14.399439 2.591666
14.338539 2.590236
14.352011 2.590553
14.353541 2.590588
14.356979 2.590669
14.406716 2.591837
14.484479 2.593662
14.561741 2.595476
15.056900 2.607100
15.056900 2.607100
15.004048 2.605859
15.004048 2.605859
14.991536 2.605566
14.884500 2.603053
15.323533 2.613359
15.495699 2.617401
15.508301 2.617697
15.433526 2.615941
15.586196 2.619525
15.564089 2.619006
15.547016 2.618606
15.516584 2.617891
15.617728 2.620266
15.613781 2.620173
15.606317 2.619998
15.602369 2.619905
15.602369 2.619905
15.981561 2.628807
15.975667 2.628668
15.975667 2.628668
15.908492 2.627091
15.629618 2.620545
15.567388 2.619084
15.411050 2.615414
15.614204 2.620183
15.808168 2.624736
15.915813 2.627263
15.625937 2.620458
15.564210 2.619009
15.634067 2.620649
15.613159 2.620158
15.615995 2.620225
15.334664 2.613621
15.329701 2.613504
15.314643 2.613151
15.379171 2.614665
15.568357 2.619107
15.583228 2.619456
15.761776 2.623647
15.781404 2.624108
15.790022 2.624310
15.441450 2.616128
15.509540 2.617726
14.793830 2.600924
14.882587 2.603008
14.896848 2.603343
14.932372 2.604177
14.987360 2.605468
14.967309 2.604997
14.851619 2.602281
14.611429 2.596642
14.612681 2.596672
14.612681 2.596672
14.422102 2.592198
14.471896 2.593367
14.517477 2.594437
14.220320 2.587461
14.169216 2.586261
14.344136 2.590368
14.061530 2.583733
13.907602 2.580120
14.227355 2.587626
14.079915 2.584165
14.270307 2.588635
14.269692 2.588620
14.225746 2.587588
14.145351 2.585701
14.197777 2.586932
14.130874 2.585361
14.153225 2.585886
14.153225 2.585886
14.157171 2.585979
14.215111 2.587339
14.143755 2.585664
15.771778 2.623882
15.776264 2.623987
16.219003 2.634381
16.115075 2.631941
16.115075 2.631941
16.287540 2.635990
16.287540 2.635990
16.281043 2.635837
16.391903 2.638440
16.563691 2.642473
16.234247 2.634739
16.248458 2.635072
16.229140 2.634619
16.158231 2.632954
16.047510 2.630355
16.139929 2.632525
16.129646 2.632283
16.129646 2.632283
16.060154 2.630652
15.907430 2.627067
15.903235 2.626968
15.937509 2.627773
15.782383 2.624131
15.699787 2.622192
15.701876 2.622241
15.800469 2.624556
15.786384 2.624225
15.869922 2.626186
15.919280 2.627345
15.877938 2.626374
15.802025 2.624592
15.829567 2.625239
15.829567 2.625239
15.808475 2.624744
15.806110 2.624688
15.881609 2.626460
15.790149 2.624313
15.894090 2.626753
15.879217 2.626404
15.353830 2.614071
15.176091 2.609898
14.939735 2.604350
14.765438 2.600258
14.907478 2.603592
15.100496 2.608123
15.014995 2.606116
15.014995 2.606116
14.972827 2.605126
15.118104 2.608537
15.014414 2.606103
15.036744 2.606627
13.477626 2.570026
13.470964 2.569870
13.316645 2.566247
13.107895 2.561346
13.107895 2.561346
13.110680 2.561412
12.979382 2.558330
12.902507 2.556525
13.114875 2.561510
13.967850 2.581534
14.006336 2.582438
14.089259 2.584384
14.056475 2.583615
14.028687 2.582962
13.939013 2.580857
14.003767 2.582377
14.364879 2.590855
14.522164 2.594547
14.455979 2.592993
14.451314 2.592884
14.524732 2.594607
14.533895 2.594822
14.424641 2.592258
14.400745 2.591697
13.762534 2.576714
13.740322 2.576193
13.827599 2.578242
13.820204 2.578068
13.773200 2.576965
13.557633 2.571904
13.408629 2.568406
13.428814 2.568880
13.463511 2.569695
13.526704 2.571178
13.556467 2.571877
13.587170 2.572598
13.587170 2.572598
13.541768 2.571532
13.459121 2.569592
13.444212 2.569242
13.496096 2.570460
13.466926 2.569775
13.532078 2.571304
13.499485 2.570539
13.458472 2.569576
13.473566 2.569931
13.034711 2.559628
13.069610 2.560448
12.990654 2.558594
12.934602 2.557278
12.989921 2.558577
12.898214 2.556424
12.893621 2.556316
12.734561 2.552582
12.688463 2.551500
12.675945 2.551206
12.682922 2.551370
12.697209 2.551705
12.685359 2.551427
12.562656 2.548547
12.413680 2.545050
12.386017 2.544400
12.302244 2.542434
12.350885 2.543575
12.347529 2.543497
12.359953 2.543788
12.359953 2.543788
12.501971 2.547122
12.822723 2.554652
12.822723 2.554652
12.826462 2.554740
12.834957 2.554939
12.834957 2.554939
12.835335 2.554948
12.835335 2.554948
12.894175 2.556329
12.790549 2.553897
13.220467 2.563989
13.218185 2.563936
12.970725 2.558126
12.970725 2.558126
12.912809 2.556767
12.884668 2.556106
12.937523 2.557347
12.877434 2.555936
12.828173 2.554780
12.801044 2.554143
12.806866 2.554280
12.815849 2.554491
12.815849 2.554491
12.916962 2.556864
12.832238 2.554875
12.750055 2.552946
12.726378 2.552390
12.819992 2.554588
12.820118 2.554591
12.802507 2.554177
12.802507 2.554177
12.789747 2.553878
12.787452 2.553824
12.792193 2.553935
12.792193 2.553935
12.789856 2.553880
12.811722 2.554394
12.840730 2.555075
12.925972 2.557076
13.028047 2.559472
12.994976 2.558696
12.987153 2.558512
12.999298 2.558797
12.821255 2.554617
12.193570 2.539882
12.193570 2.539882
12.197412 2.539973
12.170456 2.539340
12.154028 2.538954
12.215846 2.540405
12.180721 2.539581
12.423495 2.545280
12.424205 2.545297
12.303055 2.542453
12.333351 2.543164
12.333351 2.543164
12.360547 2.543802
12.367163 2.543958
12.116738 2.538079
12.147878 2.538810
12.160034 2.539095
12.638607 2.550330
12.664163 2.550930
12.653087 2.550670
12.653087 2.550670
12.707016 2.551936
12.710330 2.552013
12.686769 2.551460
12.672631 2.551128
12.753071 2.553017
12.770371 2.553423
12.718711 2.552210
12.773715 2.553501
12.819485 2.554576
12.819485 2.554576
12.290909 2.542167
12.290909 2.542167
12.286878 2.542073
12.648247 2.550556
12.638779 2.550334
12.657589 2.550775
12.658404 2.550795
12.671545 2.551103
12.709168 2.551986
12.728864 2.552449
13.836134 2.578442
13.868392 2.579199
13.877219 2.579407
13.503764 2.570640
13.286720 2.565544
13.317310 2.566263
13.430564 2.568921
13.462798 2.569678
13.595126 2.572784
13.581747 2.572470
13.533877 2.571347
13.622795 2.573434
13.561462 2.571994
13.561462 2.571994
13.568671 2.572163
13.568671 2.572163
13.576432 2.572346
13.973470 2.581666
13.966179 2.581495
13.968728 2.581555
13.998162 2.582246
14.283326 2.588940
14.270973 2.588650
14.274554 2.588734
14.305162 2.589453
14.304185 2.589430
14.185929 2.586654
14.127120 2.585273
14.109033 2.584849
14.276839 2.588788
13.993480 2.582136
13.799249 2.577576
13.765166 2.576776
13.616427 2.573284
13.608769 2.573105
13.661043 2.574332
13.661043 2.574332
13.536090 2.571399
13.532802 2.571321
13.642733 2.573902
13.651225 2.574101
13.651225 2.574101
13.803885 2.577685
13.803885 2.577685
13.724670 2.575825
13.506964 2.570715
13.352361 2.567085
13.309916 2.566089
13.380900 2.567755
13.434116 2.569005
13.409254 2.568421
13.450989 2.569401
13.497625 2.570496
13.647289 2.574009
13.639914 2.573836
13.634105 2.573699
13.691879 2.575056
13.667878 2.574492
13.671750 2.574583
13.657417 2.574247
13.669369 2.574527
13.483903 2.570173
13.477663 2.570027
13.294926 2.565737
13.264435 2.565021
13.265780 2.565053
13.312115 2.566141
13.249161 2.564663
13.225273 2.564102
13.233013 2.564284
13.386553 2.567888
13.371917 2.567544
13.425436 2.568801
13.452024 2.569425
13.419063 2.568651
13.428249 2.568867
13.481877 2.570126
13.970615 2.581599
13.970615 2.581599
13.957494 2.581291
13.957494 2.581291
14.007438 2.582464
13.949054 2.581093
13.935000 2.580763
14.007589 2.582467
13.975741 2.581719
14.076054 2.584074
14.838917 2.601983
14.815241 2.601427
14.971360 2.605092
15.363993 2.614309
13.440595 2.569157
13.477684 2.570027
13.504901 2.570666
13.563628 2.572045
13.571813 2.572237
13.293732 2.565709
13.218215 2.563936
13.218215 2.563936
13.260066 2.564919
13.384999 2.567852
13.444269 2.569243
13.488549 2.570282
13.407061 2.568370
13.369776 2.567494
13.393265 2.568046
13.439794 2.569138
13.312898 2.566159
13.282964 2.565456
13.282215 2.565439
13.342844 2.566862
13.280143 2.565390
13.398778 2.568175
13.396359 2.568118
13.298324 2.565817
13.299145 2.565836
13.239430 2.564434
13.239430 2.564434
13.238841 2.564420
13.199504 2.563497
13.271220 2.565181
13.271220 2.565181
13.446935 2.569306
13.339709 2.566788
13.413943 2.568531
13.353492 2.567112
13.559394 2.571946
13.568319 2.572155
13.551837 2.571768
13.504636 2.570660
13.312402 2.566147
13.312402 2.566147
13.371483 2.567534
13.388345 2.567930
13.330353 2.566569
13.602204 2.572951
13.619029 2.573346
13.591455 2.572698
13.781887 2.577169
13.766903 2.576817
13.761044 2.576679
14.671555 2.598054
14.743767 2.599749
14.117701 2.585052
14.200344 2.586992
14.201270 2.587014
14.159228 2.586027
14.166746 2.586203
14.120182 2.585110
14.118608 2.585073
14.157231 2.585980
14.130010 2.585341
14.130010 2.585341
13.975914 2.581724
14.004529 2.582395
14.283057 2.588934
14.265949 2.588532
14.270610 2.588642
14.248792 2.588129
14.218353 2.587415
15.243367 2.611477
15.390040 2.614921
15.266898 2.612030
15.236725 2.611322
15.194138 2.610322
15.289659 2.612564
15.286688 2.612494
15.308744 2.613012
15.019696 2.606227
14.969060 2.605038
15.125437 2.608709
15.010180 2.606003
15.010180 2.606003
15.001159 2.605792
14.986749 2.605453
14.986749 2.605453
14.871552 2.602749
14.583186 2.595979
14.685128 2.598373
14.661211 2.597811
14.630351 2.597087
14.689037 2.598464
14.689037 2.598464
14.673621 2.598102
14.661860 2.597826
14.748225 2.599854
14.788493 2.600799
14.637466 2.597254
14.679729 2.598246
14.662322 2.597837
14.573623 2.595755
14.663314 2.597860
14.548049 2.595155
14.505195 2.594149
14.408883 2.591888
14.334427 2.590140
14.276128 2.588771
14.267989 2.588580
14.277463 2.588803
14.278800 2.588834
14.163071 2.586117
14.119602 2.585097
13.966326 2.581498
13.894394 2.579810
13.932301 2.580700
13.897859 2.579891
13.898441 2.579905
13.934092 2.580742
13.815332 2.577954
13.665124 2.574428
13.756949 2.576583
13.783354 2.577203
13.748406 2.576383
13.749688 2.576413
13.823906 2.578155
13.815918 2.577968
13.854055 2.578863
13.358449 2.567228
13.358449 2.567228
13.368575 2.567466
13.341578 2.566832
13.341578 2.566832
13.190128 2.563277
13.177651 2.562984
13.078033 2.560645
13.130959 2.561888
13.166625 2.562725
13.441160 2.569170
13.451295 2.569408
13.662722 2.574371
13.527191 2.571190
13.838550 2.578499
13.862494 2.579061
13.811438 2.577862
13.662442 2.574365
13.795482 2.577488
13.483689 2.570168
13.479972 2.570081
13.259473 2.564905
13.281297 2.565417
13.074668 2.560566
13.071466 2.560491
13.071466 2.560491
13.071466 2.560491
13.995289 2.582178
14.076987 2.584096
14.007422 2.582463
13.972408 2.581641
13.960593 2.581364
13.930231 2.580651
13.840227 2.578538
13.967095 2.581516
13.953918 2.581207
13.959512 2.581338
13.959512 2.581338
13.959512 2.581338
13.962376 2.581406
14.403850 2.591769
14.159878 2.586042
13.973191 2.581660
14.066741 2.583856
14.074302 2.584033
14.172834 2.586346
14.161500 2.586080
14.137220 2.585510
14.151702 2.585850
14.126478 2.585258
14.367173 2.590908
14.367173 2.590908
14.206889 2.587146
14.206889 2.587146
14.169101 2.586259
14.174648 2.586389
14.178893 2.586489
14.179145 2.586494
14.176213 2.586426
14.241223 2.587952
14.241223 2.587952
14.243792 2.588012
14.345012 2.590388
14.455306 2.592977
14.382658 2.591272
14.370108 2.590977
14.370108 2.590977
14.385954 2.591349
14.496738 2.593950
14.561358 2.595467
14.704865 2.598836
14.747118 2.599828
14.689478 2.598475
14.687055 2.598418
14.792049 2.600883
14.803476 2.601151
14.851304 2.602274
14.697015 2.598652
14.716652 2.599113
14.580923 2.595926
14.554643 2.595309
14.701445 2.598756
14.537401 2.594905
14.512624 2.594323
14.470405 2.593332
14.613657 2.596695
14.615695 2.596743
14.626893 2.597005
14.645846 2.597450
14.655803 2.597684
14.616558 2.596763
14.598317 2.596335
14.622238 2.596896
14.518734 2.594466
14.574532 2.595776
13.741963 2.576231
13.525698 2.571155
13.550617 2.571740
13.639459 2.573825
13.625010 2.573486
13.739430 2.576172
13.739430 2.576172
13.889864 2.579703
13.910463 2.580187
13.773187 2.576964
13.767967 2.576842
13.775170 2.577011
13.768751 2.576860
13.686315 2.574925
13.681621 2.574815
13.681621 2.574815
13.681621 2.574815
13.546698 2.571648
13.540695 2.571507
13.697074 2.575178
13.808521 2.577794
13.629910 2.573601
13.633509 2.573685
13.637471 2.573778
13.600509 2.572911
13.560184 2.571964
13.533532 2.571338
13.535022 2.571373
13.492917 2.570385
13.521211 2.571049
13.521211 2.571049
13.526694 2.571178
13.526694 2.571178
13.526694 2.571178
13.496725 2.570474
13.484840 2.570195
14.255436 2.588285
14.312300 2.589620
14.280292 2.588869
14.251762 2.588199
13.918271 2.580370
13.903474 2.580023
13.786269 2.577272
14.290824 2.589116
14.278653 2.588830
14.280810 2.588881
14.289840 2.589093
14.129977 2.585340
14.085125 2.584287
14.217720 2.587400
14.161176 2.586073
14.111679 2.584911
14.111679 2.584911
14.111679 2.584911
14.320659 2.589817
14.328198 2.589994
14.344611 2.590379
14.342641 2.590333
14.334957 2.590152
14.282725 2.588926
14.282725 2.588926
13.801112 2.577620
13.797386 2.577533
13.833712 2.578385
13.876316 2.579385
13.940878 2.580901
13.940878 2.580901
13.940878 2.580901
13.940878 2.580901
14.028179 2.582950
13.986627 2.581975
13.987722 2.582001
14.026811 2.582918
13.907140 2.580109
14.137809 2.585524
14.137809 2.585524
14.139637 2.585567
14.139637 2.585567
14.061442 2.583731
13.954092 2.581211
13.922391 2.580467
13.948898 2.581089
13.682744 2.574841
13.705567 2.575377
13.681070 2.574802
13.681070 2.574802
13.681070 2.574802
13.800821 2.577613
13.853930 2.578860
14.187427 2.586689
14.197827 2.586933
14.193000 2.586820
14.167403 2.586219
14.333534 2.590119
14.285523 2.588992
14.286388 2.589012
14.284056 2.588957
14.350675 2.590521
14.321799 2.589843
14.423531 2.592231
14.439831 2.592614
14.445169 2.592739
14.408710 2.591884
14.402445 2.591736
14.476720 2.593480
14.472735 2.593387
14.642241 2.597366
14.670782 2.598036
14.597071 2.596305
14.597071 2.596305
14.657845 2.597732
14.709432 2.598943
14.630205 2.597083
14.581157 2.595932
14.550279 2.595207
14.546682 2.595123
14.546682 2.595123
14.565692 2.595569
14.583696 2.595991
14.435236 2.592506
14.327994 2.589989
14.313524 2.589649
13.677797 2.574725
13.692357 2.575067
13.639453 2.573825
13.833604 2.578383
13.763316 2.576733
13.763316 2.576733
13.904545 2.580048
14.114991 2.584988
14.119260 2.585089
14.174706 2.586390
14.101946 2.584682
14.101946 2.584682
14.106670 2.584793
14.074410 2.584036
14.047342 2.583400
14.020573 2.582772
14.002097 2.582338
14.002097 2.582338
14.037448 2.583168
13.995523 2.582184
13.978583 2.581786
13.990221 2.582059
13.643296 2.573915
14.726855 2.599352
14.731939 2.599471
14.653395 2.597628
14.666391 2.597933
14.666391 2.597933
14.404354 2.591781
14.356719 2.590663
14.356719 2.590663
14.285491 2.588991
13.398589 2.568171
13.568711 2.572164
13.492498 2.570375
13.495665 2.570450
13.559952 2.571959
13.462165 2.569663
13.504310 2.570652
13.504310 2.570652
13.504310 2.570652
13.494925 2.570432
13.433290 2.568985
13.521127 2.571047
13.445613 2.569275
13.503860 2.570642
13.474488 2.569952
13.417020 2.568603
13.318471 2.566290
13.318471 2.566290
13.320119 2.566329
13.548082 2.571680
13.541474 2.571525
13.537416 2.571430
13.680131 2.574780
13.811461 2.577863
13.858238 2.578961
13.806097 2.577737
13.806097 2.577737
13.753850 2.576511
13.753850 2.576511
13.634653 2.573712
13.660001 2.574307
13.632693 2.573666
13.732849 2.576018
13.725686 2.575849
13.723515 2.575798
13.723302 2.575793
13.702099 2.575296
13.694990 2.575129
13.612551 2.573193
13.612993 2.573204
13.503045 2.570623
13.522543 2.571080
13.521841 2.571064
13.499275 2.570534
13.524795 2.571133
14.423507 2.592231
14.411171 2.591941
14.419151 2.592129
14.467202 2.593257
14.668466 2.597981
14.698226 2.598680
14.896433 2.603333
14.931826 2.604164
14.925052 2.604005
14.989803 2.605525
14.976288 2.605208
15.181962 2.610036
15.138122 2.609007
15.946996 2.627995
15.951472 2.628100
15.704813 2.622310
15.768290 2.623800
15.786568 2.624229
15.759163 2.623586
15.115690 2.608480
15.138096 2.609006
15.542720 2.618505
15.542720 2.618505
15.395560 2.615050
15.394877 2.615034
15.496125 2.617411
15.479289 2.617016
15.476270 2.616945
15.367564 2.614393
15.302518 2.612866
15.095685 2.608011
15.095685 2.608011
15.063582 2.607257
15.063582 2.607257
15.063582 2.607257
14.825371 2.601665
14.825371 2.601665
14.727637 2.599371
14.728001 2.599379
14.876408 2.602863
14.854251 2.602343
14.848692 2.602212
14.839928 2.602007
14.839928 2.602007
14.086395 2.584317
13.995060 2.582173
13.926766 2.580570
13.930424 2.580656
13.928439 2.580609
14.019634 2.582750
14.113459 2.584952
14.242203 2.587975
14.360596 2.590754
14.109769 2.584866
15.052528 2.606997
14.982835 2.605361
14.855932 2.602382
14.855932 2.602382
14.835221 2.601896
14.769480 2.600353
14.769480 2.600353
14.793091 2.600907
14.770316 2.600372
14.705340 2.598847
14.539073 2.594944
14.493962 2.593885
14.648583 2.597515
14.647851 2.597497
14.624835 2.596957
14.721373 2.599223
14.757475 2.600071
14.797508 2.601011
14.808321 2.601265
14.808321 2.601265
14.503781 2.594115
14.393518 2.591527
14.365161 2.590861
14.386797 2.591369
14.187401 2.586688
14.185140 2.586635
14.202277 2.587037
14.182843 2.586581
14.182843 2.586581
14.180055 2.586516
14.179842 2.586511
14.179842 2.586511
14.220543 2.587466
14.222065 2.587502
14.218502 2.587418
14.204383 2.587087
14.204766 2.587096
14.091013 2.584426
14.059062 2.583675
14.104106 2.584733
14.113094 2.584944
14.113094 2.584944
14.113094 2.584944
14.113094 2.584944
14.113094 2.584944
13.408035 2.568392
13.408035 2.568392
13.412296 2.568492
13.321981 2.566372
13.321981 2.566372
13.409507 2.568427
13.409507 2.568427
13.461224 2.569641
13.284539 2.565493
13.212778 2.563809
13.212778 2.563809
13.212778 2.563809
13.234298 2.564314
13.249305 2.564666
13.249305 2.564666
13.245568 2.564578
13.265986 2.565058
13.430578 2.568922
13.882168 2.579523
14.079891 2.584164
14.079891 2.584164
14.167549 2.586222
14.167549 2.586222
14.187290 2.586686
14.187290 2.586686
14.195205 2.586871
14.201573 2.587021
14.180498 2.586526
14.047894 2.583413
14.101866 2.584680
14.563465 2.595517
14.558410 2.595398
14.536999 2.594895
14.513514 2.594344
14.513514 2.594344
14.449877 2.592850
14.483728 2.593645
14.434455 2.592488
14.459600 2.593078
14.564184 2.595533
14.725470 2.599320
14.710938 2.598978
13.321187 2.566354
13.316943 2.566254
13.410543 2.568451
13.175682 2.562938
13.168774 2.562776
13.160865 2.562590
13.162335 2.562624
13.209247 2.563726
13.247076 2.564614
13.237650 2.564393
13.230485 2.564224
13.225931 2.564117
13.225931 2.564117
13.107914 2.561347
12.849712 2.555286
12.865962 2.555667
12.842665 2.555120
13.061068 2.560247
12.991551 2.558615
12.977276 2.558280
13.494480 2.570422
13.528595 2.571223
13.298515 2.565821
13.294921 2.565737
13.294921 2.565737
13.315303 2.566215
13.432281 2.568962
13.430099 2.568910
13.550262 2.571731
13.588433 2.572627
13.588433 2.572627
13.873975 2.579330
13.865979 2.579143
13.882923 2.579541
13.917880 2.580361
13.930069 2.580647
13.882861 2.579539
13.145689 2.562234
13.125332 2.561756
13.122248 2.561683
13.090781 2.560945
13.125271 2.561754
13.126311 2.561779
13.149388 2.562321
13.132772 2.561930
13.133136 2.561939
13.162553 2.562630
13.136272 2.562013
13.160149 2.562573
13.090148 2.560930
13.095226 2.561049
12.905779 2.556602
12.849686 2.555285
12.701678 2.551810
12.694706 2.551647
12.663098 2.550905
12.572381 2.548775
12.590053 2.549190
12.604890 2.549538
12.584214 2.549053
13.595859 2.572802
13.624584 2.573476
13.752849 2.576487
13.781756 2.577166
13.830130 2.578301
13.832012 2.578345
13.923540 2.580494
13.909772 2.580171
13.867195 2.579171
13.868552 2.579203
13.868131 2.579193
13.838720 2.578503
13.762512 2.576714
13.762512 2.576714
13.951875 2.581159
13.986583 2.581974
14.029417 2.582980
14.037981 2.583181
13.997142 2.582222
13.958275 2.581309
13.977887 2.581770
13.879207 2.579453
13.832399 2.578354
13.059913 2.560220
13.063894 2.560314
13.157911 2.562521
13.851136 2.578794
12.930912 2.557192
12.930912 2.557192
12.923597 2.557020
12.914664 2.556810
13.358528 2.567230
13.353673 2.567116
13.355473 2.567158
13.310322 2.566099
13.920517 2.580423
13.865320 2.579127
13.777032 2.577055
13.740379 2.576194
13.740379 2.576194
13.748567 2.576386
13.732963 2.576020
13.831308 2.578329
13.799969 2.577593
13.739572 2.576175
13.761432 2.576688
13.933907 2.580737
14.221156 2.587481
14.221156 2.587481
14.221156 2.587481
14.203697 2.587071
14.218548 2.587419
14.217862 2.587403
14.209082 2.587197
14.363519 2.590823
14.363519 2.590823
14.269050 2.588605
14.233654 2.587774
14.246181 2.588068
14.256702 2.588315
14.255006 2.588275
14.238784 2.587895
14.308498 2.589531
14.141882 2.585620
14.162828 2.586111
14.173506 2.586362
14.198388 2.586946
14.559386 2.595421
14.571543 2.595706
14.574337 2.595772
14.626129 2.596988
14.600170 2.596378
14.496826 2.593952
14.623099 2.596916
14.569419 2.595656
14.562584 2.595496
14.572638 2.595732
14.296065 2.589239
14.246686 2.588080
14.334589 2.590144
14.254301 2.588259
14.249683 2.588150
14.245978 2.588063
14.064532 2.583804
14.080362 2.584175
14.186974 2.586678
14.171135 2.586306
14.171135 2.586306
14.074083 2.584028
14.013626 2.582609
14.004908 2.582404
14.027521 2.582935
14.453794 2.592942
14.489209 2.593773
14.489651 2.593784
14.483254 2.593634
14.550748 2.595218
14.472888 2.593390
15.233662 2.611250
15.212415 2.610751
15.281853 2.612381
15.288696 2.612542
15.302703 2.612870
15.382265 2.614738
15.263980 2.611961
15.263980 2.611961
15.267729 2.612049
15.291874 2.612616
15.840621 2.625498
15.861890 2.625997
15.946955 2.627994
16.046328 2.630327
16.077003 2.631047
16.153730 2.632849
16.154890 2.632876
16.158527 2.632961
16.154599 2.632869
16.305051 2.636401
16.290881 2.636068
15.833963 2.625342
15.813493 2.624861
15.796406 2.624460
15.587928 2.619566
15.607164 2.620018
15.600625 2.619864
15.623025 2.620390
15.620796 2.620338
15.736624 2.623057
16.054286 2.630514
16.050924 2.630435
15.940114 2.627834
15.966971 2.628464
16.029215 2.629926
15.959506 2.628289
15.922299 2.627416
15.829802 2.625244
15.828034 2.625203
15.817135 2.624947
15.820526 2.625026
16.371271 2.637955
16.392013 2.638442
16.414546 2.638971
16.388364 2.638357
16.384441 2.638265
16.393321 2.638473
16.910530 2.650615
16.609062 2.643538
15.355666 2.614114
15.360259 2.614222
15.269082 2.612081
15.405706 2.615288
15.423369 2.615703
15.435057 2.615977
15.372814 2.614516
15.296893 2.612734
15.319706 2.613270
15.386457 2.614837
15.386457 2.614837
15.361543 2.614252
15.419232 2.615606
15.425536 2.615754
15.464214 2.616662
15.432482 2.615917
15.473853 2.616888
15.475949 2.616937
15.459478 2.616551
15.482548 2.617092
15.495228 2.617390
15.437032 2.616024
15.478509 2.616997
15.856228 2.625865
15.855941 2.625858
15.847380 2.625657
15.847820 2.625667
15.828715 2.625219
15.849233 2.625700
15.877523 2.626364
15.873819 2.626278
15.825082 2.625133
15.792929 2.624379
15.837198 2.625418
15.768903 2.623815
15.744105 2.623232
15.781766 2.624117
15.766920 2.623768
15.711634 2.622470
15.682170 2.621778
15.772486 2.623899
15.769708 2.623833
15.613398 2.620164
15.587022 2.619545
15.628890 2.620528
15.610745 2.620102
15.623679 2.620405
15.637905 2.620739
15.689810 2.621958
15.715845 2.622569
15.091956 2.607923
15.101624 2.608150
15.143849 2.609141
14.950055 2.604592
14.979453 2.605282
14.963831 2.604915
15.409528 2.615378
15.416917 2.615552
15.399479 2.615142
15.426931 2.615787
15.420119 2.615627
15.676400 2.621643
16.066421 2.630799
15.951240 2.628095
15.820096 2.625016
15.793998 2.624404
15.737129 2.623069
15.154881 2.609400
15.095417 2.608004
15.091500 2.607912
15.097752 2.608059
15.057470 2.607113
15.057470 2.607113
15.034227 2.606568
15.016226 2.606145
14.889733 2.603176
14.987961 2.605482
14.982018 2.605342
14.956862 2.604752
14.950617 2.604605
14.969862 2.605057
14.691087 2.598512
14.429727 2.592377
14.486909 2.593719
14.508856 2.594235
14.508856 2.594235
14.508856 2.594235
14.508856 2.594235
14.512772 2.594326
14.475302 2.593447
14.882966 2.603017
14.884741 2.603059
14.898378 2.603379
14.811787 2.601346
14.411703 2.591954
14.411400 2.591947
14.377237 2.591145
14.430410 2.592393
14.412919 2.591982
14.479658 2.593549
14.490430 2.593802
14.490430 2.593802
14.453538 2.592936
14.471493 2.593357
14.460530 2.593100
14.356870 2.590667
14.429723 2.592377
14.474327 2.593424
14.658344 2.597744
14.917186 2.603820
14.917186 2.603820
14.923191 2.603961
14.951698 2.604630
14.947516 2.604532
14.950153 2.604594
14.942308 2.604410
14.927708 2.604067
15.085727 2.607777
15.062873 2.607240
15.058308 2.607133
15.091880 2.607921
15.078882 2.607616
15.022421 2.606291
15.075683 2.607541
15.052149 2.606989
15.029910 2.606466
14.948876 2.604564
14.952601 2.604652
14.852874 2.602310
14.940736 2.604373
15.006194 2.605910
15.022569 2.606294
15.191526 2.610260
15.233552 2.611247
15.264276 2.611968
15.075171 2.607529
15.033434 2.606549
15.062318 2.607227
14.903554 2.603500
14.907717 2.603598
14.907717 2.603598
14.835139 2.601894
14.886665 2.603104
14.867517 2.602654
14.872958 2.602782
14.174588 2.586387
14.186248 2.586661
14.195187 2.586871
14.209557 2.587208
14.266691 2.588550
14.244974 2.588040
14.064350 2.583800
13.084239 2.560791
13.084239 2.560791
13.093747 2.561014
13.082928 2.560760
13.107593 2.561339
13.095745 2.561061
13.092470 2.560984
13.092470 2.560984
13.092470 2.560984
12.973923 2.558201
13.043144 2.559826
12.963423 2.557955
12.887935 2.556183
12.946064 2.557547
12.961591 2.557912
12.942411 2.557462
12.937983 2.557358
12.880405 2.556006
12.812207 2.554405
12.812207 2.554405
12.823469 2.554669
12.826710 2.554746
12.758786 2.553151
12.655212 2.550720
12.696455 2.551688
12.863548 2.555610
12.887666 2.556177
12.895219 2.556354
12.857096 2.555459
12.929411 2.557157
12.935309 2.557295
12.683729 2.551389
12.691790 2.551578
12.558807 2.548456
12.404012 2.544823
12.412795 2.545029
12.683691 2.551388
12.651334 2.550629
12.658570 2.550798
12.670596 2.551081
12.572668 2.548782
12.617845 2.549842
12.243828 2.541062
11.875109 2.532406
11.812279 2.530931
11.906392 2.533141
11.917233 2.533395
11.887842 2.532705
11.887842 2.532705
11.902370 2.533046
11.856349 2.531966
11.863400 2.532132
12.088711 2.537421
12.098534 2.537651
12.039485 2.536265
11.589755 2.525708
11.569111 2.525223
11.630231 2.526658
11.567965 2.525196
11.570889 2.525265
11.570889 2.525265
11.541115 2.524566
11.545786 2.524675
11.411572 2.521525
11.399216 2.521235
11.345800 2.519981
11.338192 2.519802
11.311131 2.519167
11.244847 2.517611
11.254277 2.517832
11.285460 2.518564
11.288729 2.518641
11.308681 2.519109
11.332410 2.519666
11.544016 2.524634
11.625743 2.526552
11.604746 2.526060
11.593199 2.525788
11.970055 2.534635
12.144575 2.538732
12.144575 2.538732
12.170987 2.539352
12.222151 2.540553
12.197073 2.539965
12.194316 2.539900
12.193503 2.539881
12.198702 2.540003
12.198702 2.540003
12.201777 2.540075
12.184263 2.539664
12.155024 2.538977
12.262549 2.541502
12.258774 2.541413
12.285610 2.542043
12.321575 2.542887
12.304140 2.542478
12.307229 2.542551
12.111767 2.537962
12.080335 2.537224
12.086254 2.537363
11.922489 2.533519
11.955022 2.534282
11.988465 2.535067
11.991705 2.535144
11.996883 2.535265
12.027995 2.535995
12.068152 2.536938
12.026229 2.535954
12.152510 2.538918
12.156693 2.539017
12.172840 2.539396
12.142889 2.538693
12.201515 2.540069
12.210989 2.540291
12.210989 2.540291
12.212547 2.540328
12.286528 2.542065
12.255333 2.541332
12.439763 2.545662
12.452555 2.545962
12.517064 2.547477
12.605905 2.549562
12.594130 2.549286
12.633826 2.550218
12.671326 2.551098
12.389104 2.544473
12.397103 2.544660
12.119555 2.538145
12.059903 2.536744
12.022523 2.535867
12.138938 2.538600
12.116894 2.538082
12.123140 2.538229
12.055195 2.536634
11.900829 2.533010
11.886523 2.532674
12.064852 2.536861
12.064852 2.536861
12.002531 2.535398
11.987690 2.535049
11.978908 2.534843
11.960608 2.534414
11.964203 2.534498
11.886439 2.532672
11.964721 2.534510
11.948614 2.534132
11.950955 2.534187
12.067853 2.536931
12.132605 2.538451
12.084795 2.537329
12.088180 2.537408
12.064842 2.536860
12.313638 2.542701
12.380866 2.544279
12.380866 2.544279
12.519968 2.547545
12.517833 2.547495
12.509005 2.547287
12.421317 2.545229
12.312138 2.542666
12.249615 2.541198
12.332234 2.543138
12.274631 2.541785
12.322978 2.542920
12.749950 2.552944
12.582918 2.549022
12.577762 2.548901
12.408665 2.544932
12.408665 2.544932
12.438727 2.545638
12.495924 2.546980
12.501529 2.547112
12.518963 2.547521
12.787487 2.553825
12.417420 2.545137
12.550092 2.548252
12.543984 2.548108
12.527327 2.547717
12.549544 2.548239
12.596706 2.549346
12.581577 2.548991
12.618493 2.549858
12.605584 2.549555
12.605584 2.549555
12.275107 2.541796
12.279905 2.541909
11.965225 2.534522
12.035109 2.536162
12.513440 2.547391
12.487139 2.546774
12.472805 2.546438
12.422349 2.545253
12.272961 2.541746
12.302636 2.542443
12.128708 2.538360
12.530695 2.547796
12.495291 2.546965
12.498311 2.547036
12.514973 2.547427
12.658449 2.550796
12.648160 2.550554
12.621235 2.549922
12.628307 2.550088
12.826185 2.554733
12.921713 2.556976
12.892656 2.556294
12.902077 2.556515
12.899350 2.556451
12.910045 2.556702
12.894696 2.556342
13.998559 2.582255
14.033445 2.583074
14.182552 2.586574
14.223305 2.587531
14.034340 2.583095
14.151905 2.585855
14.137832 2.585525
14.151358 2.585842
14.151358 2.585842
14.151358 2.585842
14.164914 2.586160
14.198876 2.586958
14.124571 2.585213
14.107130 2.584804
14.154641 2.585919
14.175590 2.586411
14.224630 2.587562
14.260086 2.588395
14.167257 2.586215
14.182109 2.586564
14.006242 2.582435
13.819064 2.578041
13.630161 2.573607
13.597377 2.572837
13.703112 2.575319
13.697196 2.575181
13.635981 2.573743
13.636647 2.573759
13.603241 2.572975
13.564226 2.572059
13.577552 2.572372
13.449723 2.569371
13.316577 2.566245
13.404099 2.568300
13.371742 2.567540
13.449984 2.569377
13.396704 2.568126
13.467325 2.569784
13.753301 2.576498
13.759347 2.576640
13.740719 2.576202
13.798381 2.577556
13.979064 2.581797
14.013986 2.582617
14.030643 2.583008
14.026575 2.582913
14.070022 2.583933
14.021039 2.582783
13.998603 2.582256
14.082716 2.584231
14.084096 2.584263
14.136486 2.585493
14.152309 2.585864
14.074823 2.584045
14.047956 2.583415
13.564716 2.572071
13.575833 2.572331
13.576910 2.572357
13.076374 2.560607
13.079008 2.560668
13.074984 2.560574
13.094115 2.561023
13.086160 2.560836
13.056400 2.560138
13.120118 2.561633
13.376437 2.567651
13.343170 2.566870
13.167857 2.562754
13.170562 2.562818
13.178922 2.563014
13.097678 2.561107
13.114557 2.561503
13.112610 2.561457
13.116796 2.561555
13.398740 2.568174
13.350402 2.567039
13.288124 2.565577
13.279922 2.565385
13.336587 2.566715
13.331700 2.566600
13.319292 2.566309
13.309680 2.566083
13.302030 2.565904
13.260170 2.564921
12.864793 2.555640
12.880522 2.556009
12.809969 2.554353
12.823095 2.554661
12.819766 2.554583
13.367585 2.567443
13.369329 2.567484
13.445484 2.569271
13.413347 2.568517
13.413347 2.568517
13.429910 2.568906
13.544281 2.571591
13.677712 2.574723
13.562068 2.572008
13.562068 2.572008
13.613834 2.573224
13.619840 2.573365
13.619840 2.573365
13.618523 2.573334
13.629709 2.573596
13.646839 2.573998
13.750973 2.576443
13.759146 2.576635
13.735762 2.576086
13.626765 2.573527
13.658336 2.574268
13.666573 2.574462
13.666573 2.574462
13.575686 2.572328
13.574109 2.572291
13.573129 2.572268
13.567166 2.572128
13.514199 2.570885
13.559192 2.571941
13.565507 2.572089
13.668074 2.574497
13.668074 2.574497
13.668074 2.574497
13.580771 2.572447
13.584480 2.572534
13.669167 2.574523
13.626129 2.573512
13.571635 2.572233
12.932839 2.557237
12.945521 2.557535
12.942877 2.557473
12.952394 2.557696
12.952394 2.557696
12.988529 2.558544
13.047766 2.559935
12.938473 2.557369
12.916357 2.556850
12.979691 2.558337
12.979691 2.558337
12.987480 2.558520
13.033027 2.559589
12.937882 2.557355
12.956296 2.557788
13.000171 2.558818
13.012656 2.559111
12.907067 2.556632
12.876100 2.555905
12.876648 2.555918
12.800441 2.554129
12.827032 2.554753
12.807994 2.554306
12.885550 2.556127
12.879915 2.555995
12.872966 2.555831
12.891071 2.556256
12.836021 2.554964
12.827066 2.554754
12.823942 2.554681
12.835843 2.554960
12.868584 2.555729
12.864764 2.555639
12.827696 2.554769
12.849476 2.555280
12.792831 2.553950
13.111934 2.561441
13.151941 2.562380
13.138265 2.562059
13.138265 2.562059
13.409772 2.568433
13.428683 2.568877
13.034169 2.559616
13.055593 2.560119
13.040721 2.559770
12.998130 2.558770
12.916514 2.556854
12.293692 2.542233
12.319080 2.542829
12.375755 2.544159
12.386584 2.544413
12.370070 2.544026
12.228994 2.540714
12.465315 2.546262
12.427773 2.545380
12.358409 2.543752
12.524452 2.547650
12.551574 2.548287
12.567531 2.548661
12.583490 2.549036
12.591097 2.549214
12.768275 2.553374
12.805332 2.554244
12.845567 2.555188
12.876601 2.555917
12.879825 2.555992
12.886548 2.556150
12.978362 2.558306
12.978362 2.558306
12.849944 2.555291
12.876028 2.555903
12.876028 2.555903
12.565947 2.548624
12.587877 2.549139
12.525389 2.547672
12.679824 2.551297
13.349165 2.567010
13.786291 2.577272
13.740097 2.576188
13.725203 2.575838
13.741736 2.576226
13.702359 2.575302
13.883322 2.579550
13.878149 2.579428
14.028462 2.582957
13.992844 2.582121
14.005518 2.582418
14.005518 2.582418
13.712993 2.575551
13.933829 2.580736
14.094845 2.584515
13.814777 2.577941
13.772440 2.576947
13.736298 2.576098
13.817757 2.578011
13.822242 2.578116
13.857529 2.578944
13.857529 2.578944
14.247035 2.588088
14.306112 2.589475
14.306286 2.589479
14.238900 2.587897
14.292103 2.589146
14.447714 2.592799
13.952529 2.581175
13.847973 2.578720
13.847973 2.578720
13.856896 2.578930
13.473357 2.569926
13.060142 2.560225
13.045178 2.559874
13.166811 2.562730
13.175897 2.562943
13.179056 2.563017
13.202335 2.563563
13.280541 2.565399
13.280541 2.565399
13.280541 2.565399
13.094535 2.561033
12.611057 2.549683
12.628095 2.550083
12.704472 2.551876
12.799371 2.554104
12.886227 2.556143
12.951374 2.557672
12.951374 2.557672
12.951374 2.557672
12.928405 2.557133
12.862627 2.555589
12.810686 2.554369
13.011431 2.559082
13.034863 2.559632
13.034863 2.559632
13.057590 2.560166
13.448425 2.569341
13.258586 2.564884
13.258586 2.564884
13.004793 2.558926
13.004793 2.558926
13.514515 2.570892
13.578305 2.572390
12.972202 2.558161
13.031408 2.559551
13.039634 2.559744
13.048045 2.559941
13.074248 2.560557
13.098475 2.561125
13.098475 2.561125
13.057176 2.560156
13.732935 2.576020
13.732935 2.576020
13.559667 2.571952
13.538884 2.571464
13.594284 2.572765
13.642015 2.573885
13.642015 2.573885
13.608544 2.573099
13.658379 2.574269
14.376637 2.591131
14.408381 2.591876
13.992239 2.582107
13.992239 2.582107
13.973497 2.581667
13.920341 2.580419
13.940481 2.580892
13.622011 2.573416
12.986016 2.558485
12.989116 2.558558
12.571960 2.548765
12.534580 2.547888
12.542762 2.548080
12.572131 2.548769
12.558533 2.548450
12.577841 2.548903
12.578971 2.548930
12.568152 2.548676
12.716050 2.552148
12.716050 2.552148
13.183903 2.563131
12.681167 2.551329
13.112398 2.561452
13.114796 2.561508
12.988001 2.558532
12.969424 2.558096
12.935647 2.557303
12.947282 2.557576
12.879038 2.555974
12.999187 2.558795
13.486998 2.570246
13.407414 2.568378
13.536901 2.571418
13.483193 2.570157
13.478454 2.570045
13.589742 2.572658
13.589742 2.572658
13.681456 2.574811
13.690693 2.575028
14.037439 2.583168
14.037439 2.583168
14.054465 2.583568
14.050894 2.583484
14.079431 2.584154
14.129027 2.585318
14.203133 2.587058
14.203994 2.587078
14.451663 2.592892
14.451663 2.592892
14.451663 2.592892
14.493787 2.593881
14.994734 2.605641
14.946672 2.604512
14.946672 2.604512
17.609358 2.667020
17.614106 2.667131
17.819674 2.671957
17.780162 2.671030
15.360735 2.614233
15.410886 2.615410
15.410886 2.615410
15.410886 2.615410
15.408250 2.615348
15.552459 2.618733
15.450530 2.616341
15.417176 2.615558
15.202265 2.610513
14.884076 2.603043
14.957121 2.604758
14.957845 2.604775
14.931786 2.604163
14.880225 2.602953
14.899602 2.603407
14.917695 2.603832
14.835785 2.601909
15.078226 2.607601
15.546663 2.618597
15.260787 2.611886
15.263192 2.611943
15.263192 2.611943
15.196775 2.610384
15.158217 2.609479
15.061016 2.607197
15.073418 2.607488
14.451451 2.592887
14.451747 2.592894
14.450784 2.592871
14.450784 2.592871
14.454785 2.592965
14.251670 2.588197
14.773879 2.600456
14.964643 2.604934
14.944049 2.604451
14.912190 2.603703
14.911508 2.603687
14.664232 2.597882
14.607223 2.596544
