136.284481 5.904807
133.020050 5.821823
128.179779 5.698781
120.573997 5.505437
119.708818 5.483444
112.033906 5.288343
106.346561 5.143768
100.345434 4.991215
101.183302 5.012515
99.838403 4.978326
95.035601 4.856236
95.773670 4.874999
89.350874 4.711727
89.350874 4.711727
88.417870 4.688010
83.812586 4.570941
77.962676 4.422233
77.506716 4.410642
77.436630 4.408860
73.903577 4.319048
73.618446 4.311800
70.509227 4.232762
69.950312 4.218554
69.950312 4.218554
69.941318 4.218325
69.607278 4.209834
70.739603 4.238618
71.877619 4.267547
71.723366 4.263626
69.050135 4.195671
65.934091 4.116459
65.632985 4.108805
65.927612 4.116294
65.927612 4.116294
65.956562 4.117030
63.417262 4.052480
63.990748 4.067058
63.990748 4.067058
63.674549 4.059020
63.674549 4.059020
63.675342 4.059040
67.629275 4.159552
67.831735 4.164698
67.807269 4.164076
67.807269 4.164076
64.371493 4.076737
64.371493 4.076737
60.850076 3.987220
58.909403 3.937887
58.952594 3.938985
58.903591 3.937740
58.903591 3.937740
58.875804 3.937033
58.714865 3.932942
58.714865 3.932942
60.475386 3.977696
60.320356 3.973755
60.320356 3.973755
60.334463 3.974113
60.313060 3.973569
57.453884 3.900887
57.070449 3.891140
56.715058 3.882106
56.715058 3.882106
56.715058 3.882106
53.491855 3.800170
54.342984 3.821806
54.024177 3.813702
54.077703 3.815063
54.405298 3.823390
54.405298 3.823390
53.224973 3.793386
53.224973 3.793386
53.224973 3.793386
53.224973 3.793386
52.503127 3.775036
52.402994 3.772491
52.914308 3.785489
52.914308 3.785489
52.899383 3.785109
53.761016 3.807012
53.265951 3.794428
53.565332 3.802038
53.565332 3.802038
51.397753 3.746937
51.397753 3.746937
51.397753 3.746937
50.853648 3.733105
50.853648 3.733105
50.853648 3.733105
50.867045 3.733446
50.269475 3.718255
50.172355 3.715787
50.172355 3.715787
50.127835 3.714655
46.819168 3.630547
46.952831 3.633944
46.965499 3.634266
46.965499 3.634266
46.965499 3.634266
46.965499 3.634266
46.965499 3.634266
46.951629 3.633914
46.951629 3.633914
46.621644 3.625525
46.237619 3.615763
46.237619 3.615763
45.970312 3.608968
45.970312 3.608968
44.216407 3.564383
45.683704 3.601682
45.337891 3.592892
45.335214 3.592824
41.560638 3.496872
41.574144 3.497215
41.706673 3.500584
41.010470 3.482886
41.090867 3.484930
41.090867 3.484930
40.799900 3.477533
40.799900 3.477533
40.799900 3.477533
40.799900 3.477533
40.777845 3.476973
40.865285 3.479195
40.865285 3.479195
43.629591 3.549466
43.700455 3.551267
43.745982 3.552424
43.745982 3.552424
43.749473 3.552513
43.749473 3.552513
43.102881 3.536076
43.102881 3.536076
43.102881 3.536076
43.102881 3.536076
42.707613 3.526028
43.087535 3.535686
43.036081 3.534378
43.036081 3.534378
43.639470 3.549717
43.639470 3.549717
43.639617 3.549721
43.627148 3.549404
43.627148 3.549404
43.592969 3.548535
44.014265 3.559244
44.014265 3.559244
43.563833 3.547794
44.021216 3.559421
44.021216 3.559421
43.668242 3.550448
43.680042 3.550748
43.276721 3.540495
43.255397 3.539953
43.614985 3.549094
42.757771 3.527303
42.322516 3.516239
42.322516 3.516239
42.335424 3.516567
42.335424 3.516567
42.335424 3.516567
42.335424 3.516567
42.335424 3.516567
42.679726 3.525320
39.584462 3.446636
39.584545 3.446638
39.584545 3.446638
39.584545 3.446638
39.910507 3.454924
40.018444 3.457668
40.088063 3.459438
40.088063 3.459438
40.067035 3.458903
40.067035 3.458903
40.143901 3.460857
40.089668 3.459479
40.065227 3.458857
40.065227 3.458857
39.325994 3.440066
37.266226 3.387705
37.266226 3.387705
35.738566 3.348871
35.736758 3.348825
35.819566 3.350930
35.901309 3.353008
35.854025 3.351806
35.859402 3.351943
35.422001 3.340824
35.422001 3.340824
35.921821 3.353530
35.921821 3.353530
35.921821 3.353530
36.078769 3.357519
36.288398 3.362848
36.288398 3.362848
36.469585 3.367454
36.469585 3.367454
36.401703 3.365729
36.401703 3.365729
36.547821 3.369443
36.488387 3.367932
36.890828 3.378162
36.793268 3.375682
37.239317 3.387021
37.253886 3.387392
37.152075 3.384803
37.152075 3.384803
37.152075 3.384803
37.198739 3.385990
37.804503 3.401389
37.804503 3.401389
37.743358 3.399834
37.852728 3.402614
37.852728 3.402614
37.852728 3.402614
37.929969 3.404578
38.006486 3.406523
38.265658 3.413111
38.193008 3.411265
38.292198 3.413786
38.262257 3.413025
38.262257 3.413025
38.262257 3.413025
38.262257 3.413025
39.045762 3.432942
40.042431 3.458278
39.187230 3.436538
39.187230 3.436538
36.854972 3.377251
36.768780 3.375060
36.768780 3.375060
36.768780 3.375060
36.141280 3.359108
36.141280 3.359108
36.141280 3.359108
36.102815 3.358131
35.726458 3.348563
35.296919 3.337644
35.901292 3.353008
35.901292 3.353008
35.901292 3.353008
35.901292 3.353008
36.296644 3.363058
36.075226 3.357429
36.223503 3.361199
36.223503 3.361199
36.092401 3.357866
36.128867 3.358793
35.109234 3.332873
35.109234 3.332873
35.112851 3.332965
35.409699 3.340511
35.476971 3.342221
35.476971 3.342221
35.370009 3.339502
35.365659 3.339392
35.384637 3.339874
35.735356 3.348790
35.735356 3.348790
35.735356 3.348790
35.735356 3.348790
35.709654 3.348136
35.709654 3.348136
35.709654 3.348136
35.407481 3.340455
38.195575 3.411330
38.195575 3.411330
38.174056 3.410783
38.143480 3.410006
37.177118 3.385440
37.177118 3.385440
37.218473 3.386491
36.793465 3.375687
36.779732 3.375338
36.427102 3.366374
36.427102 3.366374
36.455749 3.367102
36.607050 3.370949
36.504122 3.368332
36.867923 3.377580
36.860060 3.377380
33.436902 3.290362
33.435323 3.290321
33.481232 3.291488
33.650652 3.295795
33.650652 3.295795
33.664986 3.296160
33.741731 3.298110
33.741731 3.298110
29.456555 3.189179
29.456555 3.189179
29.643738 3.193937
29.349602 3.186460
29.349602 3.186460
29.378295 3.187189
29.365985 3.186876
29.491701 3.190072
29.491701 3.190072
29.117059 3.180549
29.091681 3.179903
29.091681 3.179903
29.056960 3.179021
28.649489 3.168663
28.552731 3.166203
28.552731 3.166203
28.785413 3.172118
28.785413 3.172118
28.785413 3.172118
28.785413 3.172118
28.351385 3.161085
28.351385 3.161085
28.000980 3.152177
27.979181 3.151623
27.979181 3.151623
27.720329 3.145043
27.624172 3.142599
27.430520 3.137676
27.430520 3.137676
27.430520 3.137676
27.511579 3.139736
27.407963 3.137102
27.401812 3.136946
27.372563 3.136203
27.348933 3.135602
26.942659 3.125274
26.936451 3.125116
26.963044 3.125792
26.993239 3.126560
26.895213 3.124068
26.895213 3.124068
26.666933 3.118265
26.512472 3.114339
26.512472 3.114339
26.526031 3.114683
26.503034 3.114099
26.503034 3.114099
26.503034 3.114099
26.503034 3.114099
26.547888 3.115239
26.782967 3.121215
26.681779 3.118642
26.817084 3.122082
25.972498 3.100612
26.252356 3.107726
25.917963 3.099226
25.917963 3.099226
25.840143 3.097248
25.840143 3.097248
24.759929 3.069788
24.759929 3.069788
24.905049 3.073477
24.805550 3.070948
24.798286 3.070763
24.662028 3.067299
24.693546 3.068100
24.693546 3.068100
24.693546 3.068100
24.693546 3.068100
24.693546 3.068100
24.709074 3.068495
24.709074 3.068495
25.219907 3.081481
25.219907 3.081481
25.200551 3.080989
25.065667 3.077560
25.111427 3.078723
25.333066 3.084357
25.307462 3.083706
25.307462 3.083706
25.305518 3.083657
22.807528 3.020157
22.785433 3.019595
22.656901 3.016328
22.656901 3.016328
22.656901 3.016328
22.656901 3.016328
22.647143 3.016080
22.647143 3.016080
22.822126 3.020528
22.486199 3.011988
22.486199 3.011988
22.494564 3.012201
22.497100 3.012265
21.128877 2.977484
21.128877 2.977484
21.097695 2.976692
21.321468 2.982380
21.321468 2.982380
21.337691 2.982793
21.222292 2.979859
21.222292 2.979859
20.964564 2.973307
21.572641 2.988765
21.572641 2.988765
21.572641 2.988765
21.572641 2.988765
21.571152 2.988727
21.586723 2.989123
21.484200 2.986517
21.484200 2.986517
21.484200 2.986517
21.484200 2.986517
21.590909 2.989229
21.585622 2.989095
21.597147 2.989388
21.337388 2.982785
21.337388 2.982785
21.337388 2.982785
21.483591 2.986501
21.432103 2.985193
21.396510 2.984288
21.117230 2.977188
21.076172 2.976145
21.076172 2.976145
21.124915 2.977384
21.124915 2.977384
20.877693 2.971099
20.877693 2.971099
20.928503 2.972391
20.824779 2.969754
20.780819 2.968637
20.796790 2.969043
20.782685 2.968684
20.782685 2.968684
20.706397 2.966745
20.706397 2.966745
20.682998 2.966150
20.425559 2.959606
22.282431 3.006808
22.267577 3.006431
23.083090 3.027162
23.331140 3.033467
24.432518 3.061465
23.507585 3.037953
23.530568 3.038537
23.530568 3.038537
25.300688 3.083534
25.539691 3.089610
25.539691 3.089610
25.553301 3.089956
25.138448 3.079410
24.949794 3.074614
24.972229 3.075185
24.972229 3.075185
23.658109 3.041779
23.742191 3.043916
23.514736 3.038134
23.492880 3.037579
23.449623 3.036479
23.461407 3.036779
23.461407 3.036779
23.494293 3.037615
23.483649 3.037344
23.605699 3.040447
23.605699 3.040447
23.602983 3.040378
23.602983 3.040378
23.602983 3.040378
23.517556 3.038206
23.483184 3.037332
23.479947 3.037250
23.499318 3.037742
23.590464 3.040059
23.590464 3.040059
23.590464 3.040059
23.565578 3.039427
23.591088 3.040075
23.591088 3.040075
23.834673 3.046267
23.834673 3.046267
23.830246 3.046155
23.453050 3.036566
23.147112 3.028789
23.147112 3.028789
23.161427 3.029153
23.161427 3.029153
23.147768 3.028806
22.941845 3.023571
22.939610 3.023514
22.927996 3.023219
22.927996 3.023219
22.910602 3.022777
22.864176 3.021597
22.862347 3.021550
22.863714 3.021585
22.883509 3.022088
22.177709 3.004146
22.182001 3.004255
22.111935 3.002474
22.111935 3.002474
21.469498 2.986143
22.172325 3.004009
22.523879 3.012946
22.678014 3.016864
21.657699 2.990927
21.549659 2.988181
21.573724 2.988793
21.569069 2.988674
21.569069 2.988674
18.691264 2.915519
18.439988 2.909131
18.773264 2.917603
18.805532 2.918424
18.839714 2.919293
18.280951 2.905088
18.319334 2.906064
18.248362 2.904260
18.248362 2.904260
18.248362 2.904260
18.213556 2.903375
18.213556 2.903375
18.187815 2.902721
18.005987 2.898099
18.022538 2.898519
18.006191 2.898104
19.113754 2.926259
19.124309 2.926527
19.246425 2.929631
19.246425 2.929631
18.113873 2.900841
18.267107 2.904737
18.316201 2.905985
18.304918 2.905698
18.384998 2.907733
18.387766 2.907804
18.387766 2.907804
18.378963 2.907580
18.378963 2.907580
18.398955 2.908088
18.932317 2.921647
18.911169 2.921109
18.911169 2.921109
18.536601 2.911587
18.536601 2.911587
18.531200 2.911450
18.531200 2.911450
18.563649 2.912275
18.555055 2.912056
18.544420 2.911786
18.449266 2.909367
18.460735 2.909659
18.493059 2.910480
18.516153 2.911067
18.559324 2.912165
18.504271 2.910765
18.504271 2.910765
18.521440 2.911202
18.527249 2.911349
18.527249 2.911349
18.494821 2.910525
18.219165 2.903518
18.217481 2.903475
18.276416 2.904973
18.276416 2.904973
18.206799 2.903203
18.246207 2.904205
18.846347 2.919461
18.846347 2.919461
18.846347 2.919461
18.747125 2.916939
18.747125 2.916939
18.747125 2.916939
18.734604 2.916621
18.286198 2.905222
18.286198 2.905222
18.286198 2.905222
18.278368 2.905023
18.278368 2.905023
18.278368 2.905023
18.278368 2.905023
18.278368 2.905023
20.172266 2.953167
20.370458 2.958205
20.350583 2.957700
20.308650 2.956634
20.295872 2.956309
20.417768 2.959408
20.349446 2.957671
20.325126 2.957053
20.325126 2.957053
20.325126 2.957053
20.325126 2.957053
20.325126 2.957053
20.275909 2.955801
20.354111 2.957789
20.381722 2.958491
20.437194 2.959901
20.437194 2.959901
20.487561 2.961182
20.487561 2.961182
19.963612 2.947863
19.941733 2.947306
19.941219 2.947293
19.935959 2.947160
19.935959 2.947160
19.907530 2.946437
19.550576 2.937363
19.502522 2.936141
19.506189 2.936235
19.493475 2.935912
18.286584 2.905232
18.424070 2.908727
18.287044 2.905243
18.287044 2.905243
18.202829 2.903103
18.402073 2.908167
18.402073 2.908167
18.452523 2.909450
18.464721 2.909760
18.489740 2.910396
18.489740 2.910396
18.469866 2.909891
18.368720 2.907320
18.419626 2.908614
18.420751 2.908642
18.420751 2.908642
18.391614 2.907902
18.381926 2.907655
18.351172 2.906873
18.360567 2.907112
18.360567 2.907112
18.357354 2.907031
18.400460 2.908126
18.384766 2.907727
18.384766 2.907727
18.236706 2.903964
18.262234 2.904613
18.262234 2.904613
18.266146 2.904712
18.252078 2.904354
18.201254 2.903062
18.205915 2.903181
18.205915 2.903181
18.140142 2.901509
18.140142 2.901509
18.140142 2.901509
18.147780 2.901703
18.077711 2.899922
18.133031 2.901328
18.113473 2.900831
18.125067 2.901126
18.092091 2.900288
18.718783 2.916218
18.720432 2.916260
18.720432 2.916260
21.181198 2.978814
21.179380 2.978768
21.227461 2.979990
21.216913 2.979722
21.210266 2.979553
21.218440 2.979761
21.218440 2.979761
21.248822 2.980533
21.248822 2.980533
21.170588 2.978545
21.170588 2.978545
21.152720 2.978090
21.131419 2.977549
21.308558 2.982052
21.311018 2.982115
21.309811 2.982084
21.313264 2.982172
21.431631 2.985181
21.431631 2.985181
21.558560 2.988407
21.558560 2.988407
21.558560 2.988407
21.558560 2.988407
21.576378 2.988860
21.567486 2.988634
21.567486 2.988634
21.567486 2.988634
21.534861 2.987805
21.534861 2.987805
21.487279 2.986595
21.460195 2.985907
21.488556 2.986628
21.488556 2.986628
21.499757 2.986912
21.499757 2.986912
20.980542 2.973714
20.974923 2.973571
20.974923 2.973571
21.020045 2.974718
20.959746 2.973185
20.959746 2.973185
20.980767 2.973719
20.950780 2.972957
20.876203 2.971061
20.896760 2.971584
20.910733 2.971939
20.763278 2.968191
20.721790 2.967136
20.744518 2.967714
20.713967 2.966937
20.698685 2.966549
20.738319 2.967556
20.690134 2.966331
20.794629 2.968988
20.794629 2.968988
21.230047 2.980056
21.230047 2.980056
21.230047 2.980056
21.230047 2.980056
21.215501 2.979686
21.080959 2.976266
21.068814 2.975958
20.960770 2.973211
21.030427 2.974982
20.971668 2.973488
20.971668 2.973488
20.997756 2.974151
21.040630 2.975241
20.985353 2.973836
21.074099 2.976092
21.030833 2.974992
21.205813 2.979440
21.156638 2.978190
21.156638 2.978190
21.192767 2.979108
21.198656 2.979258
21.156327 2.978182
21.094534 2.976611
22.696285 3.017329
22.618267 3.015346
21.051943 2.975529
21.107647 2.976945
21.047030 2.975404
21.047030 2.975404
21.089963 2.976495
21.198598 2.979257
21.216238 2.979705
21.230048 2.980056
21.174384 2.978641
21.154903 2.978146
21.154903 2.978146
21.154903 2.978146
21.160094 2.978278
21.160094 2.978278
21.160094 2.978278
21.124664 2.977377
21.079874 2.976239
21.100545 2.976764
21.100545 2.976764
21.092422 2.976558
23.382137 3.034764
23.382137 3.034764
23.391904 3.035012
23.391904 3.035012
23.281591 3.032208
23.281591 3.032208
23.589211 3.040028
23.541804 3.038822
23.504034 3.037862
23.457572 3.036681
23.655846 3.041721
24.032769 3.051303
23.171011 3.029397
22.778947 3.019430
22.796439 3.019875
22.786555 3.019624
22.786555 3.019624
22.842120 3.021036
22.845025 3.021110
23.323364 3.033270
23.301251 3.032707
23.426299 3.035886
23.289100 3.032399
23.218401 3.030601
24.243035 3.056648
24.370761 3.059895
24.397180 3.060567
24.514246 3.063542
24.442255 3.061712
24.442255 3.061712
24.042475 3.051550
24.100916 3.053035
24.095468 3.052897
24.234782 3.056438
24.265240 3.057213
25.056953 3.077338
25.018526 3.076362
25.018526 3.076362
25.045989 3.077060
24.752049 3.069588
24.915123 3.073733
24.951589 3.074660
24.933437 3.074199
24.886512 3.073006
24.860797 3.072352
24.821138 3.071344
25.059748 3.077409
25.059748 3.077409
25.349848 3.084784
25.349848 3.084784
25.349848 3.084784
25.398513 3.086021
25.011768 3.076190
25.036095 3.076808
25.036095 3.076808
25.036095 3.076808
25.057617 3.077355
25.057617 3.077355
25.189425 3.080706
25.175116 3.080342
25.184492 3.080580
25.194847 3.080844
25.288785 3.083232
25.374583 3.085413
25.252190 3.082301
25.269713 3.082747
25.289567 3.083252
25.267315 3.082686
25.267315 3.082686
25.910287 3.099031
25.919474 3.099264
25.831390 3.097025
25.805518 3.096367
26.131966 3.104666
26.164210 3.105485
26.093251 3.103682
26.093251 3.103682
25.986272 3.100962
26.009022 3.101541
25.991631 3.101098
26.858237 3.123128
26.801853 3.121695
26.824629 3.122274
26.835372 3.122547
26.835372 3.122547
26.736770 3.120040
26.686763 3.118769
26.173006 3.105709
26.285414 3.108567
26.329118 3.109678
26.743669 3.120216
26.751982 3.120427
26.662605 3.118155
26.662605 3.118155
26.570893 3.115824
26.600690 3.116581
26.527992 3.114733
26.500640 3.114038
25.550085 3.089874
25.550085 3.089874
25.502171 3.088656
25.502171 3.088656
25.502171 3.088656
25.672768 3.092993
25.565397 3.090263
25.839326 3.097227
25.638573 3.092123
25.698674 3.093651
26.182064 3.105939
26.182064 3.105939
26.058781 3.102805
25.902019 3.098820
25.957896 3.100241
25.955107 3.100170
25.955107 3.100170
25.718369 3.094152
25.488486 3.088308
25.428152 3.086774
24.878069 3.072791
24.847871 3.072023
24.936731 3.074282
24.853359 3.072163
24.354720 3.059487
24.397717 3.060580
24.474644 3.062536
23.600446 3.040313
23.531076 3.038550
23.522726 3.038337
22.607395 3.015069
22.574923 3.014244
22.574923 3.014244
22.618385 3.015349
22.550270 3.013617
22.497017 3.012263
22.616776 3.015308
22.611996 3.015186
22.978410 3.024501
22.932598 3.023336
22.932598 3.023336
22.804629 3.020083
22.904511 3.022622
22.898984 3.022482
22.844761 3.021103
22.843637 3.021075
22.978847 3.024512
24.048745 3.051709
24.073210 3.052331
24.006556 3.050637
24.763147 3.069870
24.763147 3.069870
24.680370 3.067765
24.723674 3.068866
24.723674 3.068866
24.723674 3.068866
24.560730 3.064724
24.588594 3.065432
23.573924 3.039639
23.664714 3.041947
23.696262 3.042749
23.688627 3.042555
23.688627 3.042555
23.688627 3.042555
23.874929 3.047291
23.813007 3.045717
24.148254 3.054239
24.003241 3.050552
23.999011 3.050445
23.934939 3.048816
23.922276 3.048494
24.082878 3.052577
24.084492 3.052618
24.084492 3.052618
24.078543 3.052467
23.935053 3.048819
24.109578 3.053256
24.107051 3.053191
24.107051 3.053191
24.179758 3.055040
24.347776 3.059311
25.253041 3.082323
25.273133 3.082834
25.227312 3.081669
25.195221 3.080853
26.487044 3.113692
26.487044 3.113692
26.552555 3.115357
26.572661 3.115869
26.724725 3.119734
26.578199 3.116009
26.540133 3.115042
26.455936 3.112901
26.450036 3.112751
26.430682 3.112259
26.283891 3.108528
26.349388 3.110193
26.341506 3.109992
26.438137 3.112449
26.785830 3.121287
27.136022 3.130190
26.548771 3.115261
26.433455 3.112330
26.433455 3.112330
26.433455 3.112330
27.019210 3.127220
27.005342 3.126868
26.835514 3.122550
26.906368 3.124352
26.955376 3.125597
26.997711 3.126674
27.168442 3.131014
27.066355 3.128419
27.066355 3.128419
27.066355 3.128419
27.069530 3.128499
27.069530 3.128499
26.676642 3.118512
26.734302 3.119978
26.734302 3.119978
26.750695 3.120394
26.468891 3.113231
26.468891 3.113231
26.453896 3.112849
26.461430 3.113041
26.461430 3.113041
26.461430 3.113041
26.461430 3.113041
26.249484 3.107653
26.184327 3.105997
26.160169 3.105383
26.204279 3.106504
26.215456 3.106788
26.456804 3.112923
26.456804 3.112923
26.455832 3.112899
24.837342 3.071756
24.691334 3.068044
24.691334 3.068044
24.691334 3.068044
24.678553 3.067719
24.558121 3.064658
24.565933 3.064856
24.565933 3.064856
24.565933 3.064856
24.608441 3.065937
24.728112 3.068979
24.728112 3.068979
24.728112 3.068979
24.701944 3.068314
24.169613 3.054782
24.064203 3.052102
24.012683 3.050792
23.947105 3.049125
23.947105 3.049125
23.945111 3.049075
23.945111 3.049075
23.965486 3.049593
24.072232 3.052306
24.072232 3.052306
24.075067 3.052378
24.139745 3.054022
24.139745 3.054022
24.159897 3.054535
24.159897 3.054535
24.127475 3.053710
24.136872 3.053949
24.162776 3.054608
24.203233 3.055636
24.092009 3.052809
24.056174 3.051898
24.311982 3.058401
24.060663 3.052012
24.061656 3.052037
24.051390 3.051776
24.051390 3.051776
24.168628 3.054757
24.272514 3.057397
24.355913 3.059518
24.389342 3.060367
24.435266 3.061535
24.505161 3.063311
24.405400 3.060776
27.455640 3.138314
27.485974 3.139086
27.558193 3.140921
27.567229 3.141151
26.808342 3.121860
26.808342 3.121860
26.851185 3.122949
26.853234 3.123001
26.853234 3.123001
26.853234 3.123001
26.865799 3.123320
26.930852 3.124974
26.886149 3.123838
26.871826 3.123473
22.240937 3.005754
22.240937 3.005754
22.145060 3.003316
22.417249 3.010236
22.389631 3.009533
22.559265 3.013846
22.540328 3.013364
22.607760 3.015078
22.603422 3.014968
22.591765 3.014672
22.891519 3.022292
22.770487 3.019215
22.988664 3.024761
22.967061 3.024212
22.967061 3.024212
23.057605 3.026514
23.075451 3.026967
23.117505 3.028036
21.451927 2.985696
21.358274 2.983316
21.433242 2.985222
20.999717 2.974201
20.973581 2.973537
21.098781 2.976719
21.114269 2.977113
21.147089 2.977947
21.157176 2.978204
20.472002 2.960786
20.478774 2.960958
20.523318 2.962091
20.392709 2.958771
20.390310 2.958710
20.336246 2.957335
20.367966 2.958142
20.475389 2.960872
20.449301 2.960209
20.429190 2.959698
20.518984 2.961981
20.358114 2.957891
20.168113 2.953061
20.180414 2.953374
20.316174 2.956825
20.363856 2.958037
20.559080 2.963000
20.559080 2.963000
20.698158 2.966535
20.715263 2.966970
20.767805 2.968306
20.740227 2.967605
20.750613 2.967869
20.761041 2.968134
20.678805 2.966043
20.674026 2.965922
20.862583 2.970715
20.859555 2.970638
20.928887 2.972401
20.928887 2.972401
21.083369 2.976328
21.083369 2.976328
20.995963 2.974106
21.021355 2.974751
21.072785 2.976058
21.064697 2.975853
21.332030 2.982649
22.320481 3.007776
22.480622 3.011847
22.467374 3.011510
22.467374 3.011510
22.526913 3.013023
22.936628 3.023438
22.936628 3.023438
22.937676 3.023465
22.981479 3.024579
23.103732 3.027686
22.970355 3.024296
22.964557 3.024148
22.738894 3.018412
22.784206 3.019564
22.949092 3.023755
22.986947 3.024718
23.042310 3.026125
23.013227 3.025386
23.067291 3.026760
23.156805 3.029036
23.233701 3.030990
23.134615 3.028471
23.090174 3.027342
23.115857 3.027995
23.282256 3.032225
23.287308 3.032353
23.276423 3.032076
23.015675 3.025448
23.030332 3.025820
22.994539 3.024911
22.612156 3.015190
22.496131 3.012241
22.534919 3.013227
22.534919 3.013227
22.347411 3.008460
22.204698 3.004832
22.204698 3.004832
22.187390 3.004392
22.217606 3.005160
22.184449 3.004318
22.184449 3.004318
22.133798 3.003030
22.133798 3.003030
22.111031 3.002451
22.161745 3.003740
22.133237 3.003016
21.787922 2.994238
21.787922 2.994238
21.787922 2.994238
21.878771 2.996547
21.878771 2.996547
21.884421 2.996691
21.872276 2.996382
21.725768 2.992658
22.140347 3.003197
22.140347 3.003197
22.140347 3.003197
22.167626 3.003890
22.425489 3.010445
22.425489 3.010445
22.496023 3.012238
22.512417 3.012655
22.528616 3.013067
22.571872 3.014166
22.556915 3.013786
22.771311 3.019236
22.698304 3.017380
22.690193 3.017174
22.688071 3.017120
22.651175 3.016182
22.640154 3.015902
22.699720 3.017416
22.712520 3.017742
22.619752 3.015383
22.619752 3.015383
22.628660 3.015610
22.586324 3.014534
22.569292 3.014101
22.589244 3.014608
22.589244 3.014608
22.594129 3.014732
22.594129 3.014732
22.570538 3.014132
22.668738 3.016629
22.661265 3.016439
22.661265 3.016439
22.757918 3.018896
22.739250 3.018421
22.718446 3.017892
22.718446 3.017892
22.657264 3.016337
22.621854 3.015437
22.621854 3.015437
22.611543 3.015175
22.614037 3.015238
22.616068 3.015290
22.590537 3.014641
22.552199 3.013666
22.566818 3.014038
22.712004 3.017728
22.828220 3.020683
22.908341 3.022719
22.998465 3.025010
22.730436 3.018197
22.522006 3.012899
22.659417 3.016392
22.568706 3.014086
22.568895 3.014090
22.568895 3.014090
22.562231 3.013921
22.615961 3.015287
22.700698 3.017441
22.651773 3.016197
22.636871 3.015818
22.768332 3.019160
22.475655 3.011720
22.309230 3.007490
22.231599 3.005516
22.244637 3.005848
22.249263 3.005965
22.249263 3.005965
22.293574 3.007092
22.212159 3.005022
22.185604 3.004347
22.280670 3.006764
22.227939 3.005423
22.227939 3.005423
22.154746 3.003563
23.548535 3.038994
23.548535 3.038994
23.533791 3.038619
23.374602 3.034572
23.541453 3.038813
23.541453 3.038813
23.839199 3.046382
23.855176 3.046788
23.794936 3.045257
23.603177 3.040383
23.605513 3.040442
23.605513 3.040442
23.605513 3.040442
23.553491 3.039119
23.498691 3.037726
23.704508 3.042958
22.877278 3.021930
22.847765 3.021180
22.667329 3.016593
22.899274 3.022489
22.630438 3.015655
22.673892 3.016760
22.756075 3.018849
22.708245 3.017633
22.722941 3.018006
22.707490 3.017614
22.701538 3.017462
22.872727 3.021814
22.877207 3.021928
22.841103 3.021010
22.841103 3.021010
22.876742 3.021916
22.672649 3.016728
22.560969 3.013889
22.506544 3.012505
21.601529 2.989499
21.400803 2.984397
21.992120 2.999429
21.916984 2.997519
22.154162 3.003548
21.992775 2.999445
21.800796 2.994565
21.887699 2.996774
21.862131 2.996124
21.811867 2.994846
21.905964 2.997238
22.013912 2.999982
22.134678 3.003052
22.058073 3.001105
21.926535 2.997761
22.167607 3.003890
21.991557 2.999414
21.983272 2.999204
21.983799 2.999217
22.014016 2.999985
22.014016 2.999985
22.199223 3.004693
22.308004 3.007458
22.236773 3.005648
22.190104 3.004461
22.266278 3.006398
22.223823 3.005319
22.223823 3.005319
22.167977 3.003899
22.105706 3.002316
21.996831 2.999548
21.996831 2.999548
22.021782 3.000183
21.992464 2.999437
22.021517 3.000176
22.021517 3.000176
21.838607 2.995526
21.833896 2.995406
21.996626 2.999543
21.846586 2.995729
21.913621 2.997433
21.923144 2.997675
21.928408 2.997809
21.937396 2.998037
21.900983 2.997112
21.860741 2.996089
21.882518 2.996642
21.855973 2.995968
21.850777 2.995835
21.745301 2.993154
21.740541 2.993033
21.886374 2.996740
21.788350 2.994249
21.788350 2.994249
21.788350 2.994249
21.835212 2.995440
21.840367 2.995571
21.834566 2.995423
21.834566 2.995423
21.701551 2.992042
21.888776 2.996801
21.356816 2.983279
21.356816 2.983279
21.341731 2.982895
23.303373 3.032761
23.326000 3.033337
23.295543 3.032562
23.364592 3.034318
23.327867 3.033384
23.301934 3.032725
23.292783 3.032492
23.941195 3.048975
23.941195 3.048975
23.941195 3.048975
23.922073 3.048489
24.352555 3.059432
24.718595 3.068737
24.566715 3.064876
24.512204 3.063491
24.081875 3.052551
22.226756 3.005393
22.270777 3.006512
22.270777 3.006512
22.536975 3.013279
21.672457 2.991303
21.569796 2.988693
21.649931 2.990730
21.640210 2.990483
21.640210 2.990483
21.471255 2.986188
21.474391 2.986268
21.371879 2.983662
21.369481 2.983601
21.369481 2.983601
21.293677 2.981674
21.119866 2.977255
21.870238 2.996330
21.870238 2.996330
21.921958 2.997645
21.895769 2.996979
21.620591 2.989984
21.627418 2.990158
21.621960 2.990019
21.623420 2.990056
21.462380 2.985962
21.437095 2.985319
21.417822 2.984830
21.423034 2.984962
20.442167 2.960028
20.442167 2.960028
20.419289 2.959446
20.418361 2.959423
19.941862 2.947310
19.985371 2.948416
19.982925 2.948354
19.862205 2.945285
19.752590 2.942498
19.701479 2.941199
19.699941 2.941160
19.693400 2.940994
19.693400 2.940994
19.693400 2.940994
19.486920 2.935745
19.486920 2.935745
19.486920 2.935745
19.119762 2.926412
19.119762 2.926412
19.113782 2.926259
19.119376 2.926402
19.512523 2.936396
19.117127 2.926345
19.117127 2.926345
19.117127 2.926345
19.159300 2.927417
19.283686 2.930579
19.250169 2.929727
19.257594 2.929915
19.248081 2.929673
19.248081 2.929673
19.248081 2.929673
19.272510 2.930294
19.332726 2.931825
19.601920 2.938668
19.718504 2.941632
20.011598 2.949082
21.381097 2.983896
21.564345 2.988554
21.591611 2.989247
21.659917 2.990984
19.372532 2.932837
19.377458 2.932962
19.355049 2.932393
18.637757 2.914159
18.973345 2.922690
19.004645 2.923485
18.995352 2.923249
18.962628 2.922417
18.922369 2.921394
18.922369 2.921394
18.628887 2.913933
18.288325 2.905276
18.111912 2.900791
18.111912 2.900791
18.125364 2.901133
17.952973 2.896751
17.913786 2.895755
17.987471 2.897628
17.967686 2.897125
18.032489 2.898772
18.019711 2.898448
18.625513 2.913847
18.718167 2.916203
18.729631 2.916494
18.547375 2.911861
18.553072 2.912006
18.620050 2.913709
18.273005 2.904886
18.589905 2.912942
18.532926 2.911494
18.532926 2.911494
18.534637 2.911537
18.308103 2.905779
18.344536 2.906705
18.364118 2.907203
18.357106 2.907024
18.263280 2.904639
18.258439 2.904516
18.417313 2.908555
18.417313 2.908555
18.414593 2.908486
18.494874 2.910526
18.464431 2.909753
18.552437 2.911990
18.420467 2.908635
18.500867 2.910679
18.522486 2.911228
18.522486 2.911228
18.600703 2.913217
18.670468 2.914990
18.670468 2.914990
18.670468 2.914990
19.482827 2.935641
19.475068 2.935444
19.470191 2.935320
19.524627 2.936703
19.494604 2.935940
19.494604 2.935940
19.558136 2.937555
19.560064 2.937604
19.545601 2.937237
19.561540 2.937642
19.561540 2.937642
19.561540 2.937642
19.712411 2.941477
19.712411 2.941477
19.741989 2.942229
19.799652 2.943695
19.770048 2.942942
19.700893 2.941184
19.777510 2.943132
19.785647 2.943339
20.055413 2.950196
20.047153 2.949986
20.008860 2.949013
20.216478 2.954291
20.221137 2.954409
20.255022 2.955270
20.318677 2.956889
20.532379 2.962321
20.635543 2.964944
20.684301 2.966183
20.689895 2.966325
20.494088 2.961348
20.499120 2.961476
20.589890 2.963783
20.465411 2.960619
20.166718 2.953026
20.166718 2.953026
20.148225 2.952556
19.973037 2.948102
19.978078 2.948230
20.311094 2.956696
20.311094 2.956696
20.219486 2.954367
20.701023 2.966608
20.698984 2.966556
20.671837 2.965866
20.453358 2.960312
20.674952 2.965945
20.674095 2.965924
20.648256 2.965267
20.620090 2.964551
20.620090 2.964551
20.822226 2.969689
20.314479 2.956782
20.340533 2.957444
20.341245 2.957462
20.908267 2.971876
20.849343 2.970378
20.872934 2.970978
20.872934 2.970978
20.878985 2.971132
20.883383 2.971244
20.873324 2.970988
20.879944 2.971156
20.870447 2.970915
20.857149 2.970577
20.864530 2.970765
21.111065 2.977032
21.150133 2.978025
21.090527 2.976509
21.050458 2.975491
21.050468 2.975491
21.128873 2.977484
21.042864 2.975298
21.057874 2.975679
21.148845 2.977992
21.252026 2.980615
21.158091 2.978227
21.012988 2.974538
21.175439 2.978668
21.175439 2.978668
20.544876 2.962639
20.398161 2.958909
20.398161 2.958909
20.398161 2.958909
20.570515 2.963290
20.570515 2.963290
20.536006 2.962413
20.589581 2.963775
20.597222 2.963969
20.591484 2.963824
20.759346 2.968091
20.756188 2.968010
20.799242 2.969105
20.854482 2.970509
20.898822 2.971636
21.072511 2.976052
21.252947 2.980638
21.257933 2.980765
21.183537 2.978874
21.183537 2.978874
21.161090 2.978303
21.002281 2.974266
20.958027 2.973141
21.139866 2.977764
21.200708 2.979310
21.201531 2.979331
20.816594 2.969546
20.816594 2.969546
20.816594 2.969546
20.797302 2.969056
20.797302 2.969056
20.695148 2.966459
20.717653 2.967031
20.810498 2.969391
20.745463 2.967738
20.747360 2.967786
20.743121 2.967678
20.733566 2.967435
20.775045 2.968490
20.641583 2.965097
20.322400 2.956983
20.104064 2.951433
20.272073 2.955704
19.725602 2.941812
19.506640 2.936246
19.523977 2.936687
19.213051 2.928783
19.284484 2.930599
19.284484 2.930599
20.447977 2.960175
20.459373 2.960465
19.822929 2.944286
19.822929 2.944286
19.819407 2.944197
19.817567 2.944150
19.872209 2.945539
20.042223 2.949861
19.797258 2.943634
18.440762 2.909151
18.445000 2.909259
18.255058 2.904430
18.056265 2.899377
18.056265 2.899377
17.889219 2.895130
17.900731 2.895423
17.907829 2.895603
19.557584 2.937541
19.577181 2.938039
19.016754 2.923793
19.247543 2.929660
19.027543 2.924067
19.026203 2.924033
18.982930 2.922933
19.135138 2.926802
19.135138 2.926802
19.186257 2.928102
19.081098 2.925429
19.154847 2.927303
19.128125 2.926624
19.006213 2.923525
18.932656 2.921655
18.941184 2.921872
18.243096 2.904126
18.248200 2.904256
18.255058 2.904430
18.299183 2.905552
18.297656 2.905513
18.343133 2.906669
18.338435 2.906550
18.228487 2.903755
18.125001 2.901124
18.137085 2.901431
18.163372 2.902100
18.168370 2.902227
18.221872 2.903587
18.497704 2.910598
18.616391 2.913616
18.585701 2.912835
18.585701 2.912835
18.550255 2.911934
18.631645 2.914003
18.631645 2.914003
18.593313 2.913029
18.770985 2.917545
18.967404 2.922538
18.967404 2.922538
18.958878 2.922322
18.922842 2.921406
18.915272 2.921213
18.900777 2.920845
18.604589 2.913315
18.693811 2.915584
19.196259 2.928356
19.402945 2.933610
19.538212 2.937049
19.606447 2.938783
19.606447 2.938783
19.664513 2.940259
19.664513 2.940259
19.199125 2.928429
19.159011 2.927409
19.197128 2.928378
19.169235 2.927669
19.169235 2.927669
19.006612 2.923535
18.822002 2.918842
18.917033 2.921258
18.925912 2.921484
18.980170 2.922863
19.113427 2.926250
19.529847 2.936836
19.512486 2.936395
19.468007 2.935264
19.457579 2.934999
19.457579 2.934999
19.384014 2.933129
19.642411 2.939698
19.685799 2.940801
19.635583 2.939524
19.635583 2.939524
19.750307 2.942440
19.571648 2.937899
18.732339 2.916563
18.871639 2.920104
18.908240 2.921034
18.908240 2.921034
18.889917 2.920569
18.890047 2.920572
18.853203 2.919635
18.916489 2.921244
18.989920 2.923111
19.137362 2.926859
19.137362 2.926859
19.069448 2.925133
19.047166 2.924566
19.077484 2.925337
19.074935 2.925272
19.286309 2.930645
19.190562 2.928211
19.212433 2.928767
19.365170 2.932650
19.362437 2.932580
19.366136 2.932674
19.443391 2.934638
19.226571 2.929127
19.259479 2.929963
19.259479 2.929963
19.086932 2.925577
19.078533 2.925363
19.078533 2.925363
19.058593 2.924857
19.117631 2.926357
19.129396 2.926656
19.130601 2.926687
19.162855 2.927507
19.300178 2.930998
19.429615 2.934288
20.555206 2.962901
20.553489 2.962858
20.520613 2.962022
20.251578 2.955183
20.256922 2.955319
20.257718 2.955339
20.144420 2.952459
20.074354 2.950678
20.175886 2.953259
20.175886 2.953259
20.146902 2.952522
20.153995 2.952702
20.119505 2.951826
20.115158 2.951715
20.111641 2.951626
20.284001 2.956007
20.236040 2.954788
20.240903 2.954912
20.238913 2.954861
20.238913 2.954861
20.204358 2.953983
20.465828 2.960629
20.507379 2.961686
20.546368 2.962677
20.562745 2.963093
20.841236 2.970172
20.870490 2.970916
20.862273 2.970707
20.617357 2.964481
20.617357 2.964481
20.584116 2.963636
20.566732 2.963194
20.566732 2.963194
20.582504 2.963595
20.670615 2.965835
20.661067 2.965592
20.340067 2.957432
20.345620 2.957574
20.424238 2.959572
20.370348 2.958202
20.557524 2.962960
20.557524 2.962960
20.554192 2.962876
19.589015 2.938340
19.761096 2.942715
19.776603 2.943109
19.404098 2.933639
18.928535 2.921550
18.961977 2.922401
18.980197 2.922864
18.980197 2.922864
18.997394 2.923301
19.173584 2.927780
19.163604 2.927526
19.111045 2.926190
19.126425 2.926581
19.529434 2.936826
19.346517 2.932176
19.350808 2.932285
19.384449 2.933140
19.346090 2.932165
19.337824 2.931955
19.291622 2.930780
19.231881 2.929262
19.228397 2.929173
19.270382 2.930240
19.278815 2.930455
19.242842 2.929540
19.410391 2.933799
19.541730 2.937138
19.540228 2.937100
19.588601 2.938330
19.708553 2.941379
19.661277 2.940177
19.566720 2.937773
19.543452 2.937182
19.477722 2.935511
19.512925 2.936406
19.171908 2.927737
19.177737 2.927885
19.203279 2.928535
19.260919 2.930000
19.260919 2.930000
18.550291 2.911935
18.535175 2.911551
18.712942 2.916070
18.864643 2.919926
18.895863 2.920720
18.737403 2.916692
18.840386 2.919310
18.683674 2.915326
18.745766 2.916904
18.727410 2.916438
18.595667 2.913089
18.595667 2.913089
18.681207 2.915263
18.681207 2.915263
18.225704 2.903684
18.099597 2.900478
18.017128 2.898382
18.012739 2.898270
17.862343 2.894447
17.911007 2.895684
18.006062 2.898101
17.948712 2.896643
17.879441 2.894882
18.062707 2.899541
18.237023 2.903972
18.226888 2.903714
18.118215 2.900952
18.570714 2.912454
18.615803 2.913601
18.639722 2.914209
18.616047 2.913607
18.648738 2.914438
18.588809 2.912914
18.803532 2.918373
18.885289 2.920451
18.939000 2.921816
18.852097 2.919607
18.836948 2.919222
18.774365 2.917631
18.687990 2.915436
18.671068 2.915005
18.703028 2.915818
18.687991 2.915436
18.687991 2.915436
18.687991 2.915436
18.848652 2.919520
18.930970 2.921612
18.938792 2.921811
19.088004 2.925604
18.594411 2.913057
18.594411 2.913057
18.424154 2.908729
18.413137 2.908449
18.471072 2.909921
18.468388 2.909853
18.080438 2.899991
18.080438 2.899991
18.069014 2.899701
18.070424 2.899737
18.063941 2.899572
17.974993 2.897311
17.957224 2.896859
18.052636 2.899285
18.058663 2.899438
18.175526 2.902408
18.182557 2.902587
18.189442 2.902762
18.254968 2.904428
18.143495 2.901594
18.187555 2.902714
18.139588 2.901495
18.087008 2.900158
18.097585 2.900427
18.097585 2.900427
18.079539 2.899968
18.329629 2.906326
18.421010 2.908649
18.395839 2.908009
18.429316 2.908860
18.588896 2.912917
18.507435 2.910846
18.493310 2.910487
18.866210 2.919966
18.902667 2.920893
18.906137 2.920981
18.895391 2.920708
18.817791 2.918735
18.841224 2.919331
18.773824 2.917618
18.785777 2.917921
18.988239 2.923068
18.947967 2.922044
18.997603 2.923306
19.050825 2.924659
18.913846 2.921177
18.895030 2.920699
18.682042 2.915284
18.682288 2.915291
18.633597 2.914053
18.630228 2.913967
18.660289 2.914731
18.565094 2.912312
18.568745 2.912404
18.568745 2.912404
18.577121 2.912617
18.568821 2.912406
18.649807 2.914465
18.673966 2.915079
18.673966 2.915079
18.682240 2.915289
19.062011 2.924943
19.105393 2.926046
19.194924 2.928322
19.046556 2.924551
18.878085 2.920268
18.903323 2.920910
18.887345 2.920503
18.909062 2.921055
19.370318 2.932781
19.413167 2.933870
19.667243 2.940329
19.608137 2.938826
19.589754 2.938359
19.635879 2.939531
20.147783 2.952544
20.157593 2.952794
20.104284 2.951439
20.058062 2.950264
20.067332 2.950499
20.116773 2.951756
20.604740 2.964161
20.621427 2.964585
20.546993 2.962693
20.508806 2.961722
20.508806 2.961722
20.299638 2.956405
20.319680 2.956914
20.539297 2.962497
20.484310 2.961099
20.417889 2.959411
20.270584 2.955666
20.275582 2.955793
20.275582 2.955793
20.050252 2.950065
20.026900 2.949471
20.045480 2.949944
19.909927 2.946498
19.880924 2.945761
19.875645 2.945626
19.910815 2.946521
19.912165 2.946555
19.928675 2.946975
20.055784 2.950206
20.055784 2.950206
20.024771 2.949417
20.073574 2.950658
21.169677 2.978522
21.432307 2.985198
21.512319 2.987232
21.317098 2.982269
21.339028 2.982827
21.252734 2.980633
21.249494 2.980551
21.193512 2.979127
21.122623 2.977325
21.017435 2.974651
20.917297 2.972106
21.049944 2.975478
21.049944 2.975478
21.032422 2.975032
21.682853 2.991567
21.690527 2.991762
21.789389 2.994275
21.747994 2.993223
21.697890 2.991949
21.845487 2.995701
21.824065 2.995156
21.867131 2.996251
21.608006 2.989664
21.200046 2.979294
21.085531 2.976383
21.013355 2.974548
21.025901 2.974867
21.025901 2.974867
21.023475 2.974805
21.176945 2.978706
21.176945 2.978706
21.151739 2.978066
21.191245 2.979070
21.196775 2.979210
21.133983 2.977614
21.097750 2.976693
21.103951 2.976851
21.365237 2.983493
21.365237 2.983493
21.469192 2.986135
21.354200 2.983212
21.262501 2.980881
21.203436 2.979380
21.217674 2.979742
21.217674 2.979742
21.217674 2.979742
21.174918 2.978655
21.174918 2.978655
21.265700 2.980962
21.305923 2.981985
21.656686 2.990902
21.657211 2.990915
21.843631 2.995654
21.756811 2.993447
21.722058 2.992563
21.636523 2.990389
21.699556 2.991991
21.567680 2.988639
21.559943 2.988442
21.502200 2.986974
21.517430 2.987362
21.521254 2.987459
21.707086 2.992183
21.798829 2.994515
21.813493 2.994888
21.802945 2.994620
21.850493 2.995828
21.842738 2.995631
21.842738 2.995631
21.858621 2.996035
21.858621 2.996035
21.835109 2.995437
21.726706 2.992682
22.003119 2.999708
22.003119 2.999708
21.984960 2.999247
21.056861 2.975654
21.056861 2.975654
21.098691 2.976717
21.110639 2.977021
21.110639 2.977021
20.647424 2.965246
20.554244 2.962877
20.712713 2.966905
21.443925 2.985493
20.606233 2.964198
20.810266 2.969385
20.810266 2.969385
20.693434 2.966415
20.869423 2.970889
20.671101 2.965847
20.003976 2.948889
19.873704 2.945577
19.873704 2.945577
19.888802 2.945961
19.631867 2.939430
19.333435 2.931843
19.108116 2.926115
18.945002 2.921969
18.762989 2.917342
18.810730 2.918556
18.810730 2.918556
18.733844 2.916601
19.528004 2.936789
19.513670 2.936425
18.926853 2.921508
18.788812 2.917999
18.819892 2.918789
18.579387 2.912675
18.609746 2.913447
18.609746 2.913447
18.717701 2.916191
18.827746 2.918988
18.947909 2.922043
18.947909 2.922043
18.946748 2.922013
18.981184 2.922889
18.978475 2.922820
19.052893 2.924712
19.038742 2.924352
19.081092 2.925428
19.085398 2.925538
19.294055 2.930842
19.294055 2.930842
19.308090 2.931199
19.337549 2.931948
19.349321 2.932247
19.349321 2.932247
19.334123 2.931861
19.333954 2.931856
19.297730 2.930936
19.347718 2.932206
18.994279 2.923222
18.555280 2.912062
18.502596 2.910723
18.643257 2.914298
18.643257 2.914298
18.453346 2.909471
18.681925 2.915281
18.677791 2.915176
18.212863 2.903358
18.176450 2.902432
18.160250 2.902020
17.952466 2.896738
17.639754 2.888789
17.629787 2.888535
17.632434 2.888603
17.558518 2.886724
17.519062 2.885721
17.523852 2.885843
17.478307 2.884685
17.453790 2.884062
17.453790 2.884062
17.831950 2.893675
17.559203 2.886741
17.573506 2.887105
17.615443 2.888171
17.628363 2.888499
17.905302 2.895539
17.885722 2.895041
17.986920 2.897614
18.734111 2.916608
18.370005 2.907352
18.372341 2.907412
18.113656 2.900836
18.392350 2.907920
18.386905 2.907782
18.328856 2.906306
18.344057 2.906693
18.530516 2.911433
18.521526 2.911204
18.489584 2.910392
18.780024 2.917775
18.769492 2.917507
18.786598 2.917942
18.867255 2.919993
18.843715 2.919394
18.739681 2.916750
18.705665 2.915885
18.861723 2.919852
18.900068 2.920827
18.897254 2.920755
18.856572 2.919721
18.927580 2.921526
18.949901 2.922094
18.930091 2.921590
18.921249 2.921365
19.913911 2.946599
20.003359 2.948873
20.021462 2.949333
20.044417 2.949917
20.074998 2.950694
19.058889 2.924864
18.896410 2.920734
18.887056 2.920496
18.871110 2.920091
18.871110 2.920091
19.103488 2.925998
19.111960 2.926213
19.111960 2.926213
19.111960 2.926213
19.099057 2.925885
19.019343 2.923859
19.146524 2.927092
18.775577 2.917662
18.638772 2.914184
18.795643 2.918172
18.795937 2.918180
20.148848 2.952571
19.982336 2.948339
20.230732 2.954653
20.218470 2.954341
20.218470 2.954341
20.225641 2.954524
20.241590 2.954929
20.184492 2.953478
20.147952 2.952549
19.985942 2.948430
19.961956 2.947821
19.877612 2.945676
19.606984 2.938797
19.561925 2.937652
19.581171 2.938141
19.350165 2.932268
19.350165 2.932268
19.076795 2.925319
19.002555 2.923432
18.995826 2.923261
19.004035 2.923470
18.450525 2.909399
18.724082 2.916353
18.732468 2.916566
18.698851 2.915712
18.619234 2.913688
18.569983 2.912436
18.532362 2.911479
18.560984 2.912207
18.560984 2.912207
18.373144 2.907432
18.373144 2.907432
18.123113 2.901076
18.077200 2.899909
18.078865 2.899951
18.087545 2.900172
18.078937 2.899953
18.045397 2.899101
18.023722 2.898550
18.098584 2.900453
18.173251 2.902351
18.108763 2.900711
18.113081 2.900821
18.136972 2.901428
18.100522 2.900502
18.130915 2.901274
18.195795 2.902924
18.279424 2.905050
18.287344 2.905251
19.109433 2.926149
19.112610 2.926230
19.140093 2.926928
19.238240 2.929423
19.244907 2.929593
19.434392 2.934410
19.574160 2.937963
19.393039 2.933358
19.432449 2.934360
19.478535 2.935532
19.561747 2.937647
19.569852 2.937853
19.585207 2.938243
19.563665 2.937696
19.374360 2.932884
19.281105 2.930513
20.285207 2.956038
20.290688 2.956177
20.290688 2.956177
20.358938 2.957912
20.614159 2.964400
20.902044 2.971718
21.035073 2.975100
21.067910 2.975935
21.031861 2.975018
21.031861 2.975018
21.005194 2.974340
21.005194 2.974340
21.139767 2.977761
21.128232 2.977468
21.101406 2.976786
21.082031 2.976294
21.011912 2.974511
20.719068 2.967067
20.719068 2.967067
20.077237 2.950751
20.019378 2.949280
19.926128 2.946910
19.873549 2.945573
19.828586 2.944430
19.840897 2.944743
19.840897 2.944743
19.828730 2.944434
19.828730 2.944434
19.793706 2.943544
21.623306 2.990053
21.446822 2.985567
21.446822 2.985567
21.448947 2.985621
21.420602 2.984900
21.259684 2.980810
19.443561 2.934643
19.434304 2.934407
19.315817 2.931395
19.252382 2.929783
19.252382 2.929783
19.252382 2.929783
19.708689 2.941382
19.669062 2.940375
19.661733 2.940189
19.646082 2.939791
19.537445 2.937029
19.569920 2.937855
19.508525 2.936294
19.492662 2.935891
19.492662 2.935891
19.478035 2.935519
19.359947 2.932517
19.349598 2.932254
19.347667 2.932205
19.416960 2.933966
19.374783 2.932894
19.374783 2.932894
19.374783 2.932894
19.646270 2.939796
19.889877 2.945988
20.043759 2.949900
20.048848 2.950029
20.048848 2.950029
20.005005 2.948915
19.321138 2.931531
19.382712 2.933096
19.312989 2.931323
19.317148 2.931429
19.546650 2.937263
19.367213 2.932702
19.096713 2.925826
19.096713 2.925826
19.146477 2.927091
19.115794 2.926311
19.124694 2.926537
19.124694 2.926537
19.138746 2.926894
18.635227 2.914094
18.635227 2.914094
19.029659 2.924121
19.027514 2.924066
19.159550 2.927423
19.205789 2.928598
19.417003 2.933968
19.363510 2.932608
19.345084 2.932139
19.224259 2.929068
19.009631 2.923612
19.017399 2.923809
18.971134 2.922633
19.288266 2.930695
19.429372 2.934282
19.469638 2.935306
19.313276 2.931331
19.352379 2.932325
20.019689 2.949288
19.882214 2.945793
19.762207 2.942743
19.978814 2.948249
20.382125 2.958502
20.605568 2.964182
20.356853 2.957859
20.356853 2.957859
20.872320 2.970963
20.974349 2.973556
20.707874 2.966782
20.732206 2.967401
20.713575 2.966927
20.909135 2.971898
20.851852 2.970442
20.906724 2.971837
20.906724 2.971837
20.926979 2.972352
21.051395 2.975515
21.043662 2.975318
21.117128 2.977186
20.322927 2.956997
20.119481 2.951825
20.164227 2.952962
20.037098 2.949731
20.203088 2.953950
20.526097 2.962161
20.532569 2.962326
19.687264 2.940838
19.657263 2.940075
19.649860 2.939887
20.240326 2.954897
20.764732 2.968228
20.510002 2.961752
20.510002 2.961752
20.495159 2.961375
20.701430 2.966618
20.801920 2.969173
20.384471 2.958561
20.384471 2.958561
20.363811 2.958036
20.449256 2.960208
20.577304 2.963463
20.565510 2.963163
20.778446 2.968576
21.131553 2.977552
21.126856 2.977433
21.071420 2.976024
21.396617 2.984290
21.277613 2.981265
20.989133 2.973932
20.936064 2.972583
20.650222 2.965317
20.381387 2.958483
19.799256 2.943685
19.774566 2.943057
19.774566 2.943057
19.211872 2.928753
19.109346 2.926147
19.232868 2.929287
19.232868 2.929287
19.984943 2.948405
19.966886 2.947946
19.966886 2.947946
19.896009 2.946144
19.987916 2.948480
19.881798 2.945783
19.876172 2.945640
19.322352 2.931561
19.322352 2.931561
19.566825 2.937776
19.098157 2.925862
18.898480 2.920786
18.732706 2.916572
18.734190 2.916610
18.724645 2.916367
18.692600 2.915553
18.673258 2.915061
18.535981 2.911571
18.565014 2.912309
18.352558 2.906909
18.343036 2.906667
18.390356 2.907870
18.236574 2.903960
18.228566 2.903757
18.368403 2.907312
18.280682 2.905082
18.172143 2.902322
18.172143 2.902322
18.138663 2.901471
18.195556 2.902918
18.440473 2.909144
18.440473 2.909144
18.344103 2.906694
18.581511 2.912729
18.613569 2.913544
18.613569 2.913544
18.613569 2.913544
19.240593 2.929483
19.275866 2.930380
19.402502 2.933599
19.451119 2.934835
19.450189 2.934811
19.359356 2.932502
19.273845 2.930328
19.258724 2.929944
19.257873 2.929922
19.288611 2.930704
19.483570 2.935660
19.373004 2.932849
19.366603 2.932686
19.360631 2.932535
19.317224 2.931431
19.322824 2.931573
19.315476 2.931387
19.323605 2.931593
19.329614 2.931746
19.654652 2.940009
19.707709 2.941357
19.699072 2.941138
19.180630 2.927959
19.115497 2.926303
20.783025 2.968693
20.753104 2.967932
20.732185 2.967400
20.741138 2.967628
20.855538 2.970536
20.855538 2.970536
20.855538 2.970536
20.692918 2.966402
20.345405 2.957568
20.317231 2.956852
20.321066 2.956949
20.304189 2.956520
18.603022 2.913276
17.541718 2.886297
17.541718 2.886297
17.723792 2.890925
17.779168 2.892333
17.835881 2.893775
17.857011 2.894312
17.794780 2.892730
17.742674 2.891405
17.767824 2.892044
17.659934 2.889302
17.621355 2.888321
17.542822 2.886325
17.338194 2.881123
18.281195 2.905095
18.348619 2.906809
18.148015 2.901709
18.177991 2.902471
18.639276 2.914197
18.639276 2.914197
18.616816 2.913626
18.564348 2.912293
18.573572 2.912527
18.576167 2.912593
18.473737 2.909989
17.850877 2.894156
18.007908 2.898148
17.983385 2.897524
17.974776 2.897305
17.993346 2.897777
18.142124 2.901559
18.825332 2.918927
18.695457 2.915625
18.815209 2.918670
18.891744 2.920615
18.966604 2.922518
18.966604 2.922518
19.065909 2.925043
18.549626 2.911918
18.780079 2.917777
18.689038 2.915462
18.282492 2.905128
18.256417 2.904465
17.550257 2.886514
17.548620 2.886472
17.864187 2.894494
17.559874 2.886758
17.559285 2.886743
17.559285 2.886743
17.568461 2.886977
17.578645 2.887235
17.549538 2.886495
17.486509 2.884893
17.539020 2.886228
16.891452 2.869767
16.650573 2.863643
16.311553 2.855025
16.333477 2.855583
16.345309 2.855883
16.345309 2.855883
16.380370 2.856775
16.815761 2.867842
16.728530 2.865625
16.717099 2.865334
16.638079 2.863326
16.638079 2.863326
16.639795 2.863369
16.711479 2.865192
16.719723 2.865401
16.740036 2.865917
16.729835 2.865658
16.729835 2.865658
16.729835 2.865658
16.713083 2.865232
16.636216 2.863278
16.662885 2.863956
16.726612 2.865576
16.644305 2.863484
16.663292 2.863967
16.669877 2.864134
17.010696 2.872798
17.078114 2.874512
17.078114 2.874512
16.669334 2.864120
16.705481 2.865039
16.806377 2.867604
16.478094 2.859259
16.606469 2.862522
16.606784 2.862530
16.495029 2.859689
16.523753 2.860419
16.509871 2.860067
16.577038 2.861774
16.621523 2.862905
16.621523 2.862905
16.633109 2.863199
17.246835 2.878801
17.135374 2.875967
17.065130 2.874182
17.417974 2.883151
17.539033 2.886228
17.512845 2.885563
17.554887 2.886631
17.045382 2.873680
16.927548 2.870684
16.955551 2.871396
17.205861 2.877759
17.081822 2.874606
17.047909 2.873744
17.114848 2.875445
17.064371 2.874162
16.876087 2.869376
16.917640 2.870432
16.962918 2.871583
16.962918 2.871583
16.907262 2.870168
16.925622 2.870635
16.884672 2.869594
17.143609 2.876177
17.047659 2.873737
17.137303 2.876016
17.137303 2.876016
16.657047 2.863808
16.657047 2.863808
16.783138 2.867013
16.705742 2.865046
17.045150 2.873674
17.045150 2.873674
17.057031 2.873976
17.204873 2.877734
17.223212 2.878200
17.179067 2.877078
17.439036 2.883686
17.464858 2.884343
17.452825 2.884037
17.556782 2.886680
17.286847 2.879818
17.285882 2.879793
17.142959 2.876160
16.794923 2.867313
16.684366 2.864502
16.698661 2.864866
16.754433 2.866283
17.114315 2.875432
17.069371 2.874289
17.102282 2.875126
17.123605 2.875668
17.385125 2.882316
17.385125 2.882316
17.297986 2.880101
17.300851 2.880174
17.409719 2.882941
17.396611 2.882608
17.383130 2.882265
17.383130 2.882265
17.418432 2.883163
17.497898 2.885183
17.532768 2.886069
17.502420 2.885298
17.757341 2.891778
17.791535 2.892647
18.113732 2.900838
18.006907 2.898122
18.070170 2.899730
18.124270 2.901106
17.862398 2.894449
17.904166 2.895510
17.765729 2.891991
17.756672 2.891761
17.815780 2.893264
18.023224 2.898537
18.023224 2.898537
18.023224 2.898537
18.023224 2.898537
18.182080 2.902575
18.374977 2.907479
18.345223 2.906722
18.319876 2.906078
18.554043 2.912031
18.566329 2.912343
18.633811 2.914058
18.669602 2.914968
18.458986 2.909614
18.465434 2.909778
18.465434 2.909778
18.594044 2.913047
18.594044 2.913047
18.728340 2.916461
18.728340 2.916461
18.685017 2.915360
18.803406 2.918370
18.774709 2.917640
18.763334 2.917351
18.763334 2.917351
18.854984 2.919681
18.848353 2.919512
19.006575 2.923534
19.000771 2.923387
19.074401 2.925258
19.074401 2.925258
19.089624 2.925645
19.089624 2.925645
19.055694 2.924783
19.106689 2.926079
19.104309 2.926019
18.610563 2.913467
18.425987 2.908775
18.402119 2.908169
18.490339 2.910411
18.540789 2.911694
18.520630 2.911181
18.545526 2.911814
18.494009 2.910504
18.229354 2.903777
18.229076 2.903770
18.453653 2.909479
18.450113 2.909389
18.422277 2.908681
18.383044 2.907684
18.383044 2.907684
18.464198 2.909747
18.464198 2.909747
18.407831 2.908314
18.464934 2.909765
18.464934 2.909765
18.403885 2.908213
18.397302 2.908046
18.395770 2.908007
18.395770 2.908007
18.334387 2.906447
18.334387 2.906447
18.334387 2.906447
18.142702 2.901574
18.047381 2.899151
17.837865 2.893825
18.185789 2.902669
17.970570 2.897198
17.958457 2.896890
17.676202 2.889715
17.661025 2.889330
17.678669 2.889778
17.698959 2.890294
17.693825 2.890163
17.671387 2.889593
17.674457 2.889671
17.683187 2.889893
17.713307 2.890659
17.782946 2.892429
17.763941 2.891946
17.633401 2.888627
17.905314 2.895540
18.018254 2.898411
18.111703 2.900786
18.310167 2.905831
18.297721 2.905515
18.221244 2.903571
18.321700 2.906124
18.208310 2.903242
17.940458 2.896433
17.359518 2.881665
17.323927 2.880760
17.347624 2.881363
17.348542 2.881386
17.348542 2.881386
17.553718 2.886602
17.293642 2.879990
17.377042 2.882111
17.350423 2.881434
17.345131 2.881299
17.345131 2.881299
17.073787 2.874402
17.082496 2.874623
17.055280 2.873931
16.892188 2.869785
16.859838 2.868963
16.827686 2.868146
16.856384 2.868875
16.913264 2.870321
16.913264 2.870321
16.673451 2.864225
16.699515 2.864887
16.695047 2.864774
16.789479 2.867174
16.742688 2.865985
16.701726 2.864944
16.694605 2.864763
16.694605 2.864763
17.495435 2.885120
17.489773 2.884976
17.298075 2.880103
17.492069 2.885035
17.539062 2.886229
17.506379 2.885398
17.529628 2.885989
17.380778 2.882206
16.772351 2.866739
16.739085 2.865893
16.726631 2.865577
16.742629 2.865983
17.045438 2.873681
16.920175 2.870497
17.047144 2.873724
17.035474 2.873428
17.110572 2.875337
17.120622 2.875592
17.120622 2.875592
17.144053 2.876188
17.144053 2.876188
17.147562 2.876277
17.184946 2.877227
17.146114 2.876240
17.165637 2.876736
17.213775 2.877960
17.171121 2.876876
17.197905 2.877557
17.237437 2.878562
17.383456 2.882274
17.417341 2.883135
17.400581 2.882709
17.474190 2.884580
17.496634 2.885151
17.523363 2.885830
17.358704 2.881644
17.387926 2.882387
17.300583 2.880167
17.338684 2.881135
17.362552 2.881742
17.442921 2.883785
17.529094 2.885976
17.383673 2.882279
17.341274 2.881201
17.395063 2.882569
17.424937 2.883328
16.758380 2.866384
16.824793 2.868072
17.000101 2.872528
16.801069 2.867469
16.667613 2.864076
16.667613 2.864076
16.912032 2.870290
16.912032 2.870290
16.920925 2.870516
16.887008 2.869654
16.965667 2.871653
17.079368 2.874544
17.142293 2.876143
17.168970 2.876821
17.397936 2.882642
17.397936 2.882642
17.523766 2.885840
17.523766 2.885840
17.523766 2.885840
17.654247 2.889157
17.654247 2.889157
17.636410 2.888704
17.195159 2.877487
17.193903 2.877455
16.762950 2.866500
16.762950 2.866500
16.734318 2.865772
16.699841 2.864896
16.691638 2.864687
16.691638 2.864687
16.919165 2.870471
18.063742 2.899567
17.992308 2.897751
18.054181 2.899324
17.571219 2.887047
17.551250 2.886539
17.521513 2.885783
17.518056 2.885695
17.472039 2.884525
17.483304 2.884812
17.535486 2.886138
17.166033 2.876747
17.166033 2.876747
17.167869 2.876793
17.204983 2.877737
17.047101 2.873723
16.934857 2.870870
16.798653 2.867408
16.729375 2.865646
16.704160 2.865006
16.704160 2.865006
16.657949 2.863831
16.656598 2.863796
16.359289 2.856239
16.432559 2.858101
16.439214 2.858270
16.452094 2.858598
16.501963 2.859866
16.506033 2.859969
16.505343 2.859951
16.498024 2.859765
16.469899 2.859050
16.551011 2.861112
16.626763 2.863038
16.626763 2.863038
16.666302 2.864043
16.610633 2.862628
16.569161 2.861574
16.631420 2.863156
16.637265 2.863305
16.637265 2.863305
16.707485 2.865090
16.698311 2.864857
16.498127 2.859768
16.557173 2.861269
16.473431 2.859140
16.590845 2.862125
16.590845 2.862125
16.586968 2.862026
16.583214 2.861931
16.583214 2.861931
16.755838 2.866319
16.521017 2.860350
16.371698 2.856554
16.501752 2.859860
16.522627 2.860391
16.405176 2.857405
16.777600 2.866872
16.618745 2.862834
16.618745 2.862834
16.664956 2.864009
16.663840 2.863981
16.663840 2.863981
16.674157 2.864243
16.458622 2.858764
16.257761 2.853658
16.033946 2.847968
16.016711 2.847530
16.068415 2.848844
16.034927 2.847993
16.036887 2.848043
16.036887 2.848043
15.980499 2.846610
16.279186 2.854202
16.111460 2.849939
16.036857 2.848042
16.089130 2.849371
16.095941 2.849544
16.096383 2.849555
16.045041 2.848250
16.091878 2.849441
16.582359 2.861909
16.668290 2.864094
16.753747 2.866266
16.794655 2.867306
16.829657 2.868196
16.841173 2.868488
15.046702 2.822872
15.134816 2.825112
15.122324 2.824794
15.112336 2.824540
15.189596 2.826504
15.211784 2.827068
15.211784 2.827068
15.310482 2.829577
15.310482 2.829577
15.420053 2.832363
15.500393 2.834405
15.334821 2.830196
15.212289 2.827081
15.232007 2.827582
15.195970 2.826666
15.159492 2.825739
15.195867 2.826664
15.200787 2.826789
15.200787 2.826789
15.200787 2.826789
14.762925 2.815658
14.804640 2.816719
14.654293 2.812897
14.643656 2.812626
14.667626 2.813236
14.555948 2.810397
14.555948 2.810397
14.555948 2.810397
14.555948 2.810397
14.594578 2.811379
14.801017 2.816626
14.781611 2.816133
14.743070 2.815153
14.867644 2.818320
14.917672 2.819592
14.958641 2.820633
14.800971 2.816625
14.554914 2.810370
14.522842 2.809555
14.522842 2.809555
14.310987 2.804170
14.412052 2.806739
14.412052 2.806739
14.273427 2.803215
14.330610 2.804668
14.422972 2.807016
14.597566 2.811455
14.611603 2.811811
14.636891 2.812454
14.657917 2.812989
14.642237 2.812590
14.644382 2.812645
14.648658 2.812753
14.648658 2.812753
14.651009 2.812813
14.528733 2.809705
14.664734 2.813162
14.666943 2.813218
14.666943 2.813218
14.549462 2.810232
14.562891 2.810573
14.566642 2.810669
14.638537 2.812496
14.707316 2.814245
14.807560 2.816793
14.815010 2.816982
14.834636 2.817481
14.921481 2.819689
14.924868 2.819775
14.945743 2.820306
15.013477 2.822027
15.003108 2.821764
15.190098 2.826517
15.152557 2.825563
15.162199 2.825808
15.169914 2.826004
15.169914 2.826004
15.298044 2.829261
15.279390 2.828787
15.095731 2.824118
15.175933 2.826157
15.430984 2.832641
15.420450 2.832373
15.466781 2.833551
15.430582 2.832630
15.420960 2.832386
15.396230 2.831757
15.235229 2.827664
15.280510 2.828815
15.419425 2.832347
15.258314 2.828251
15.238845 2.827756
15.238845 2.827756
15.268087 2.828500
15.205461 2.826908
15.173817 2.826103
15.225858 2.827426
15.175165 2.826138
15.198920 2.826741
15.218676 2.827244
15.061221 2.823241
15.004572 2.821801
15.004572 2.821801
14.890555 2.818903
17.156347 2.876500
17.615746 2.888179
17.623524 2.888376
17.632014 2.888592
17.679560 2.889801
17.673087 2.889636
17.597362 2.887711
17.596544 2.887690
17.613792 2.888129
17.762785 2.891916
17.762785 2.891916
17.753443 2.891679
17.760167 2.891850
17.762701 2.891914
15.493957 2.834241
15.314293 2.829674
15.154875 2.825622
15.098124 2.824179
15.112768 2.824551
15.118186 2.824689
15.122203 2.824791
15.131597 2.825030
15.077166 2.823646
15.119367 2.824719
15.108038 2.824431
15.113878 2.824580
15.160367 2.825761
15.156497 2.825663
14.801406 2.816636
14.814982 2.816981
14.823332 2.817194
14.806029 2.816754
14.833792 2.817460
14.507488 2.809165
14.596822 2.811436
14.595829 2.811410
14.595829 2.811410
14.595829 2.811410
14.431668 2.807237
14.520138 2.809486
14.262769 2.802944
14.741639 2.815117
14.741639 2.815117
14.913819 2.819494
14.912322 2.819456
14.909960 2.819396
15.055002 2.823083
15.083208 2.823800
15.235076 2.827661
15.405518 2.831993
15.454711 2.833244
15.451861 2.833171
15.448288 2.833080
15.425720 2.832507
15.390121 2.831602
15.390121 2.831602
15.415181 2.832239
15.412358 2.832167
15.412358 2.832167
15.634616 2.837817
15.634616 2.837817
15.616748 2.837363
15.613522 2.837281
15.673096 2.838795
15.671621 2.838758
15.530684 2.835175
15.377380 2.831278
15.374802 2.831212
15.465084 2.833507
15.449425 2.833109
15.579950 2.836427
15.624345 2.837556
15.638443 2.837914
15.617568 2.837384
15.551951 2.835716
15.527809 2.835102
15.186762 2.826432
15.172260 2.826064
15.046675 2.822871
15.097668 2.824168
15.097668 2.824168
15.085253 2.823852
15.090487 2.823985
15.090487 2.823985
15.085526 2.823859
15.359705 2.830829
15.379236 2.831325
15.357088 2.830762
15.380122 2.831348
15.310625 2.829581
15.418440 2.832322
15.499452 2.834381
15.561294 2.835953
15.613520 2.837281
15.566880 2.836095
15.440713 2.832888
15.261732 2.828338
15.340886 2.830350
15.347237 2.830512
15.546666 2.835581
15.547313 2.835598
15.935400 2.845463
15.898026 2.844513
15.809390 2.842260
15.955144 2.845965
15.937231 2.845510
15.707422 2.839668
15.782452 2.841575
15.691048 2.839252
15.872366 2.843861
16.004817 2.847228
15.946364 2.845742
15.930309 2.845334
15.830372 2.842793
15.895862 2.844458
15.895862 2.844458
15.848747 2.843260
15.982756 2.846667
15.982729 2.846666
15.882750 2.844125
15.869018 2.843776
15.887929 2.844256
15.840238 2.843044
16.064365 2.848742
16.167793 2.851371
16.194886 2.852059
16.440786 2.858310
16.449064 2.858521
16.517661 2.860265
16.495133 2.859692
16.493700 2.859655
16.537505 2.860769
16.536714 2.860749
16.504221 2.859923
16.471973 2.859103
16.438276 2.858247
16.324628 2.855358
16.396306 2.857180
16.380319 2.856773
16.380319 2.856773
16.378051 2.856716
16.415871 2.857677
16.415871 2.857677
16.405794 2.857421
16.435183 2.858168
16.345831 2.855897
16.345831 2.855897
16.394529 2.857134
16.387980 2.856968
16.378453 2.856726
16.370329 2.856519
16.134251 2.850518
16.221711 2.852741
15.743919 2.840596
15.750784 2.840770
15.862866 2.843619
15.572173 2.836230
15.695957 2.839376
15.512682 2.834717
15.608753 2.837160
15.669739 2.838710
15.098688 2.824193
15.031694 2.822490
15.015813 2.822087
15.066012 2.823363
15.094544 2.824088
15.134471 2.825103
15.150495 2.825510
15.178335 2.826218
15.202279 2.826827
15.202279 2.826827
15.215110 2.827153
15.231034 2.827558
15.340776 2.830347
15.302868 2.829384
15.236446 2.827695
15.299530 2.829299
15.291084 2.829084
15.431244 2.832647
15.494689 2.834260
15.494689 2.834260
15.409309 2.832090
15.399857 2.831849
15.344666 2.830446
15.462237 2.833435
15.457409 2.833312
15.502742 2.834465
15.502742 2.834465
15.368950 2.831064
15.654595 2.838325
15.654595 2.838325
15.654595 2.838325
15.654595 2.838325
15.406476 2.832018
15.401300 2.831886
15.638687 2.837921
15.635209 2.837832
15.661046 2.838489
15.659829 2.838458
15.445642 2.833013
15.202591 2.826835
15.094365 2.824084
15.046600 2.822869
14.982864 2.821249
14.982864 2.821249
14.981493 2.821214
14.964171 2.820774
14.964171 2.820774
14.922617 2.819718
14.739538 2.815064
14.431401 2.807231
14.426661 2.807110
14.373329 2.805754
14.593295 2.811346
14.675319 2.813431
14.675319 2.813431
14.764506 2.815698
14.884135 2.818739
14.884135 2.818739
14.898687 2.819109
14.959511 2.820655
14.962230 2.820725
15.086199 2.823876
15.086199 2.823876
14.868356 2.818338
14.435787 2.807342
14.454595 2.807820
14.498994 2.808949
14.484499 2.808580
14.504055 2.809078
14.525679 2.809627
14.553014 2.810322
14.459030 2.807933
14.294242 2.803744
14.430185 2.807200
14.446492 2.807614
14.472045 2.808264
14.418067 2.806892
14.398601 2.806397
14.399541 2.806421
14.399541 2.806421
14.416381 2.806849
14.455683 2.807848
14.491737 2.808764
14.514013 2.809331
14.524783 2.809604
14.544808 2.810114
14.719813 2.814562
14.781344 2.816126
14.449295 2.807686
14.209479 2.801589
14.207847 2.801548
14.207847 2.801548
14.224127 2.801962
14.418450 2.806901
14.491571 2.808760
14.537916 2.809938
14.537916 2.809938
14.537916 2.809938
14.537916 2.809938
14.570988 2.810779
14.424583 2.807057
14.418998 2.806915
14.418998 2.806915
14.440800 2.807470
14.504426 2.809087
14.536024 2.809890
14.341717 2.804951
14.286583 2.803549
14.226767 2.802029
14.305957 2.804042
14.672889 2.813369
14.597832 2.811461
14.597832 2.811461
14.530462 2.809749
14.435692 2.807340
14.435303 2.807330
14.459202 2.807937
14.392446 2.806240
14.416931 2.806863
14.435455 2.807334
14.458816 2.807928
14.458816 2.807928
14.448128 2.807656
14.469641 2.808203
14.447572 2.807642
14.447572 2.807642
14.401375 2.806467
14.639881 2.812530
14.639881 2.812530
14.637658 2.812474
14.622615 2.812091
14.781658 2.816134
14.707355 2.814246
14.760750 2.815603
14.787803 2.816291
14.799383 2.816585
14.748280 2.815286
15.001271 2.821717
14.989701 2.821423
15.000115 2.821688
15.000551 2.821699
14.990296 2.821438
14.901418 2.819179
15.350297 2.830590
15.360215 2.830842
14.985091 2.821306
14.954790 2.820535
14.956462 2.820578
14.848797 2.817841
14.844665 2.817736
14.844665 2.817736
14.845796 2.817765
15.277827 2.828747
15.129813 2.824985
15.199586 2.826758
14.732363 2.814881
14.965427 2.820806
14.918286 2.819608
14.919767 2.819645
14.941517 2.820198
14.878575 2.818598
14.863394 2.818212
14.887063 2.818814
14.887063 2.818814
14.887063 2.818814
14.883263 2.818717
14.883263 2.818717
14.966279 2.820828
14.987852 2.821376
14.984846 2.821300
14.923926 2.819751
14.968319 2.820879
14.825308 2.817244
15.879769 2.844049
15.590111 2.836686
15.509778 2.834644
15.622035 2.837497
15.622035 2.837497
15.561823 2.835967
15.499169 2.834374
15.661821 2.838509
15.692242 2.839282
15.657716 2.838404
15.553305 2.835750
15.631789 2.837745
15.665722 2.838608
15.691335 2.839259
15.743510 2.840585
15.719033 2.839963
15.711407 2.839769
15.711407 2.839769
15.804770 2.842142
15.861972 2.843597
15.936585 2.845493
15.892067 2.844362
16.006007 2.847258
15.963295 2.846172
16.029793 2.847863
16.029793 2.847863
16.020021 2.847614
16.016804 2.847533
16.034065 2.847971
16.140119 2.850667
16.038929 2.848095
16.036896 2.848043
16.039776 2.848116
16.985244 2.872151
17.016721 2.872951
17.016721 2.872951
17.044064 2.873646
17.061422 2.874087
17.161820 2.876639
17.163824 2.876690
17.111645 2.875364
17.124698 2.875696
17.030768 2.873308
17.102741 2.875138
16.635571 2.863262
16.625781 2.863013
16.625781 2.863013
16.700532 2.864913
16.730309 2.865670
16.724488 2.865522
16.728277 2.865619
17.000883 2.872548
17.052120 2.873851
17.063416 2.874138
16.980657 2.872034
16.967948 2.871711
17.039214 2.873523
17.100987 2.875093
17.175012 2.876975
17.240141 2.878630
17.275966 2.879541
17.305551 2.880293
17.330375 2.880924
17.258194 2.879089
17.193182 2.877437
15.056884 2.823131
15.117878 2.824681
15.068284 2.823421
14.971888 2.820970
15.008508 2.821901
15.733308 2.840326
15.682715 2.839040
15.686422 2.839134
15.839688 2.843030
15.859879 2.843543
15.859879 2.843543
15.848802 2.843262
15.872603 2.843867
15.872603 2.843867
15.872603 2.843867
15.872603 2.843867
15.874818 2.843923
15.882329 2.844114
15.882329 2.844114
15.825569 2.842671
15.825569 2.842671
15.757958 2.840952
15.730127 2.840245
15.839530 2.843026
15.753802 2.840847
15.765623 2.841147
15.765623 2.841147
15.765623 2.841147
15.801310 2.842055
15.801310 2.842055
15.972528 2.846407
15.971267 2.846375
15.981357 2.846631
15.902008 2.844614
16.171254 2.851459
16.481302 2.859340
16.514308 2.860179
16.472831 2.859125
16.472831 2.859125
16.487063 2.859487
16.222468 2.852761
16.266145 2.853871
16.275320 2.854104
16.481748 2.859352
16.456769 2.858717
16.292568 2.854543
16.348092 2.855954
16.672885 2.864210
16.672885 2.864210
16.672885 2.864210
16.343950 2.855849
16.343950 2.855849
16.362030 2.856308
16.333203 2.855576
16.425765 2.857929
16.547757 2.861030
16.536402 2.860741
16.640538 2.863388
16.663684 2.863977
16.892914 2.869804
16.979212 2.871997
16.979212 2.871997
16.969020 2.871738
16.961662 2.871551
17.005903 2.872676
17.093333 2.874899
17.715550 2.890716
17.714456 2.890688
17.590881 2.887546
17.590881 2.887546
17.620861 2.888309
17.620861 2.888309
17.635149 2.888672
17.545761 2.886399
17.529933 2.885997
17.521791 2.885790
17.404164 2.882800
17.408720 2.882916
17.407862 2.882894
17.181013 2.877127
17.181013 2.877127
17.291371 2.879933
17.226424 2.878282
17.226424 2.878282
17.226424 2.878282
17.226424 2.878282
17.205606 2.877753
17.205606 2.877753
17.179997 2.877102
17.187194 2.877285
17.174439 2.876960
17.139619 2.876075
17.100470 2.875080
17.007427 2.872715
16.991285 2.872304
16.991295 2.872305
16.990475 2.872284
17.016788 2.872953
17.074688 2.874425
17.065404 2.874189
16.847067 2.868638
16.902543 2.870048
16.902543 2.870048
16.913958 2.870339
16.920035 2.870493
16.920035 2.870493
16.964558 2.871625
16.944801 2.871123
16.952764 2.871325
16.827596 2.868143
16.829036 2.868180
16.829020 2.868180
16.990591 2.872287
17.081461 2.874597
17.102263 2.875126
17.120159 2.875580
17.063820 2.874148
17.128920 2.875803
17.084576 2.874676
17.084576 2.874676
17.084576 2.874676
17.067113 2.874232
16.966516 2.871675
16.970692 2.871781
16.993901 2.872371
16.922747 2.870562
16.941673 2.871043
17.161889 2.876641
17.160429 2.876604
17.160429 2.876604
17.171263 2.876880
17.171263 2.876880
17.146764 2.876257
16.995767 2.872418
17.341955 2.881219
17.347568 2.881361
17.341822 2.881215
17.564775 2.886883
17.626497 2.888452
17.627098 2.888467
17.649820 2.889045
17.736354 2.891244
17.797460 2.892798
17.801305 2.892896
17.784739 2.892474
17.182618 2.877168
17.169750 2.876841
17.169750 2.876841
17.169750 2.876841
17.360312 2.881685
17.368810 2.881901
17.050297 2.873804
16.973631 2.871856
17.004247 2.872634
16.957507 2.871446
16.957507 2.871446
20.583994 2.963633
20.581830 2.963578
20.606182 2.964197
21.021068 2.974744
20.745399 2.967736
20.826251 2.969791
20.815311 2.969513
20.883077 2.971236
20.883077 2.971236
17.170453 2.876859
17.170453 2.876859
17.166090 2.876748
17.184522 2.877217
17.184522 2.877217
17.184522 2.877217
17.200963 2.877635
17.200963 2.877635
17.200963 2.877635
17.152407 2.876400
17.209372 2.877848
17.154544 2.876455
17.163094 2.876672
18.518899 2.911137
18.534810 2.911542
18.534810 2.911542
18.566696 2.912352
17.779412 2.892339
17.779412 2.892339
17.779412 2.892339
17.917616 2.895852
17.899543 2.895393
18.003118 2.898026
18.003118 2.898026
17.607119 2.887959
17.601958 2.887828
18.262277 2.904614
18.348264 2.906800
18.348264 2.906800
18.327401 2.906269
18.289026 2.905294
18.471501 2.909932
18.544432 2.911786
18.544432 2.911786
18.551413 2.911964
18.606063 2.913353
18.593912 2.913044
18.567126 2.912363
18.555576 2.912070
18.663317 2.914808
18.663317 2.914808
18.669535 2.914966
18.470489 2.909907
18.426973 2.908800
18.434766 2.908998
18.434766 2.908998
18.466765 2.909812
18.461980 2.909690
18.508919 2.910884
18.893607 2.920663
18.939186 2.921821
18.806997 2.918461
18.792782 2.918099
18.784840 2.917898
18.685497 2.915372
18.670185 2.914983
18.714172 2.916101
18.736744 2.916675
18.752550 2.917077
18.762159 2.917321
18.730375 2.916513
18.656328 2.914631
18.658423 2.914684
18.646770 2.914388
18.549874 2.911925
18.555062 2.912057
18.546285 2.911833
18.562687 2.912250
18.555372 2.912064
18.587903 2.912891
18.582502 2.912754
18.581300 2.912723
18.469264 2.909875
18.453849 2.909484
18.449191 2.909365
18.484992 2.910275
18.903431 2.920912
18.817757 2.918734
18.719168 2.916228
18.719168 2.916228
18.719997 2.916249
18.343101 2.906668
18.381479 2.907644
18.350048 2.906845
18.350048 2.906845
18.134723 2.901371
18.093380 2.900320
18.093380 2.900320
18.080711 2.899998
17.884721 2.895016
17.868164 2.894595
17.858187 2.894342
17.858187 2.894342
17.892592 2.895216
17.850455 2.894145
17.858329 2.894345
18.007725 2.898143
17.861458 2.894425
17.874252 2.894750
18.318986 2.906055
18.298400 2.905532
18.278556 2.905028
18.231099 2.903821
18.231099 2.903821
18.265117 2.904686
18.158942 2.901987
17.795795 2.892755
17.795795 2.892755
17.786862 2.892528
18.000742 2.897965
18.000634 2.897963
18.018896 2.898427
18.104522 2.900604
18.104522 2.900604
18.104522 2.900604
18.104522 2.900604
18.145967 2.901657
18.145967 2.901657
18.145967 2.901657
18.460575 2.909655
17.592001 2.887575
17.300750 2.880171
17.300750 2.880171
17.287735 2.879840
17.299349 2.880136
17.311679 2.880449
17.366880 2.881852
17.335003 2.881042
17.547570 2.886445
17.582389 2.887331
17.576787 2.887188
17.603101 2.887857
17.632749 2.888611
17.646553 2.888962
17.646553 2.888962
17.627215 2.888470
17.627215 2.888470
17.470779 2.884493
17.371243 2.881963
18.434842 2.909000
18.431102 2.908905
18.153626 2.901852
18.194327 2.902886
18.319493 2.906068
21.486108 2.986565
21.475519 2.986296
21.507672 2.987114
21.391422 2.984158
18.075147 2.899857
18.099930 2.900487
18.094755 2.900355
18.143344 2.901590
18.133299 2.901335
18.006723 2.898117
18.006723 2.898117
17.994294 2.897801
17.998132 2.897899
18.019391 2.898439
18.024907 2.898580
18.052971 2.899293
18.061434 2.899508
18.165060 2.902142
18.180271 2.902529
18.165901 2.902164
18.143167 2.901586
18.251443 2.904338
18.251443 2.904338
18.303851 2.905671
18.014452 2.898314
18.206491 2.903196
18.197358 2.902963
17.969607 2.897174
17.975119 2.897314
17.893794 2.895247
17.777141 2.892281
17.816745 2.893288
17.611657 2.888075
18.420525 2.908636
18.419639 2.908614
18.417349 2.908556
18.374348 2.907463
18.445030 2.909259
18.446787 2.909304
18.446787 2.909304
18.607473 2.913389
18.491572 2.910443
18.477063 2.910074
18.519245 2.911146
18.519245 2.911146
18.518485 2.911127
18.423561 2.908714
18.423561 2.908714
18.421025 2.908649
18.557121 2.912109
18.557121 2.912109
18.548784 2.911897
18.548784 2.911897
18.515304 2.911046
18.526636 2.911334
18.526636 2.911334
18.469034 2.909870
18.339372 2.906574
17.585712 2.887415
17.713840 2.890672
17.608122 2.887985
17.644340 2.888905
17.647539 2.888987
17.619626 2.888277
17.619626 2.888277
17.691886 2.890114
17.796988 2.892786
17.754633 2.891709
17.730328 2.891091
18.001007 2.897972
18.001007 2.897972
18.086710 2.900151
18.051115 2.899246
17.965098 2.897059
17.955487 2.896815
17.962631 2.896997
18.014490 2.898315
18.072298 2.899784
18.175127 2.902398
18.268742 2.904778
18.285211 2.905197
18.299743 2.905566
18.331435 2.906372
18.331435 2.906372
18.356429 2.907007
18.356429 2.907007
18.282784 2.905135
18.269961 2.904809
18.342572 2.906655
17.998090 2.897898
17.997417 2.897881
17.782919 2.892428
17.782919 2.892428
17.775531 2.892240
17.800988 2.892888
17.782427 2.892416
17.747699 2.891533
17.678576 2.889776
17.678576 2.889776
17.748876 2.891563
17.619043 2.888262
17.592827 2.887596
17.617349 2.888219
17.617349 2.888219
17.569259 2.886997
17.600735 2.887797
17.600735 2.887797
17.635218 2.888674
17.552868 2.886580
16.899590 2.869973
16.793206 2.867269
16.804125 2.867547
16.829383 2.868189
16.829383 2.868189
16.829383 2.868189
17.062600 2.874117
17.038572 2.873506
17.040025 2.873543
17.046207 2.873701
17.068522 2.874268
17.545730 2.886399
17.594220 2.887631
17.594220 2.887631
17.596756 2.887696
17.602019 2.887830
17.597635 2.887718
17.563119 2.886841
17.365683 2.881822
17.365049 2.881806
17.326451 2.880825
17.383835 2.882283
17.320878 2.880683
17.323899 2.880760
17.336953 2.881091
17.379310 2.882168
17.450471 2.883977
17.450443 2.883976
17.446603 2.883879
17.227099 2.878299
16.883094 2.869554
16.910699 2.870256
16.904815 2.870106
16.885627 2.869618
16.733042 2.865740
16.638228 2.863329
16.612618 2.862678
16.572372 2.861655
16.519597 2.860314
16.514206 2.860177
16.516427 2.860233
16.517872 2.860270
16.453555 2.858635
16.673820 2.864234
16.720269 2.865415
16.720269 2.865415
16.720269 2.865415
16.716188 2.865311
16.725627 2.865551
16.896697 2.869900
16.904407 2.870096
16.793935 2.867288
16.479948 2.859306
16.479948 2.859306
16.663526 2.863973
16.639337 2.863358
16.635497 2.863260
16.640231 2.863380
16.576354 2.861757
16.666042 2.864036
16.849746 2.868706
16.827891 2.868151
16.834075 2.868308
16.912890 2.870312
16.814385 2.867807
16.814385 2.867807
16.687526 2.864583
16.653195 2.863710
16.402159 2.857328
16.402159 2.857328
16.516736 2.860241
16.525008 2.860451
16.524679 2.860443
16.494951 2.859687
16.349954 2.856001
16.281689 2.854266
16.271227 2.854000
16.271227 2.854000
16.286318 2.854384
16.286318 2.854384
16.295920 2.854628
16.326882 2.855415
16.332834 2.855566
16.326214 2.855398
16.325243 2.855373
16.325243 2.855373
16.294472 2.854591
16.299173 2.854710
16.316537 2.855152
16.292968 2.854553
16.148717 2.850886
16.148717 2.850886
16.220605 2.852713
16.133250 2.850493
16.133250 2.850493
16.126204 2.850314
16.076598 2.849052
16.109831 2.849897
16.104688 2.849767
16.104688 2.849767
16.308691 2.854952
16.349954 2.856001
16.354534 2.856118
16.492819 2.859633
16.492819 2.859633
16.394418 2.857132
16.372641 2.856578
16.475766 2.859200
16.475766 2.859200
16.533219 2.860660
16.379526 2.856753
16.367639 2.856451
16.447417 2.858479
16.429989 2.858036
16.401594 2.857314
16.442829 2.858362
16.499903 2.859813
16.496393 2.859724
16.025218 2.847746
16.025218 2.847746
16.423858 2.857880
16.461860 2.858846
16.476113 2.859208
16.476113 2.859208
16.470805 2.859073
16.470724 2.859071
16.465565 2.858940
16.441518 2.858329
16.532209 2.860634
16.938711 2.870968
16.983786 2.872114
16.985984 2.872170
17.118410 2.875536
17.135060 2.875959
17.252286 2.878939
17.084035 2.874662
17.098577 2.875032
17.095785 2.874961
17.087963 2.874762
17.125370 2.875713
17.096509 2.874979
17.106526 2.875234
17.211877 2.877912
17.259400 2.879120
17.279606 2.879634
17.242740 2.878697
16.706784 2.865072
16.822159 2.868005
16.833312 2.868289
16.829039 2.868180
16.829039 2.868180
16.860228 2.868973
16.793579 2.867279
16.709542 2.865142
16.718790 2.865377
16.718790 2.865377
16.694965 2.864772
16.293202 2.854559
16.642338 2.863434
16.645673 2.863519
15.977499 2.846533
15.977499 2.846533
15.948023 2.845784
15.943377 2.845666
15.942139 2.845634
16.023090 2.847692
16.163480 2.851261
16.163688 2.851266
16.257728 2.853657
16.257728 2.853657
16.357534 2.856194
16.341966 2.855798
16.349914 2.856000
16.404416 2.857386
16.411654 2.857570
16.457450 2.858734
16.334942 2.855620
16.940455 2.871012
16.973147 2.871843
16.997703 2.872468
17.096320 2.874974
17.086506 2.874725
17.082439 2.874622
17.219644 2.878109
17.196318 2.877516
17.209229 2.877845
17.172476 2.876910
17.225618 2.878261
17.186246 2.877260
17.169172 2.876826
17.169172 2.876826
17.169854 2.876844
17.139555 2.876073
17.133833 2.875928
17.161950 2.876643
17.143975 2.876186
17.141511 2.876123
17.125048 2.875705
17.288232 2.879853
17.282826 2.879716
17.142781 2.876155
17.122541 2.875641
17.303176 2.880233
17.768953 2.892073
18.030191 2.898714
18.150735 2.901778
18.193444 2.902864
18.301234 2.905604
18.147371 2.901693
18.294284 2.905427
18.384227 2.907714
18.102535 2.900553
18.007027 2.898125
17.900906 2.895427
17.900906 2.895427
17.824603 2.893488
17.814286 2.893226
17.909024 2.895634
17.735095 2.891212
17.724748 2.890949
17.724748 2.890949
17.569137 2.886994
17.528608 2.885963
17.444880 2.883835
17.444880 2.883835
17.302052 2.880204
17.095915 2.874964
17.035316 2.873424
17.015449 2.872919
17.017075 2.872960
16.974521 2.871878
16.974521 2.871878
17.000753 2.872545
17.013123 2.872860
17.012061 2.872833
17.163333 2.876678
17.560973 2.886786
17.498614 2.885201
17.637304 2.888727
17.637304 2.888727
17.814121 2.893221
17.998028 2.897896
18.063168 2.899552
18.175906 2.902418
18.178911 2.902495
18.178911 2.902495
18.558950 2.912155
18.376352 2.907514
18.317275 2.906012
17.945067 2.896550
17.947443 2.896610
17.921889 2.895961
17.977008 2.897362
18.040400 2.898973
18.040400 2.898973
18.329677 2.906327
18.179504 2.902510
18.043602 2.899055
18.043602 2.899055
18.059196 2.899451
17.898679 2.895371
17.912902 2.895732
18.030279 2.898716
18.023308 2.898539
18.439222 2.909112
18.441542 2.909171
17.781324 2.892388
18.639647 2.914207
18.607895 2.913400
18.583581 2.912781
18.643342 2.914301
18.986040 2.923012
19.000219 2.923373
19.131621 2.926713
19.458468 2.935022
18.778658 2.917740
18.820257 2.918798
18.897477 2.920761
18.904656 2.920943
18.904656 2.920943
18.904656 2.920943
18.872882 2.920136
18.861827 2.919855
19.088537 2.925618
18.924274 2.921442
18.568270 2.912392
18.568270 2.912392
18.628329 2.913919
18.558526 2.912145
18.853760 2.919650
18.781283 2.917807
18.781283 2.917807
18.765195 2.917398
19.057828 2.924837
19.056092 2.924793
19.087834 2.925600
19.145284 2.927060
18.916231 2.921238
18.910297 2.921087
18.910863 2.921101
18.962260 2.922408
18.962062 2.922403
18.997203 2.923296
18.981351 2.922893
18.981351 2.922893
18.996574 2.923280
19.084176 2.925507
18.977589 2.922797
19.078218 2.925355
19.072121 2.925200
19.072121 2.925200
18.825811 2.918939
18.569193 2.912416
18.561606 2.912223
18.561606 2.912223
18.476926 2.910070
18.447467 2.909321
18.442542 2.909196
18.633850 2.914059
18.635539 2.914102
18.521578 2.911205
18.625259 2.913841
18.634847 2.914085
18.638738 2.914184
18.638738 2.914184
18.646596 2.914383
18.670776 2.914998
18.648523 2.914432
18.558416 2.912142
18.556444 2.912092
18.682743 2.915302
18.538617 2.911638
18.529755 2.911413
18.551154 2.911957
18.433828 2.908975
18.444432 2.909244
18.555371 2.912064
18.564948 2.912308
18.612762 2.913523
18.433794 2.908974
18.447953 2.909334
18.430119 2.908880
18.409758 2.908363
18.050315 2.899226
18.312842 2.905899
18.208955 2.903258
18.244406 2.904159
18.227186 2.903722
18.124910 2.901122
18.041522 2.899002
18.041522 2.899002
18.061047 2.899498
17.881473 2.894933
17.848016 2.894083
17.729959 2.891082
17.727258 2.891013
17.717831 2.890774
17.710322 2.890583
17.711826 2.890621
17.712082 2.890627
17.991950 2.897742
18.008371 2.898159
18.063593 2.899563
18.050835 2.899239
18.085385 2.900117
18.107390 2.900676
18.124635 2.901115
17.951758 2.896720
17.933472 2.896255
17.926907 2.896088
17.920132 2.895916
17.925527 2.896053
17.802588 2.892928
17.652630 2.889116
17.582301 2.887328
17.564584 2.886878
17.564584 2.886878
17.627752 2.888484
17.549097 2.886484
17.549021 2.886482
17.436375 2.883619
17.250518 2.878894
19.083032 2.925478
19.364493 2.932633
19.282825 2.930557
19.207159 2.928633
19.281154 2.930514
18.949355 2.922080
19.037949 2.924332
19.166422 2.927598
19.155584 2.927322
19.304270 2.931102
19.259608 2.929966
19.431809 2.934344
19.282340 2.930544
19.274943 2.930356
19.208696 2.928672
19.210896 2.928728
19.271096 2.930259
19.271096 2.930259
18.458579 2.909604
18.452250 2.909443
18.310334 2.905835
18.307443 2.905762
18.328939 2.906308
18.328939 2.906308
18.310839 2.905848
16.440833 2.858312
16.429835 2.858032
16.464527 2.858914
16.492860 2.859634
16.512682 2.860138
16.495495 2.859701
16.502054 2.859868
16.501038 2.859842
16.497393 2.859749
16.542567 2.860898
16.561631 2.861382
16.522590 2.860390
16.108424 2.849862
16.108424 2.849862
16.159673 2.851164
16.042184 2.848178
16.047446 2.848311
16.021527 2.847653
15.687502 2.839161
15.671286 2.838749
15.714997 2.839860
15.684343 2.839081
15.659571 2.838451
15.552929 2.835741
15.552929 2.835741
15.367146 2.831018
15.383970 2.831446
15.375316 2.831226
15.364824 2.830959
15.359211 2.830816
15.359211 2.830816
15.251696 2.828083
15.325674 2.829964
15.409629 2.832098
15.338809 2.830297
15.319267 2.829801
15.251526 2.828079
15.293559 2.829147
15.440905 2.832893
15.447523 2.833061
15.422067 2.832414
15.207864 2.826969
15.183200 2.826342
15.248011 2.827989
15.268586 2.828512
15.266925 2.828470
15.309812 2.829560
15.309812 2.829560
15.364524 2.830951
15.331372 2.830108
15.364564 2.830952
15.156478 2.825663
15.166084 2.825907
15.714499 2.839848
15.684421 2.839083
15.630537 2.837713
15.630537 2.837713
15.595578 2.836825
15.629827 2.837695
15.605443 2.837075
15.582561 2.836494
15.508848 2.834620
15.657332 2.838395
15.855596 2.843435
15.670263 2.838723
15.665716 2.838608
15.695757 2.839371
15.656622 2.838376
15.631540 2.837739
15.643806 2.838051
15.719516 2.839975
15.750206 2.840755
15.790739 2.841786
15.785509 2.841653
15.707853 2.839679
15.558473 2.835881
15.560191 2.835925
15.560191 2.835925
15.613018 2.837268
15.647867 2.838154
15.661581 2.838503
15.654937 2.838334
15.662242 2.838519
15.662242 2.838519
15.662242 2.838519
15.769919 2.841257
15.920392 2.845082
15.894607 2.844426
16.392610 2.857086
16.392610 2.857086
16.382577 2.856831
16.436709 2.858207
16.436709 2.858207
16.430011 2.858036
16.368894 2.856483
16.534189 2.860685
16.440844 2.858312
16.287698 2.854419
16.245412 2.853344
16.288413 2.854437
16.374328 2.856621
16.366954 2.856434
16.381408 2.856801
16.381699 2.856808
15.868495 2.843762
15.946268 2.845739
15.790500 2.841780
15.703250 2.839562
15.547158 2.835594
15.570156 2.836178
15.801109 2.842049
15.939643 2.845571
15.939643 2.845571
15.940951 2.845604
16.020793 2.847634
16.020793 2.847634
16.028265 2.847824
16.028265 2.847824
15.756261 2.840909
15.901900 2.844612
15.911875 2.844865
15.763861 2.841103
15.737880 2.840442
15.741379 2.840531
15.827952 2.842732
15.845281 2.843172
15.823730 2.842624
15.808180 2.842229
15.804601 2.842138
15.724783 2.840109
15.732136 2.840296
15.506915 2.834571
15.557073 2.835846
15.540308 2.835420
15.550430 2.835677
15.592478 2.836746
15.592766 2.836753
15.659262 2.838444
15.646879 2.838129
15.698025 2.839429
15.633173 2.837780
15.651204 2.838239
15.651204 2.838239
15.641462 2.837991
15.758025 2.840954
15.758025 2.840954
15.758025 2.840954
15.778954 2.841486
15.792611 2.841833
17.921163 2.895942
17.921163 2.895942
17.854351 2.894244
17.760516 2.891859
17.703966 2.890421
17.725185 2.890961
17.727656 2.891023
17.727656 2.891023
17.732331 2.891142
17.735540 2.891224
17.540980 2.886278
17.540980 2.886278
17.532478 2.886062
17.521667 2.885787
17.522839 2.885817
17.509841 2.885486
17.436472 2.883621
17.422757 2.883273
17.403729 2.882789
17.400675 2.882711
17.400675 2.882711
17.400675 2.882711
17.530941 2.886023
17.501720 2.885280
17.501720 2.885280
17.526311 2.885905
17.560587 2.886776
17.580174 2.887274
17.566102 2.886917
17.484906 2.884853
17.484906 2.884853
17.463886 2.884318
17.463886 2.884318
17.462128 2.884273
17.557128 2.886688
17.557128 2.886688
17.784055 2.892457
17.824396 2.893483
17.600655 2.887795
17.610894 2.888055
17.556234 2.886666
17.624457 2.888400
17.605216 2.887911
17.619414 2.888272
17.688943 2.890039
17.733123 2.891162
17.733123 2.891162
17.711358 2.890609
17.678151 2.889765
17.746923 2.891513
17.762768 2.891916
17.689329 2.890049
17.653965 2.889150
17.676336 2.889719
17.687783 2.890010
17.623149 2.888367
17.623149 2.888367
17.651938 2.889099
17.651938 2.889099
17.658007 2.889253
17.686695 2.889982
17.601826 2.887825
17.593555 2.887614
17.612521 2.888097
17.501328 2.885270
17.558466 2.886722
17.387752 2.882383
17.367491 2.881868
17.363125 2.881757
17.942513 2.896485
16.502464 2.859878
16.502464 2.859878
16.476248 2.859212
16.424714 2.857902
16.452068 2.858597
16.407564 2.857466
16.403982 2.857375
16.399960 2.857273
16.410269 2.857535
16.416423 2.857691
16.381442 2.856802
16.374515 2.856626
16.374515 2.856626
16.335847 2.855643
16.335847 2.855643
16.047710 2.848318
16.069162 2.848863
16.069162 2.848863
16.089566 2.849382
16.058525 2.848593
16.103089 2.849726
15.876008 2.843953
15.817677 2.842471
15.817677 2.842471
15.827460 2.842719
15.822439 2.842592
15.737131 2.840423
15.819651 2.842521
15.902812 2.844635
16.692519 2.864710
16.692231 2.864702
16.678427 2.864351
16.759356 2.866409
16.749965 2.866170
16.788877 2.867159
16.788877 2.867159
16.754852 2.866294
16.803520 2.867531
16.717266 2.865339
16.715265 2.865288
16.735290 2.865797
16.630515 2.863133
16.660648 2.863899
16.729702 2.865655
16.835893 2.868354
16.809760 2.867690
16.829585 2.868194
16.829585 2.868194
16.822276 2.868008
16.822276 2.868008
16.831232 2.868236
17.167244 2.876777
17.122066 2.875629
17.120914 2.875600
17.141631 2.876126
17.129528 2.875819
17.213720 2.877959
17.072713 2.874374
17.028230 2.873244
17.031536 2.873328
17.031536 2.873328
17.008909 2.872752
17.021928 2.873083
16.997592 2.872465
17.019787 2.873029
17.006542 2.872692
16.995247 2.872405
17.061104 2.874079
17.057347 2.873984
16.983609 2.872109
16.417310 2.857714
16.411065 2.857555
16.397581 2.857212
16.401133 2.857302
16.446561 2.858457
16.446561 2.858457
16.494996 2.859688
16.494996 2.859688
16.516819 2.860243
16.612463 2.862674
16.662737 2.863952
16.650795 2.863649
16.568928 2.861568
16.568928 2.861568
16.551175 2.861117
16.622647 2.862933
16.589378 2.862088
16.635569 2.863262
16.667328 2.864069
16.649881 2.863626
16.627433 2.863055
16.360180 2.856261
16.419588 2.857772
16.419588 2.857772
16.419588 2.857772
16.431066 2.858063
16.390204 2.857025
16.433180 2.858117
16.405469 2.857413
16.575575 2.861737
16.586206 2.862007
16.628999 2.863095
16.532511 2.860642
16.612217 2.862668
16.541662 2.860875
16.711109 2.865182
16.694360 2.864756
16.694360 2.864756
17.004618 2.872643
17.004618 2.872643
16.649122 2.863606
16.652710 2.863698
16.641558 2.863414
16.621375 2.862901
16.645723 2.863520
16.644542 2.863490
16.509291 2.860052
16.594932 2.862229
16.628823 2.863090
16.576079 2.861750
16.564362 2.861452
16.482743 2.859377
16.659404 2.863868
16.314387 2.855097
16.312285 2.855044
16.312285 2.855044
16.312285 2.855044
16.305366 2.854868
16.305366 2.854868
16.328166 2.855447
16.337963 2.855697
16.335976 2.855646
16.350756 2.856022
16.590506 2.862116
16.636333 2.863281
16.652485 2.863692
16.090255 2.849400
16.115065 2.850030
16.115065 2.850030
16.120817 2.850177
16.135435 2.850548
16.151719 2.850962
16.178470 2.851642
16.259317 2.853697
16.226332 2.852859
16.235873 2.853101
16.280813 2.854244
16.306303 2.854892
16.328746 2.855462
16.243632 2.853299
16.232860 2.853025
16.473807 2.859150
16.417733 2.857724
16.532859 2.860651
16.542679 2.860901
17.708670 2.890541
17.668019 2.889507
17.677774 2.889755
17.659778 2.889298
17.638186 2.888749
17.584205 2.887377
17.645644 2.888939
17.999665 2.897938
17.818176 2.893324
17.981834 2.897485
17.931918 2.896216
18.118535 2.900960
18.029338 2.898692
18.109454 2.900729
17.987015 2.897616
17.971516 2.897222
17.962053 2.896982
17.962053 2.896982
17.960486 2.896942
17.940035 2.896422
17.902755 2.895474
17.912457 2.895721
17.885559 2.895037
17.869344 2.894625
17.854705 2.894253
17.581266 2.887302
17.532984 2.886075
17.532984 2.886075
17.528948 2.885972
17.603799 2.887875
17.489473 2.884969
17.507288 2.885421
17.564242 2.886869
17.514572 2.885607
17.504898 2.885361
17.453870 2.884064
17.480218 2.884733
17.397283 2.882625
17.408273 2.882904
17.413607 2.883040
17.508790 2.885460
16.191199 2.851966
16.150680 2.850936
16.112024 2.849953
16.178793 2.851650
16.175508 2.851567
16.226910 2.852874
16.126558 2.850323
16.285060 2.854352
16.254978 2.853587
16.326164 2.855397
16.277482 2.854159
16.277482 2.854159
16.216113 2.852599
16.164441 2.851286
16.203255 2.852272
16.301357 2.854766
16.237929 2.853154
15.667870 2.838662
15.815011 2.842403
15.815011 2.842403
15.969535 2.846331
15.919850 2.845068
15.885893 2.844205
15.953663 2.845927
15.972916 2.846417
15.972916 2.846417
15.907977 2.844766
15.915768 2.844964
15.689722 2.839218
15.559263 2.835902
15.469204 2.833612
15.470216 2.833638
15.579930 2.836427
15.955353 2.845970
15.996479 2.847016
15.936128 2.845482
15.941921 2.845629
15.953464 2.845922
15.947764 2.845777
15.962221 2.846145
15.984025 2.846699
16.081934 2.849188
16.086151 2.849295
16.152035 2.850970
16.198184 2.852143
16.198184 2.852143
16.203031 2.852267
16.364029 2.856359
16.367555 2.856449
16.458331 2.858756
15.848517 2.843255
15.856276 2.843452
15.832749 2.842854
16.845977 2.868611
16.834172 2.868310
16.922559 2.870557
16.922559 2.870557
16.941404 2.871036
16.933861 2.870845
16.891674 2.869772
16.891038 2.869756
16.886538 2.869642
16.875645 2.869365
17.059187 2.874030
17.016029 2.872933
17.052216 2.873853
17.045705 2.873688
17.052797 2.873868
17.012904 2.872854
17.011456 2.872817
17.015516 2.872920
17.012024 2.872832
17.042059 2.873595
17.042059 2.873595
17.025341 2.873170
17.426391 2.883365
17.389612 2.882430
17.341614 2.881210
17.377080 2.882112
17.395989 2.882592
17.440566 2.883725
17.340569 2.881183
17.338088 2.881120
17.256445 2.879045
17.307405 2.880340
17.350185 2.881428
17.301175 2.880182
17.263739 2.879230
17.278266 2.879600
17.238160 2.878580
17.270800 2.879410
17.284693 2.879763
17.274725 2.879510
17.211921 2.877913
17.196110 2.877511
17.196748 2.877527
17.194709 2.877476
17.194414 2.877468
17.149963 2.876338
17.298039 2.880102
17.396756 2.882612
17.332508 2.880978
17.383857 2.882284
17.383857 2.882284
17.189612 2.877346
17.225707 2.878264
17.354339 2.881533
17.301109 2.880180
17.295379 2.880035
17.316579 2.880574
17.316579 2.880574
17.396621 2.882608
17.389312 2.882422
17.255255 2.879015
17.169258 2.876829
17.242190 2.878683
17.240132 2.878630
17.232587 2.878438
17.275084 2.879519
17.150314 2.876347
16.708388 2.865113
16.657518 2.863820
16.764747 2.866546
16.318484 2.855201
16.085989 2.849291
16.009709 2.847352
16.047753 2.848319
16.059707 2.848623
16.059333 2.848614
16.025803 2.847761
15.849734 2.843285
15.823610 2.842621
15.908031 2.844767
16.141851 2.850711
16.112012 2.849953
15.995244 2.846984
15.991023 2.846877
16.049577 2.848366
16.049577 2.848366
16.158323 2.851130
16.172191 2.851483
15.682356 2.839031
15.749035 2.840726
15.748122 2.840702
15.964360 2.846199
15.999405 2.847090
15.927626 2.845266
15.828837 2.842754
15.687481 2.839161
15.734807 2.840364
15.748384 2.840709
15.728340 2.840200
15.728340 2.840200
15.715239 2.839867
15.703670 2.839572
15.755743 2.840896
15.585244 2.836562
15.574530 2.836290
15.585507 2.836569
15.605687 2.837082
15.605661 2.837081
15.673222 2.838798
15.817554 2.842467
15.817554 2.842467
15.719257 2.839969
15.802711 2.842090
15.802109 2.842075
15.813117 2.842355
15.736478 2.840406
15.734494 2.840356
15.720247 2.839994
15.694300 2.839334
15.640409 2.837964
15.627024 2.837624
15.599195 2.836917
15.531970 2.835208
15.502423 2.834457
15.465872 2.833527
15.732462 2.840304
15.732462 2.840304
15.728056 2.840192
15.730334 2.840250
15.717239 2.839917
15.717239 2.839917
15.737876 2.840442
15.752543 2.840815
15.709374 2.839717
15.698282 2.839435
15.680704 2.838989
15.681889 2.839019
15.717179 2.839916
15.775098 2.841388
15.795592 2.841909
15.821526 2.842568
15.809637 2.842266
15.783071 2.841591
15.805667 2.842165
15.733955 2.840342
15.738579 2.840460
15.771317 2.841292
15.948387 2.845793
15.848642 2.843258
15.990114 2.846854
15.990114 2.846854
15.990114 2.846854
15.484280 2.833995
15.784271 2.841621
15.653176 2.838289
15.743522 2.840586
15.763115 2.841084
15.763181 2.841085
15.700748 2.839498
15.792855 2.841840
15.791495 2.841805
15.808275 2.842232
15.844919 2.843163
15.844919 2.843163
15.866451 2.843710
15.844690 2.843157
15.884808 2.844177
15.884808 2.844177
15.924065 2.845175
15.924065 2.845175
15.924065 2.845175
15.457661 2.833319
15.431596 2.832656
15.469018 2.833607
15.494108 2.834245
15.663539 2.838552
15.462922 2.833453
15.427906 2.832562
15.385945 2.831496
15.402743 2.831923
15.313162 2.829646
15.401232 2.831884
15.445953 2.833021
15.454184 2.833230
15.522283 2.834961
15.554009 2.835768
15.514573 2.834765
15.498453 2.834356
15.512788 2.834720
15.312672 2.829633
15.299439 2.829297
15.422926 2.832436
15.379685 2.831337
15.108703 2.824448
15.142525 2.825308
15.146959 2.825421
15.145620 2.825387
14.790086 2.816349
14.798213 2.816555
14.933687 2.819999
15.018001 2.822142
15.022722 2.822262
14.873402 2.818467
14.873402 2.818467
15.782780 2.841583
15.782780 2.841583
16.014370 2.847471
16.030481 2.847880
16.115760 2.850048
16.522768 2.860394
16.522768 2.860394
16.447067 2.858470
16.397881 2.857220
16.278101 2.854175
16.346259 2.855907
16.296871 2.854652
16.220098 2.852700
16.220098 2.852700
16.238522 2.853169
16.182913 2.851755
16.193595 2.852027
16.193595 2.852027
16.478766 2.859276
16.514381 2.860181
16.607194 2.862541
16.607194 2.862541
16.607194 2.862541
16.606184 2.862515
16.604987 2.862484
16.680225 2.864397
16.397014 2.857198
16.215082 2.852573
16.174404 2.851539
16.232400 2.853013
16.232400 2.853013
16.217501 2.852634
16.112798 2.849973
16.150285 2.850926
16.166186 2.851330
16.312372 2.855046
16.312372 2.855046
16.312372 2.855046
16.228113 2.852904
16.222045 2.852750
16.305418 2.854869
16.249748 2.853454
16.276590 2.854136
16.187196 2.851864
16.187196 2.851864
16.176749 2.851598
16.409787 2.857522
16.410231 2.857534
16.579697 2.861842
16.565031 2.861469
16.460930 2.858822
16.426886 2.857957
16.461775 2.858844
16.461775 2.858844
16.458167 2.858752
16.593142 2.862183
16.632032 2.863172
16.728597 2.865627
16.812835 2.867768
16.763592 2.866516
16.592621 2.862170
16.560484 2.861353
16.512580 2.860135
16.486431 2.859471
16.486431 2.859471
16.564012 2.861443
16.503111 2.859895
16.492828 2.859633
16.453405 2.858631
16.505684 2.859960
16.521041 2.860351
16.563197 2.861422
16.574749 2.861716
16.482687 2.859376
16.294030 2.854580
16.406669 2.857443
16.456330 2.858705
16.471136 2.859082
16.471197 2.859083
16.777082 2.866859
16.435762 2.858183
16.343346 2.855833
