116.225035
110.859785
106.764208
105.124598
102.366621
94.252559
89.368822
85.458617
81.392099
80.435259
78.434805
75.978119
72.222527
68.817747
65.581295
59.784223
58.909831
58.311941
54.516916
50.508373
46.862916
44.714061
42.396244
39.137050
38.679404
38.335898
35.183900
35.647125
33.064775
33.082725
28.521738
27.211709
26.094876
25.923763
24.313880
18.074301
18.074301
17.655835
14.125397
14.878669
12.521682
12.521682
12.423732
15.234193
15.817782
15.817782
16.372127
16.372127
14.214683
10.140381
10.148721
8.221547
8.070075
8.070075
8.070075
7.321226
6.206434
4.243529
1.724449
2.072004
1.740314
-0.732231
0.496909
0.225797
0.769154
3.354746
3.660477
3.660477
3.660477
3.660477
6.751280
6.643748
6.269111
6.000121
5.404632
3.365407
1.515182
-0.530114
-1.622793
-2.160670
-1.974804
-2.787488
-3.839911
-4.392272
-4.392272
-4.392272
-4.430677
-4.430677
-4.776471
-6.237375
-6.237375
-6.316928
-6.544483
-7.979324
-7.488788
-7.488788
-7.488788
-7.488788
-7.917483
-8.812826
-8.518539
-8.225799
-7.877799
-7.877799
-9.401965
-9.401965
-9.479492
-9.304250
-9.271562
-9.550053
-9.550053
-9.270138
-9.270138
-9.447016
-9.118176
-9.082202
-8.341876
-8.348622
-8.605410
-8.577311
-8.577311
-8.577311
-8.666237
-8.975386
-8.694569
-8.700950
-8.444441
-9.028419
-8.581899
-8.479169
-8.984969
-8.986601
-9.123366
-8.758732
-8.758732
-8.758732
-10.363660
-6.857376
-8.369227
-8.369227
-10.480120
-10.439039
-11.136855
-10.676175
-10.701912
-14.595159
-14.595159
-15.726635
-15.726635
-15.714200
-17.733191
-19.394230
-20.399860
-22.048660
-20.109105
-20.109105
-20.022140
-20.647445
-20.595537
-20.595537
-20.605741
-20.477655
-20.477655
-20.387148
-22.627906
-22.981582
-24.459773
-24.459773
-23.589653
-23.589653
-24.843680
-25.151413
-25.701026
-25.701026
-25.613196
-25.613196
-25.613196
-25.851427
-27.001173
-27.387103
-27.884812
-26.929155
-29.886415
-29.886415
-29.886415
-30.947663
-30.856505
-30.856505
-30.856505
-30.375471
-29.904793
-29.904793
-29.904793
-29.904793
-29.904793
-30.692485
-30.728656
-30.195866
-30.844965
-30.561962
-30.543280
-30.298520
-31.161819
-31.118639
-31.983026
-33.668326
-32.002862
-32.002862
-32.086599
-32.086599
-31.908398
-30.804829
-31.797091
-31.176772
-31.176772
-31.806566
-30.000974
-30.000974
-30.000974
-30.713281
-31.685955
-32.779259
-34.904355
-35.002017
-35.002017
-34.988267
-37.940251
-37.940251
-42.874899
-42.874899
-43.194258
-43.088822
-43.088822
-43.448465
-41.137089
-41.946548
-41.717980
-42.468208
-45.515211
-46.658354
-46.741447
-46.777312
-46.832954
-47.031728
-47.031728
-49.117512
-50.291856
-50.291856
-50.291856
-50.254812
-49.780596
-49.895523
-51.195589
-51.149413
-50.711185
-50.711185
-50.711185
-50.711185
-51.176415
-51.176415
-52.359600
-52.483066
-50.679221
-51.414126
-51.413068
-52.701020
-52.666275
-53.706735
-53.482161
-54.228727
-54.105041
-53.270591
-53.270591
-52.147402
-52.147402
-52.147402
-52.151722
-50.609220
-50.636083
-50.520964
-50.825298
-50.938286
-54.018290
-54.690462
-54.796207
-54.638544
-55.767509
-57.633913
-57.404971
-57.417125
-57.417125
-57.836965
-57.964634
-57.839782
-57.600771
-57.600771
-57.600771
-58.197918
-58.197918
-58.932462
